8.710000000000000000e+02 1.703000000000000000e+03
8.620000000000000000e+02 1.472000000000000000e+03
8.600000000000000000e+02 1.515000000000000000e+03
8.180000000000000000e+02 1.273000000000000000e+03
8.620000000000000000e+02 1.414000000000000000e+03
8.620000000000000000e+02 1.334000000000000000e+03
8.620000000000000000e+02 1.137000000000000000e+03
5.010000000000000000e+02 1.103000000000000000e+03
8.600000000000000000e+02 1.020000000000000000e+03
8.600000000000000000e+02 9.510000000000000000e+02
8.620000000000000000e+02 6.510000000000000000e+02
8.710000000000000000e+02 1.715000000000000000e+03
8.710000000000000000e+02 1.724000000000000000e+03
8.700000000000000000e+02 1.730000000000000000e+03
8.720000000000000000e+02 1.728000000000000000e+03
8.730000000000000000e+02 1.741000000000000000e+03
8.720000000000000000e+02 1.756000000000000000e+03
8.720000000000000000e+02 1.774000000000000000e+03
8.560000000000000000e+02 1.857000000000000000e+03
8.610000000000000000e+02 1.498000000000000000e+03
8.080000000000000000e+02 1.491000000000000000e+03
3.050000000000000000e+02 8.850000000000000000e+02
6.440000000000000000e+02 1.138000000000000000e+03
5.970000000000000000e+02 1.145000000000000000e+03
5.480000000000000000e+02 1.148000000000000000e+03
4.800000000000000000e+02 1.122000000000000000e+03
6.820000000000000000e+02 1.128000000000000000e+03
5.560000000000000000e+02 1.022000000000000000e+03
6.130000000000000000e+02 1.024000000000000000e+03
5.040000000000000000e+02 1.031000000000000000e+03
4.730000000000000000e+02 1.049000000000000000e+03
4.400000000000000000e+02 1.158000000000000000e+03
6.640000000000000000e+02 1.938000000000000000e+03
4.790000000000000000e+02 1.091000000000000000e+03
2.910000000000000000e+02 1.124000000000000000e+03
3.790000000000000000e+02 1.124000000000000000e+03
6.080000000000000000e+02 1.395000000000000000e+03
8.070000000000000000e+02 1.694000000000000000e+03
8.120000000000000000e+02 1.721000000000000000e+03
7.500000000000000000e+02 1.702000000000000000e+03
7.080000000000000000e+02 1.709000000000000000e+03
7.620000000000000000e+02 1.720000000000000000e+03
7.220000000000000000e+02 1.719000000000000000e+03
6.230000000000000000e+02 1.749000000000000000e+03
8.180000000000000000e+02 1.469000000000000000e+03
8.110000000000000000e+02 1.413000000000000000e+03
4.070000000000000000e+02 1.024000000000000000e+03
7.120000000000000000e+02 1.252000000000000000e+03
6.960000000000000000e+02 1.438000000000000000e+03
6.940000000000000000e+02 1.405000000000000000e+03
4.630000000000000000e+02 1.381000000000000000e+03
8.150000000000000000e+02 1.339000000000000000e+03
5.230000000000000000e+02 9.810000000000000000e+02
4.530000000000000000e+02 9.950000000000000000e+02
3.570000000000000000e+02 7.940000000000000000e+02
7.480000000000000000e+02 1.019000000000000000e+03
6.640000000000000000e+02 1.040000000000000000e+03
5.840000000000000000e+02 1.695000000000000000e+03
3.520000000000000000e+02 1.648000000000000000e+03
7.320000000000000000e+02 1.471000000000000000e+03
7.720000000000000000e+02 1.488000000000000000e+03
6.510000000000000000e+02 1.719000000000000000e+03
6.620000000000000000e+02 1.719000000000000000e+03
4.270000000000000000e+02 9.630000000000000000e+02
6.920000000000000000e+02 1.459000000000000000e+03
6.200000000000000000e+02 9.860000000000000000e+02
6.090000000000000000e+02 9.450000000000000000e+02
5.700000000000000000e+02 6.760000000000000000e+02
3.970000000000000000e+02 8.650000000000000000e+02
6.020000000000000000e+02 7.950000000000000000e+02
3.780000000000000000e+02 9.980000000000000000e+02
3.420000000000000000e+02 9.350000000000000000e+02
8.090000000000000000e+02 1.710000000000000000e+03
7.560000000000000000e+02 1.712000000000000000e+03
7.150000000000000000e+02 1.715000000000000000e+03
7.430000000000000000e+02 1.480000000000000000e+03
6.570000000000000000e+02 1.719000000000000000e+03
6.840000000000000000e+02 1.727000000000000000e+03
6.680000000000000000e+02 1.720000000000000000e+03
7.600000000000000000e+02 1.460000000000000000e+03
7.280000000000000000e+02 1.723000000000000000e+03
7.680000000000000000e+02 1.724000000000000000e+03
8.160000000000000000e+02 1.727000000000000000e+03
7.880000000000000000e+02 1.853000000000000000e+03
8.100000000000000000e+02 1.771000000000000000e+03
8.120000000000000000e+02 1.753000000000000000e+03
8.150000000000000000e+02 1.738000000000000000e+03
8.180000000000000000e+02 1.725000000000000000e+03
7.300000000000000000e+02 1.722000000000000000e+03
7.230000000000000000e+02 1.727000000000000000e+03
7.150000000000000000e+02 1.735000000000000000e+03
7.090000000000000000e+02 1.745000000000000000e+03
6.410000000000000000e+02 1.605000000000000000e+03
2.940000000000000000e+02 1.364000000000000000e+03
8.610000000000000000e+02 1.507000000000000000e+03
6.990000000000000000e+02 1.721000000000000000e+03
6.920000000000000000e+02 1.724000000000000000e+03
7.900000000000000000e+02 1.510000000000000000e+03
7.090000000000000000e+02 1.491000000000000000e+03
7.810000000000000000e+02 1.499000000000000000e+03
6.600000000000000000e+02 1.282000000000000000e+03
5.790000000000000000e+02 1.319000000000000000e+03
6.840000000000000000e+02 1.427000000000000000e+03
4.420000000000000000e+02 7.220000000000000000e+02
4.810000000000000000e+02 8.160000000000000000e+02
5.050000000000000000e+02 9.410000000000000000e+02
6.660000000000000000e+02 1.789000000000000000e+03
7.290000000000000000e+02 9.560000000000000000e+02
7.240000000000000000e+02 7.910000000000000000e+02
7.040000000000000000e+02 6.540000000000000000e+02
5.060000000000000000e+02 1.140000000000000000e+03
3.880000000000000000e+02 1.195000000000000000e+03
7.060000000000000000e+02 1.118000000000000000e+03
4.270000000000000000e+02 1.070000000000000000e+03
7.470000000000000000e+02 1.217000000000000000e+03
7.290000000000000000e+02 1.423000000000000000e+03
3.370000000000000000e+02 1.235000000000000000e+03
4.260000000000000000e+02 1.234000000000000000e+03
4.920000000000000000e+02 1.256000000000000000e+03
5.890000000000000000e+02 1.246000000000000000e+03
6.580000000000000000e+02 1.222000000000000000e+03
7.060000000000000000e+02 1.199000000000000000e+03
8.120000000000000000e+02 1.149000000000000000e+03
3.490000000000000000e+02 1.353000000000000000e+03
3.880000000000000000e+02 1.066000000000000000e+03
8.340000000000000000e+02 1.495000000000000000e+03
7.140000000000000000e+02 1.311000000000000000e+03
2.730000000000000000e+02 1.112000000000000000e+03
7.430000000000000000e+02 1.175000000000000000e+03
6.800000000000000000e+02 1.427000000000000000e+03
4.570000000000000000e+02 1.095000000000000000e+03
7.280000000000000000e+02 1.383000000000000000e+03
3.160000000000000000e+02 1.502000000000000000e+03
7.010000000000000000e+02 1.099000000000000000e+03
7.700000000000000000e+02 1.355000000000000000e+03
4.520000000000000000e+02 1.795000000000000000e+03
4.550000000000000000e+02 1.857000000000000000e+03
3.030000000000000000e+02 1.361000000000000000e+03
3.960000000000000000e+02 1.713000000000000000e+03
3.140000000000000000e+02 1.019000000000000000e+03
6.510000000000000000e+02 1.996000000000000000e+03
8.380000000000000000e+02 1.504000000000000000e+03
6.680000000000000000e+02 1.351000000000000000e+03
3.400000000000000000e+02 1.129000000000000000e+03
5.530000000000000000e+02 1.114000000000000000e+03
5.940000000000000000e+02 1.113000000000000000e+03
6.770000000000000000e+02 1.732000000000000000e+03
3.600000000000000000e+02 1.467000000000000000e+03
7.450000000000000000e+02 2.075000000000000000e+03
5.910000000000000000e+02 1.994000000000000000e+03
5.270000000000000000e+02 1.938000000000000000e+03
8.610000000000000000e+02 7.940000000000000000e+02
8.550000000000000000e+02 2.086000000000000000e+03
6.330000000000000000e+02 1.108000000000000000e+03
6.690000000000000000e+02 1.101000000000000000e+03
6.910000000000000000e+02 1.100000000000000000e+03
3.530000000000000000e+02 1.051000000000000000e+03
6.560000000000000000e+02 1.068000000000000000e+03
6.130000000000000000e+02 1.055000000000000000e+03
5.700000000000000000e+02 1.054000000000000000e+03
5.280000000000000000e+02 1.063000000000000000e+03
5.030000000000000000e+02 1.075000000000000000e+03
2.800000000000000000e+02 9.840000000000000000e+02
5.230000000000000000e+02 1.110000000000000000e+03
8.600000000000000000e+02 1.562000000000000000e+03
6.910000000000000000e+02 1.576000000000000000e+03
7.330000000000000000e+02 1.463000000000000000e+03
7.870000000000000000e+02 1.563000000000000000e+03
8.610000000000000000e+02 1.074000000000000000e+03
5.150000000000000000e+02 1.874000000000000000e+03
5.790000000000000000e+02 1.936000000000000000e+03
7.420000000000000000e+02 2.037000000000000000e+03
4.010000000000000000e+02 1.767000000000000000e+03
6.860000000000000000e+02 1.087000000000000000e+03
7.800000000000000000e+02 1.240000000000000000e+03
8.550000000000000000e+02 2.048000000000000000e+03
6.610000000000000000e+02 2.042000000000000000e+03
3.230000000000000000e+02 1.487000000000000000e+03
7.700000000000000000e+02 1.723000000000000000e+03
7.640000000000000000e+02 1.732000000000000000e+03
7.580000000000000000e+02 1.745000000000000000e+03
7.550000000000000000e+02 1.760000000000000000e+03
7.190000000000000000e+02 1.826000000000000000e+03
6.890000000000000000e+02 1.719000000000000000e+03
6.820000000000000000e+02 1.717000000000000000e+03
6.760000000000000000e+02 1.714000000000000000e+03
6.030000000000000000e+02 1.646000000000000000e+03
4.250000000000000000e+02 1.502000000000000000e+03
7.810000000000000000e+02 1.179000000000000000e+03
7.430000000000000000e+02 1.075000000000000000e+03
7.080000000000000000e+02 1.074000000000000000e+03
6.980000000000000000e+02 1.721000000000000000e+03
4.160000000000000000e+02 1.636000000000000000e+03
7.900000000000000000e+02 1.082000000000000000e+03
6.910000000000000000e+02 1.880000000000000000e+03
8.620000000000000000e+02 1.266000000000000000e+03
8.150000000000000000e+02 1.213000000000000000e+03
8.620000000000000000e+02 1.202000000000000000e+03
7.440000000000000000e+02 1.330000000000000000e+03
8.550000000000000000e+02 1.989000000000000000e+03
8.560000000000000000e+02 1.918000000000000000e+03
7.710000000000000000e+02 1.913000000000000000e+03
5.740000000000000000e+02 1.771000000000000000e+03
6.380000000000000000e+02 1.472000000000000000e+03
6.280000000000000000e+02 1.833000000000000000e+03
5.290000000000000000e+02 1.460000000000000000e+03
5.930000000000000000e+02 1.529000000000000000e+03
4.860000000000000000e+02 1.549000000000000000e+03
7.520000000000000000e+02 1.981000000000000000e+03
7.130000000000000000e+02 1.358000000000000000e+03
5.310000000000000000e+02 1.812000000000000000e+03
5.970000000000000000e+02 1.879000000000000000e+03
5.350000000000000000e+02 1.700000000000000000e+03
3.730000000000000000e+02 1.564000000000000000e+03
4.750000000000000000e+02 1.703000000000000000e+03
3.490000000000000000e+02 1.603000000000000000e+03
5.520000000000000000e+02 1.600000000000000000e+03
7.480000000000000000e+02 1.275000000000000000e+03
7.440000000000000000e+02 1.450000000000000000e+03
7.110000000000000000e+02 1.458000000000000000e+03
7.670000000000000000e+02 1.416000000000000000e+03
7.020000000000000000e+02 1.039000000000000000e+03
6.170000000000000000e+02 1.014000000000000000e+03
5.440000000000000000e+02 1.009000000000000000e+03
4.840000000000000000e+02 1.018000000000000000e+03
4.440000000000000000e+02 1.039000000000000000e+03
4.240000000000000000e+02 1.111000000000000000e+03
2.900000000000000000e+02 1.241000000000000000e+03
4.700000000000000000e+02 1.180000000000000000e+03
5.240000000000000000e+02 1.195000000000000000e+03
5.920000000000000000e+02 1.191000000000000000e+03
6.520000000000000000e+02 1.177000000000000000e+03
6.970000000000000000e+02 1.161000000000000000e+03
7.280000000000000000e+02 1.148000000000000000e+03
2.810000000000000000e+02 1.236000000000000000e+03
7.110000000000000000e+02 1.470000000000000000e+03
7.790000000000000000e+02 1.296000000000000000e+03
7.800000000000000000e+02 1.458000000000000000e+03
8.060000000000000000e+02 1.484000000000000000e+03
7.800000000000000000e+02 1.465000000000000000e+03
7.240000000000000000e+02 1.486000000000000000e+03
8.170000000000000000e+02 1.491000000000000000e+03
8.200000000000000000e+02 1.500000000000000000e+03
7.200000000000000000e+02 1.105000000000000000e+03
7.520000000000000000e+02 1.123000000000000000e+03
7.710000000000000000e+02 1.139000000000000000e+03
4.890000000000000000e+02 1.084000000000000000e+03
4.540000000000000000e+02 1.069000000000000000e+03
9.050000000000000000e+02 1.273000000000000000e+03
1.228000000000000000e+03 1.099000000000000000e+03
9.130000000000000000e+02 1.491000000000000000e+03
1.410000000000000000e+03 8.920000000000000000e+02
1.071000000000000000e+03 1.132000000000000000e+03
1.119000000000000000e+03 1.140000000000000000e+03
1.170000000000000000e+03 1.146000000000000000e+03
1.245000000000000000e+03 1.117000000000000000e+03
1.034000000000000000e+03 1.121000000000000000e+03
1.173000000000000000e+03 1.026000000000000000e+03
1.113000000000000000e+03 1.027000000000000000e+03
1.224000000000000000e+03 1.034000000000000000e+03
1.255000000000000000e+03 1.049000000000000000e+03
1.280000000000000000e+03 1.155000000000000000e+03
1.046000000000000000e+03 1.941000000000000000e+03
1.252000000000000000e+03 1.085000000000000000e+03
1.426000000000000000e+03 1.134000000000000000e+03
1.341000000000000000e+03 1.120000000000000000e+03
1.109000000000000000e+03 1.398000000000000000e+03
9.330000000000000000e+02 1.690000000000000000e+03
9.270000000000000000e+02 1.718000000000000000e+03
9.880000000000000000e+02 1.694000000000000000e+03
1.028000000000000000e+03 1.699000000000000000e+03
9.740000000000000000e+02 1.713000000000000000e+03
1.014000000000000000e+03 1.711000000000000000e+03
1.088000000000000000e+03 1.750000000000000000e+03
9.050000000000000000e+02 1.470000000000000000e+03
9.120000000000000000e+02 1.414000000000000000e+03
1.321000000000000000e+03 1.024000000000000000e+03
1.007000000000000000e+03 1.253000000000000000e+03
1.025000000000000000e+03 1.439000000000000000e+03
1.027000000000000000e+03 1.406000000000000000e+03
1.254000000000000000e+03 1.386000000000000000e+03
9.090000000000000000e+02 1.339000000000000000e+03
1.208000000000000000e+03 9.940000000000000000e+02
1.278000000000000000e+03 1.002000000000000000e+03
1.360000000000000000e+03 8.000000000000000000e+02
9.770000000000000000e+02 1.033000000000000000e+03
1.061000000000000000e+03 1.041000000000000000e+03
1.128000000000000000e+03 1.697000000000000000e+03
1.363000000000000000e+03 1.657000000000000000e+03
9.880000000000000000e+02 1.472000000000000000e+03
9.480000000000000000e+02 1.489000000000000000e+03
1.085000000000000000e+03 1.709000000000000000e+03
1.075000000000000000e+03 1.710000000000000000e+03
1.303000000000000000e+03 9.670000000000000000e+02
1.027000000000000000e+03 1.460000000000000000e+03
1.108000000000000000e+03 1.001000000000000000e+03
1.121000000000000000e+03 9.610000000000000000e+02
1.154000000000000000e+03 6.780000000000000000e+02
1.320000000000000000e+03 8.710000000000000000e+02
1.118000000000000000e+03 7.970000000000000000e+02
1.347000000000000000e+03 9.940000000000000000e+02
1.373000000000000000e+03 9.420000000000000000e+02
9.310000000000000000e+02 1.706000000000000000e+03
9.810000000000000000e+02 1.705000000000000000e+03
1.021000000000000000e+03 1.706000000000000000e+03
9.760000000000000000e+02 1.481000000000000000e+03
1.080000000000000000e+03 1.710000000000000000e+03
1.053000000000000000e+03 1.720000000000000000e+03
1.069000000000000000e+03 1.711000000000000000e+03
9.620000000000000000e+02 1.461000000000000000e+03
1.007000000000000000e+03 1.716000000000000000e+03
9.680000000000000000e+02 1.720000000000000000e+03
9.220000000000000000e+02 1.725000000000000000e+03
9.240000000000000000e+02 1.854000000000000000e+03
9.310000000000000000e+02 1.769000000000000000e+03
9.300000000000000000e+02 1.751000000000000000e+03
9.280000000000000000e+02 1.736000000000000000e+03
9.230000000000000000e+02 1.723000000000000000e+03
1.007000000000000000e+03 1.716000000000000000e+03
1.015000000000000000e+03 1.722000000000000000e+03
1.023000000000000000e+03 1.730000000000000000e+03
1.028000000000000000e+03 1.740000000000000000e+03
1.073000000000000000e+03 1.607000000000000000e+03
1.420000000000000000e+03 1.375000000000000000e+03
1.037000000000000000e+03 1.714000000000000000e+03
1.046000000000000000e+03 1.717000000000000000e+03
9.300000000000000000e+02 1.511000000000000000e+03
1.009000000000000000e+03 1.491000000000000000e+03
9.390000000000000000e+02 1.500000000000000000e+03
1.058000000000000000e+03 1.284000000000000000e+03
1.139000000000000000e+03 1.322000000000000000e+03
1.036000000000000000e+03 1.429000000000000000e+03
1.278000000000000000e+03 7.260000000000000000e+02
1.237000000000000000e+03 8.200000000000000000e+02
1.227000000000000000e+03 9.520000000000000000e+02
1.045000000000000000e+03 1.791000000000000000e+03
9.980000000000000000e+02 9.720000000000000000e+02
9.970000000000000000e+02 7.920000000000000000e+02
1.021000000000000000e+03 6.560000000000000000e+02
1.216000000000000000e+03 1.138000000000000000e+03
1.330000000000000000e+03 1.195000000000000000e+03
1.012000000000000000e+03 1.112000000000000000e+03
1.298000000000000000e+03 1.068000000000000000e+03
9.730000000000000000e+02 1.218000000000000000e+03
9.930000000000000000e+02 1.424000000000000000e+03
1.380000000000000000e+03 1.243000000000000000e+03
1.291000000000000000e+03 1.236000000000000000e+03
1.223000000000000000e+03 1.259000000000000000e+03
1.126000000000000000e+03 1.246000000000000000e+03
1.057000000000000000e+03 1.219000000000000000e+03
1.011000000000000000e+03 1.198000000000000000e+03
9.100000000000000000e+02 1.149000000000000000e+03
1.368000000000000000e+03 1.361000000000000000e+03
1.334000000000000000e+03 1.063000000000000000e+03
8.890000000000000000e+02 1.496000000000000000e+03
1.006000000000000000e+03 1.312000000000000000e+03
1.441000000000000000e+03 1.121000000000000000e+03
9.770000000000000000e+02 1.176000000000000000e+03
1.039000000000000000e+03 1.428000000000000000e+03
1.271000000000000000e+03 1.088000000000000000e+03
9.940000000000000000e+02 1.384000000000000000e+03
1.399000000000000000e+03 1.513000000000000000e+03
1.019000000000000000e+03 1.094000000000000000e+03
9.520000000000000000e+02 1.356000000000000000e+03
1.262000000000000000e+03 1.801000000000000000e+03
1.257000000000000000e+03 1.862000000000000000e+03
1.415000000000000000e+03 1.372000000000000000e+03
1.321000000000000000e+03 1.721000000000000000e+03
1.403000000000000000e+03 1.028000000000000000e+03
1.058000000000000000e+03 1.999000000000000000e+03
8.830000000000000000e+02 1.504000000000000000e+03
1.050000000000000000e+03 1.352000000000000000e+03
1.379000000000000000e+03 1.124000000000000000e+03
1.170000000000000000e+03 1.112000000000000000e+03
1.124000000000000000e+03 1.108000000000000000e+03
1.060000000000000000e+03 1.725000000000000000e+03
1.357000000000000000e+03 1.475000000000000000e+03
9.650000000000000000e+02 2.076000000000000000e+03
1.119000000000000000e+03 1.996000000000000000e+03
1.185000000000000000e+03 1.941000000000000000e+03
1.085000000000000000e+03 1.101000000000000000e+03
1.048000000000000000e+03 1.094000000000000000e+03
1.027000000000000000e+03 1.094000000000000000e+03
1.365000000000000000e+03 1.045000000000000000e+03
1.067000000000000000e+03 1.064000000000000000e+03
1.112000000000000000e+03 1.054000000000000000e+03
1.159000000000000000e+03 1.055000000000000000e+03
1.202000000000000000e+03 1.063000000000000000e+03
1.227000000000000000e+03 1.072000000000000000e+03
1.435000000000000000e+03 9.920000000000000000e+02
1.203000000000000000e+03 1.107000000000000000e+03
1.026000000000000000e+03 1.577000000000000000e+03
9.870000000000000000e+02 1.464000000000000000e+03
9.320000000000000000e+02 1.564000000000000000e+03
1.197000000000000000e+03 1.879000000000000000e+03
1.131000000000000000e+03 1.940000000000000000e+03
9.670000000000000000e+02 2.039000000000000000e+03
1.314000000000000000e+03 1.773000000000000000e+03
1.035000000000000000e+03 1.082000000000000000e+03
9.420000000000000000e+02 1.241000000000000000e+03
1.049000000000000000e+03 2.044000000000000000e+03
1.396000000000000000e+03 1.497000000000000000e+03
9.680000000000000000e+02 1.719000000000000000e+03
9.760000000000000000e+02 1.729000000000000000e+03
9.810000000000000000e+02 1.741000000000000000e+03
9.850000000000000000e+02 1.757000000000000000e+03
9.920000000000000000e+02 1.828000000000000000e+03
1.047000000000000000e+03 1.710000000000000000e+03
1.054000000000000000e+03 1.707000000000000000e+03
1.060000000000000000e+03 1.704000000000000000e+03
1.110000000000000000e+03 1.648000000000000000e+03
1.292000000000000000e+03 1.508000000000000000e+03
9.400000000000000000e+02 1.180000000000000000e+03
9.790000000000000000e+02 1.075000000000000000e+03
1.014000000000000000e+03 1.072000000000000000e+03
1.038000000000000000e+03 1.714000000000000000e+03
1.300000000000000000e+03 1.643000000000000000e+03
9.320000000000000000e+02 1.090000000000000000e+03
1.019000000000000000e+03 1.882000000000000000e+03
9.080000000000000000e+02 1.213000000000000000e+03
9.770000000000000000e+02 1.331000000000000000e+03
9.400000000000000000e+02 1.914000000000000000e+03
1.137000000000000000e+03 1.774000000000000000e+03
1.079000000000000000e+03 1.473000000000000000e+03
1.083000000000000000e+03 1.835000000000000000e+03
1.187000000000000000e+03 1.464000000000000000e+03
1.123000000000000000e+03 1.531000000000000000e+03
1.229000000000000000e+03 1.554000000000000000e+03
9.580000000000000000e+02 1.983000000000000000e+03
1.007000000000000000e+03 1.359000000000000000e+03
1.180000000000000000e+03 1.817000000000000000e+03
1.114000000000000000e+03 1.882000000000000000e+03
1.178000000000000000e+03 1.704000000000000000e+03
1.345000000000000000e+03 1.572000000000000000e+03
1.239000000000000000e+03 1.709000000000000000e+03
1.370000000000000000e+03 1.613000000000000000e+03
1.162000000000000000e+03 1.604000000000000000e+03
9.720000000000000000e+02 1.276000000000000000e+03
9.770000000000000000e+02 1.451000000000000000e+03
1.009000000000000000e+03 1.459000000000000000e+03
9.550000000000000000e+02 1.417000000000000000e+03
1.023000000000000000e+03 1.043000000000000000e+03
1.109000000000000000e+03 1.020000000000000000e+03
1.185000000000000000e+03 1.016000000000000000e+03
1.245000000000000000e+03 1.023000000000000000e+03
1.282000000000000000e+03 1.039000000000000000e+03
1.299000000000000000e+03 1.105000000000000000e+03
1.427000000000000000e+03 1.251000000000000000e+03
1.249000000000000000e+03 1.178000000000000000e+03
1.194000000000000000e+03 1.195000000000000000e+03
1.124000000000000000e+03 1.189000000000000000e+03
1.063000000000000000e+03 1.171000000000000000e+03
1.020000000000000000e+03 1.156000000000000000e+03
9.900000000000000000e+02 1.145000000000000000e+03
1.432000000000000000e+03 1.246000000000000000e+03
1.009000000000000000e+03 1.471000000000000000e+03
9.420000000000000000e+02 1.297000000000000000e+03
9.420000000000000000e+02 1.459000000000000000e+03
9.160000000000000000e+02 1.485000000000000000e+03
9.420000000000000000e+02 1.467000000000000000e+03
9.950000000000000000e+02 1.486000000000000000e+03
9.050000000000000000e+02 1.491000000000000000e+03
9.000000000000000000e+02 1.500000000000000000e+03
1.000000000000000000e+03 1.100000000000000000e+03
9.680000000000000000e+02 1.122000000000000000e+03
9.500000000000000000e+02 1.141000000000000000e+03
1.242000000000000000e+03 1.080000000000000000e+03
1.273000000000000000e+03 1.066000000000000000e+03
5.690000000000000000e+02 1.081000000000000000e+03
6.210000000000000000e+02 1.078000000000000000e+03
5.670000000000000000e+02 1.037000000000000000e+03
5.170000000000000000e+02 1.084000000000000000e+03
5.710000000000000000e+02 1.125000000000000000e+03
1.155000000000000000e+03 1.072000000000000000e+03
1.210000000000000000e+03 1.074000000000000000e+03
1.158000000000000000e+03 1.026000000000000000e+03
1.100000000000000000e+03 1.069000000000000000e+03
1.153000000000000000e+03 1.119000000000000000e+03
0.000000000000000000e+00 0.000000000000000000e+00
1.749000000000000000e+03 0.000000000000000000e+00
1.749000000000000000e+03 2.187000000000000000e+03
0.000000000000000000e+00 2.187000000000000000e+03
8.700000000000000000e+01 0.000000000000000000e+00
8.700000000000000000e+01 2.187000000000000000e+03
0.000000000000000000e+00 1.090000000000000000e+02
1.749000000000000000e+03 1.090000000000000000e+02
1.750000000000000000e+02 0.000000000000000000e+00
1.750000000000000000e+02 2.187000000000000000e+03
0.000000000000000000e+00 2.180000000000000000e+02
1.749000000000000000e+03 2.180000000000000000e+02
2.620000000000000000e+02 0.000000000000000000e+00
2.620000000000000000e+02 2.187000000000000000e+03
0.000000000000000000e+00 3.280000000000000000e+02
1.749000000000000000e+03 3.280000000000000000e+02
3.500000000000000000e+02 0.000000000000000000e+00
3.500000000000000000e+02 2.187000000000000000e+03
0.000000000000000000e+00 4.370000000000000000e+02
1.749000000000000000e+03 4.370000000000000000e+02
4.370000000000000000e+02 0.000000000000000000e+00
4.370000000000000000e+02 2.187000000000000000e+03
0.000000000000000000e+00 5.470000000000000000e+02
1.749000000000000000e+03 5.470000000000000000e+02
5.250000000000000000e+02 0.000000000000000000e+00
5.250000000000000000e+02 2.187000000000000000e+03
0.000000000000000000e+00 6.560000000000000000e+02
1.749000000000000000e+03 6.560000000000000000e+02
6.120000000000000000e+02 0.000000000000000000e+00
6.120000000000000000e+02 2.187000000000000000e+03
0.000000000000000000e+00 7.650000000000000000e+02
1.749000000000000000e+03 7.650000000000000000e+02
7.000000000000000000e+02 0.000000000000000000e+00
7.000000000000000000e+02 2.187000000000000000e+03
0.000000000000000000e+00 8.750000000000000000e+02
1.749000000000000000e+03 8.750000000000000000e+02
7.870000000000000000e+02 0.000000000000000000e+00
7.870000000000000000e+02 2.187000000000000000e+03
0.000000000000000000e+00 9.840000000000000000e+02
1.749000000000000000e+03 9.840000000000000000e+02
8.750000000000000000e+02 0.000000000000000000e+00
8.750000000000000000e+02 2.187000000000000000e+03
0.000000000000000000e+00 1.094000000000000000e+03
1.749000000000000000e+03 1.094000000000000000e+03
9.620000000000000000e+02 0.000000000000000000e+00
9.620000000000000000e+02 2.187000000000000000e+03
0.000000000000000000e+00 1.203000000000000000e+03
1.749000000000000000e+03 1.203000000000000000e+03
1.050000000000000000e+03 0.000000000000000000e+00
1.050000000000000000e+03 2.187000000000000000e+03
0.000000000000000000e+00 1.312000000000000000e+03
1.749000000000000000e+03 1.312000000000000000e+03
1.137000000000000000e+03 0.000000000000000000e+00
1.137000000000000000e+03 2.187000000000000000e+03
0.000000000000000000e+00 1.422000000000000000e+03
1.749000000000000000e+03 1.422000000000000000e+03
1.225000000000000000e+03 0.000000000000000000e+00
1.225000000000000000e+03 2.187000000000000000e+03
0.000000000000000000e+00 1.531000000000000000e+03
1.749000000000000000e+03 1.531000000000000000e+03
1.312000000000000000e+03 0.000000000000000000e+00
1.312000000000000000e+03 2.187000000000000000e+03
0.000000000000000000e+00 1.641000000000000000e+03
1.749000000000000000e+03 1.641000000000000000e+03
1.400000000000000000e+03 0.000000000000000000e+00
1.400000000000000000e+03 2.187000000000000000e+03
0.000000000000000000e+00 1.750000000000000000e+03
1.749000000000000000e+03 1.750000000000000000e+03
1.487000000000000000e+03 0.000000000000000000e+00
1.487000000000000000e+03 2.187000000000000000e+03
0.000000000000000000e+00 1.859000000000000000e+03
1.749000000000000000e+03 1.859000000000000000e+03
1.575000000000000000e+03 0.000000000000000000e+00
1.575000000000000000e+03 2.187000000000000000e+03
0.000000000000000000e+00 1.969000000000000000e+03
1.749000000000000000e+03 1.969000000000000000e+03
1.662000000000000000e+03 0.000000000000000000e+00
1.662000000000000000e+03 2.187000000000000000e+03
0.000000000000000000e+00 2.078000000000000000e+03
1.749000000000000000e+03 2.078000000000000000e+03
