8.510000000000000000e+02 1.475000000000000000e+03
8.490000000000000000e+02 1.320000000000000000e+03
8.470000000000000000e+02 1.356000000000000000e+03
8.150000000000000000e+02 1.170000000000000000e+03
8.490000000000000000e+02 1.276000000000000000e+03
8.490000000000000000e+02 1.215000000000000000e+03
8.490000000000000000e+02 1.064000000000000000e+03
5.630000000000000000e+02 1.040000000000000000e+03
8.490000000000000000e+02 9.570000000000000000e+02
8.490000000000000000e+02 9.000000000000000000e+02
8.510000000000000000e+02 6.650000000000000000e+02
8.510000000000000000e+02 1.489000000000000000e+03
8.510000000000000000e+02 1.501000000000000000e+03
8.510000000000000000e+02 1.509000000000000000e+03
8.500000000000000000e+02 1.509000000000000000e+03
8.510000000000000000e+02 1.529000000000000000e+03
8.520000000000000000e+02 1.554000000000000000e+03
8.530000000000000000e+02 1.580000000000000000e+03
8.470000000000000000e+02 1.617000000000000000e+03
8.480000000000000000e+02 1.340000000000000000e+03
8.100000000000000000e+02 1.336000000000000000e+03
4.010000000000000000e+02 8.530000000000000000e+02
6.780000000000000000e+02 1.080000000000000000e+03
6.370000000000000000e+02 1.083000000000000000e+03
5.960000000000000000e+02 1.081000000000000000e+03
5.450000000000000000e+02 1.056000000000000000e+03
7.150000000000000000e+02 1.071000000000000000e+03
6.150000000000000000e+02 9.580000000000000000e+02
6.640000000000000000e+02 9.630000000000000000e+02
5.720000000000000000e+02 9.660000000000000000e+02
5.450000000000000000e+02 9.830000000000000000e+02
5.070000000000000000e+02 1.083000000000000000e+03
7.010000000000000000e+02 1.679000000000000000e+03
5.480000000000000000e+02 1.028000000000000000e+03
3.820000000000000000e+02 1.047000000000000000e+03
4.580000000000000000e+02 1.051000000000000000e+03
6.450000000000000000e+02 1.267000000000000000e+03
8.030000000000000000e+02 1.463000000000000000e+03
8.080000000000000000e+02 1.495000000000000000e+03
7.580000000000000000e+02 1.471000000000000000e+03
7.260000000000000000e+02 1.481000000000000000e+03
7.700000000000000000e+02 1.493000000000000000e+03
7.390000000000000000e+02 1.493000000000000000e+03
6.670000000000000000e+02 1.538000000000000000e+03
8.160000000000000000e+02 1.318000000000000000e+03
8.110000000000000000e+02 1.276000000000000000e+03
4.840000000000000000e+02 9.500000000000000000e+02
7.280000000000000000e+02 1.155000000000000000e+03
7.260000000000000000e+02 1.299000000000000000e+03
7.230000000000000000e+02 1.274000000000000000e+03
5.210000000000000000e+02 1.258000000000000000e+03
8.130000000000000000e+02 1.219000000000000000e+03
5.850000000000000000e+02 9.110000000000000000e+02
5.250000000000000000e+02 9.220000000000000000e+02
4.430000000000000000e+02 7.780000000000000000e+02
7.680000000000000000e+02 9.610000000000000000e+02
7.060000000000000000e+02 9.830000000000000000e+02
6.360000000000000000e+02 1.496000000000000000e+03
4.390000000000000000e+02 1.452000000000000000e+03
7.550000000000000000e+02 1.324000000000000000e+03
7.860000000000000000e+02 1.337000000000000000e+03
6.810000000000000000e+02 1.496000000000000000e+03
6.900000000000000000e+02 1.496000000000000000e+03
5.030000000000000000e+02 8.930000000000000000e+02
7.240000000000000000e+02 1.316000000000000000e+03
6.650000000000000000e+02 9.220000000000000000e+02
6.580000000000000000e+02 8.870000000000000000e+02
6.110000000000000000e+02 6.840000000000000000e+02
4.730000000000000000e+02 8.310000000000000000e+02
6.370000000000000000e+02 7.780000000000000000e+02
4.590000000000000000e+02 9.280000000000000000e+02
4.290000000000000000e+02 8.880000000000000000e+02
8.050000000000000000e+02 1.482000000000000000e+03
7.640000000000000000e+02 1.483000000000000000e+03
7.320000000000000000e+02 1.487000000000000000e+03
7.640000000000000000e+02 1.331000000000000000e+03
6.860000000000000000e+02 1.496000000000000000e+03
7.060000000000000000e+02 1.506000000000000000e+03
6.950000000000000000e+02 1.496000000000000000e+03
7.730000000000000000e+02 1.313000000000000000e+03
7.440000000000000000e+02 1.497000000000000000e+03
7.750000000000000000e+02 1.499000000000000000e+03
8.110000000000000000e+02 1.504000000000000000e+03
7.960000000000000000e+02 1.614000000000000000e+03
8.020000000000000000e+02 1.574000000000000000e+03
8.040000000000000000e+02 1.548000000000000000e+03
8.070000000000000000e+02 1.524000000000000000e+03
8.110000000000000000e+02 1.504000000000000000e+03
7.440000000000000000e+02 1.498000000000000000e+03
7.370000000000000000e+02 1.507000000000000000e+03
7.290000000000000000e+02 1.518000000000000000e+03
7.230000000000000000e+02 1.532000000000000000e+03
6.820000000000000000e+02 1.425000000000000000e+03
3.830000000000000000e+02 1.232000000000000000e+03
8.470000000000000000e+02 1.348000000000000000e+03
7.210000000000000000e+02 1.497000000000000000e+03
7.140000000000000000e+02 1.501000000000000000e+03
7.980000000000000000e+02 1.353000000000000000e+03
7.370000000000000000e+02 1.340000000000000000e+03
7.920000000000000000e+02 1.345000000000000000e+03
6.840000000000000000e+02 1.180000000000000000e+03
6.160000000000000000e+02 1.209000000000000000e+03
7.160000000000000000e+02 1.292000000000000000e+03
5.090000000000000000e+02 7.210000000000000000e+02
5.390000000000000000e+02 7.920000000000000000e+02
5.710000000000000000e+02 8.760000000000000000e+02
7.010000000000000000e+02 1.568000000000000000e+03
7.550000000000000000e+02 9.050000000000000000e+02
7.370000000000000000e+02 7.770000000000000000e+02
7.210000000000000000e+02 6.670000000000000000e+02
5.630000000000000000e+02 1.072000000000000000e+03
4.610000000000000000e+02 1.112000000000000000e+03
7.380000000000000000e+02 1.062000000000000000e+03
5.030000000000000000e+02 1.001000000000000000e+03
7.560000000000000000e+02 1.128000000000000000e+03
7.480000000000000000e+02 1.286000000000000000e+03
4.170000000000000000e+02 1.138000000000000000e+03
4.900000000000000000e+02 1.145000000000000000e+03
5.440000000000000000e+02 1.164000000000000000e+03
6.240000000000000000e+02 1.158000000000000000e+03
6.830000000000000000e+02 1.141000000000000000e+03
7.260000000000000000e+02 1.123000000000000000e+03
8.100000000000000000e+02 1.074000000000000000e+03
4.270000000000000000e+02 1.233000000000000000e+03
4.690000000000000000e+02 9.950000000000000000e+02
8.280000000000000000e+02 1.339000000000000000e+03
7.330000000000000000e+02 1.202000000000000000e+03
3.680000000000000000e+02 1.036000000000000000e+03
7.590000000000000000e+02 1.102000000000000000e+03
7.120000000000000000e+02 1.292000000000000000e+03
5.290000000000000000e+02 1.030000000000000000e+03
7.470000000000000000e+02 1.256000000000000000e+03
4.040000000000000000e+02 1.340000000000000000e+03
7.380000000000000000e+02 1.047000000000000000e+03
7.780000000000000000e+02 1.233000000000000000e+03
5.300000000000000000e+02 1.571000000000000000e+03
5.330000000000000000e+02 1.614000000000000000e+03
3.890000000000000000e+02 1.234000000000000000e+03
4.790000000000000000e+02 1.507000000000000000e+03
4.030000000000000000e+02 9.600000000000000000e+02
6.930000000000000000e+02 1.721000000000000000e+03
8.320000000000000000e+02 1.346000000000000000e+03
6.960000000000000000e+02 1.232000000000000000e+03
4.220000000000000000e+02 1.056000000000000000e+03
6.020000000000000000e+02 1.055000000000000000e+03
6.370000000000000000e+02 1.058000000000000000e+03
6.990000000000000000e+02 1.513000000000000000e+03
4.400000000000000000e+02 1.320000000000000000e+03
7.660000000000000000e+02 1.779000000000000000e+03
6.470000000000000000e+02 1.718000000000000000e+03
5.950000000000000000e+02 1.676000000000000000e+03
8.500000000000000000e+02 7.790000000000000000e+02
8.490000000000000000e+02 1.788000000000000000e+03
6.720000000000000000e+02 1.055000000000000000e+03
7.060000000000000000e+02 1.050000000000000000e+03
7.280000000000000000e+02 1.049000000000000000e+03
4.380000000000000000e+02 9.830000000000000000e+02
6.980000000000000000e+02 1.012000000000000000e+03
6.610000000000000000e+02 9.970000000000000000e+02
6.240000000000000000e+02 9.940000000000000000e+02
5.900000000000000000e+02 1.002000000000000000e+03
5.690000000000000000e+02 1.013000000000000000e+03
3.780000000000000000e+02 9.350000000000000000e+02
5.790000000000000000e+02 1.048000000000000000e+03
8.460000000000000000e+02 1.389000000000000000e+03
7.210000000000000000e+02 1.402000000000000000e+03
7.550000000000000000e+02 1.318000000000000000e+03
7.940000000000000000e+02 1.391000000000000000e+03
8.490000000000000000e+02 1.007000000000000000e+03
5.840000000000000000e+02 1.630000000000000000e+03
6.370000000000000000e+02 1.676000000000000000e+03
7.640000000000000000e+02 1.753000000000000000e+03
4.840000000000000000e+02 1.544000000000000000e+03
7.260000000000000000e+02 1.033000000000000000e+03
7.840000000000000000e+02 1.145000000000000000e+03
8.490000000000000000e+02 1.761000000000000000e+03
7.020000000000000000e+02 1.754000000000000000e+03
4.090000000000000000e+02 1.331000000000000000e+03
7.750000000000000000e+02 1.500000000000000000e+03
7.680000000000000000e+02 1.515000000000000000e+03
7.620000000000000000e+02 1.534000000000000000e+03
7.580000000000000000e+02 1.556000000000000000e+03
7.430000000000000000e+02 1.595000000000000000e+03
7.130000000000000000e+02 1.494000000000000000e+03
7.060000000000000000e+02 1.491000000000000000e+03
7.000000000000000000e+02 1.488000000000000000e+03
6.520000000000000000e+02 1.458000000000000000e+03
4.940000000000000000e+02 1.350000000000000000e+03
7.840000000000000000e+02 1.098000000000000000e+03
7.670000000000000000e+02 1.019000000000000000e+03
7.420000000000000000e+02 1.020000000000000000e+03
7.200000000000000000e+02 1.497000000000000000e+03
4.940000000000000000e+02 1.451000000000000000e+03
8.020000000000000000e+02 1.022000000000000000e+03
7.200000000000000000e+02 1.636000000000000000e+03
8.490000000000000000e+02 1.164000000000000000e+03
8.120000000000000000e+02 1.124000000000000000e+03
8.490000000000000000e+02 1.116000000000000000e+03
7.570000000000000000e+02 1.215000000000000000e+03
8.490000000000000000e+02 1.719000000000000000e+03
8.480000000000000000e+02 1.665000000000000000e+03
7.830000000000000000e+02 1.661000000000000000e+03
6.290000000000000000e+02 1.554000000000000000e+03
6.760000000000000000e+02 1.326000000000000000e+03
6.710000000000000000e+02 1.601000000000000000e+03
5.810000000000000000e+02 1.317000000000000000e+03
6.380000000000000000e+02 1.369000000000000000e+03
5.490000000000000000e+02 1.386000000000000000e+03
7.690000000000000000e+02 1.712000000000000000e+03
7.340000000000000000e+02 1.238000000000000000e+03
5.960000000000000000e+02 1.586000000000000000e+03
6.480000000000000000e+02 1.635000000000000000e+03
5.960000000000000000e+02 1.500000000000000000e+03
4.550000000000000000e+02 1.394000000000000000e+03
5.460000000000000000e+02 1.503000000000000000e+03
4.350000000000000000e+02 1.421000000000000000e+03
6.080000000000000000e+02 1.424000000000000000e+03
7.590000000000000000e+02 1.172000000000000000e+03
7.610000000000000000e+02 1.306000000000000000e+03
7.380000000000000000e+02 1.314000000000000000e+03
7.770000000000000000e+02 1.279000000000000000e+03
7.340000000000000000e+02 9.810000000000000000e+02
6.650000000000000000e+02 9.500000000000000000e+02
6.040000000000000000e+02 9.420000000000000000e+02
5.540000000000000000e+02 9.510000000000000000e+02
5.200000000000000000e+02 9.700000000000000000e+02
4.980000000000000000e+02 1.041000000000000000e+03
3.790000000000000000e+02 1.139000000000000000e+03
5.300000000000000000e+02 1.102000000000000000e+03
5.730000000000000000e+02 1.117000000000000000e+03
6.290000000000000000e+02 1.117000000000000000e+03
6.820000000000000000e+02 1.108000000000000000e+03
7.230000000000000000e+02 1.095000000000000000e+03
7.510000000000000000e+02 1.083000000000000000e+03
3.720000000000000000e+02 1.133000000000000000e+03
7.390000000000000000e+02 1.324000000000000000e+03
7.840000000000000000e+02 1.188000000000000000e+03
7.880000000000000000e+02 1.311000000000000000e+03
8.070000000000000000e+02 1.330000000000000000e+03
7.870000000000000000e+02 1.316000000000000000e+03
7.490000000000000000e+02 1.336000000000000000e+03
8.150000000000000000e+02 1.335000000000000000e+03
8.190000000000000000e+02 1.343000000000000000e+03
7.520000000000000000e+02 1.050000000000000000e+03
7.720000000000000000e+02 1.062000000000000000e+03
7.840000000000000000e+02 1.071000000000000000e+03
5.570000000000000000e+02 1.021000000000000000e+03
5.280000000000000000e+02 1.003000000000000000e+03
8.830000000000000000e+02 1.170000000000000000e+03
1.138000000000000000e+03 1.036000000000000000e+03
8.850000000000000000e+02 1.336000000000000000e+03
1.282000000000000000e+03 8.540000000000000000e+02
1.022000000000000000e+03 1.076000000000000000e+03
1.062000000000000000e+03 1.079000000000000000e+03
1.102000000000000000e+03 1.077000000000000000e+03
1.154000000000000000e+03 1.051000000000000000e+03
9.870000000000000000e+02 1.067000000000000000e+03
1.084000000000000000e+03 9.520000000000000000e+02
1.035000000000000000e+03 9.580000000000000000e+02
1.127000000000000000e+03 9.590000000000000000e+02
1.155000000000000000e+03 9.770000000000000000e+02
1.187000000000000000e+03 1.080000000000000000e+03
9.950000000000000000e+02 1.679000000000000000e+03
1.153000000000000000e+03 1.023000000000000000e+03
1.300000000000000000e+03 1.048000000000000000e+03
1.231000000000000000e+03 1.049000000000000000e+03
1.048000000000000000e+03 1.267000000000000000e+03
8.980000000000000000e+02 1.466000000000000000e+03
8.930000000000000000e+02 1.499000000000000000e+03
9.410000000000000000e+02 1.478000000000000000e+03
9.700000000000000000e+02 1.489000000000000000e+03
9.280000000000000000e+02 1.499000000000000000e+03
9.560000000000000000e+02 1.501000000000000000e+03
1.024000000000000000e+03 1.538000000000000000e+03
8.820000000000000000e+02 1.318000000000000000e+03
8.870000000000000000e+02 1.276000000000000000e+03
1.208000000000000000e+03 9.470000000000000000e+02
9.670000000000000000e+02 1.155000000000000000e+03
9.680000000000000000e+02 1.300000000000000000e+03
9.710000000000000000e+02 1.275000000000000000e+03
1.170000000000000000e+03 1.259000000000000000e+03
8.860000000000000000e+02 1.219000000000000000e+03
1.112000000000000000e+03 9.050000000000000000e+02
1.169000000000000000e+03 9.180000000000000000e+02
1.246000000000000000e+03 7.800000000000000000e+02
9.320000000000000000e+02 9.520000000000000000e+02
9.940000000000000000e+02 9.780000000000000000e+02
1.054000000000000000e+03 1.497000000000000000e+03
1.241000000000000000e+03 1.452000000000000000e+03
9.380000000000000000e+02 1.325000000000000000e+03
9.080000000000000000e+02 1.337000000000000000e+03
1.010000000000000000e+03 1.509000000000000000e+03
1.001000000000000000e+03 1.508000000000000000e+03
1.189000000000000000e+03 8.900000000000000000e+02
9.680000000000000000e+02 1.318000000000000000e+03
1.034000000000000000e+03 9.140000000000000000e+02
1.040000000000000000e+03 8.790000000000000000e+02
1.088000000000000000e+03 6.860000000000000000e+02
1.220000000000000000e+03 8.320000000000000000e+02
1.061000000000000000e+03 7.790000000000000000e+02
1.230000000000000000e+03 9.260000000000000000e+02
1.260000000000000000e+03 8.900000000000000000e+02
8.960000000000000000e+02 1.485000000000000000e+03
9.350000000000000000e+02 1.490000000000000000e+03
9.640000000000000000e+02 1.496000000000000000e+03
9.280000000000000000e+02 1.332000000000000000e+03
1.005000000000000000e+03 1.508000000000000000e+03
9.880000000000000000e+02 1.517000000000000000e+03
9.960000000000000000e+02 1.508000000000000000e+03
9.220000000000000000e+02 1.314000000000000000e+03
9.510000000000000000e+02 1.505000000000000000e+03
9.230000000000000000e+02 1.505000000000000000e+03
8.900000000000000000e+02 1.507000000000000000e+03
8.990000000000000000e+02 1.614000000000000000e+03
9.020000000000000000e+02 1.577000000000000000e+03
8.990000000000000000e+02 1.551000000000000000e+03
8.950000000000000000e+02 1.526000000000000000e+03
8.890000000000000000e+02 1.507000000000000000e+03
9.500000000000000000e+02 1.505000000000000000e+03
9.590000000000000000e+02 1.515000000000000000e+03
9.680000000000000000e+02 1.527000000000000000e+03
9.760000000000000000e+02 1.542000000000000000e+03
1.009000000000000000e+03 1.426000000000000000e+03
1.291000000000000000e+03 1.232000000000000000e+03
9.710000000000000000e+02 1.506000000000000000e+03
9.800000000000000000e+02 1.511000000000000000e+03
8.960000000000000000e+02 1.354000000000000000e+03
9.540000000000000000e+02 1.342000000000000000e+03
9.020000000000000000e+02 1.346000000000000000e+03
1.009000000000000000e+03 1.180000000000000000e+03
1.077000000000000000e+03 1.209000000000000000e+03
9.770000000000000000e+02 1.293000000000000000e+03
1.185000000000000000e+03 7.230000000000000000e+02
1.157000000000000000e+03 7.930000000000000000e+02
1.124000000000000000e+03 8.710000000000000000e+02
9.920000000000000000e+02 1.568000000000000000e+03
9.450000000000000000e+02 8.950000000000000000e+02
9.630000000000000000e+02 7.770000000000000000e+02
9.800000000000000000e+02 6.680000000000000000e+02
1.135000000000000000e+03 1.069000000000000000e+03
1.229000000000000000e+03 1.110000000000000000e+03
9.640000000000000000e+02 1.059000000000000000e+03
1.192000000000000000e+03 9.970000000000000000e+02
9.400000000000000000e+02 1.128000000000000000e+03
9.470000000000000000e+02 1.287000000000000000e+03
1.270000000000000000e+03 1.139000000000000000e+03
1.203000000000000000e+03 1.143000000000000000e+03
1.152000000000000000e+03 1.161000000000000000e+03
1.074000000000000000e+03 1.156000000000000000e+03
1.016000000000000000e+03 1.138000000000000000e+03
9.730000000000000000e+02 1.120000000000000000e+03
8.880000000000000000e+02 1.074000000000000000e+03
1.260000000000000000e+03 1.233000000000000000e+03
1.223000000000000000e+03 9.930000000000000000e+02
8.680000000000000000e+02 1.339000000000000000e+03
9.610000000000000000e+02 1.202000000000000000e+03
1.307000000000000000e+03 1.037000000000000000e+03
9.410000000000000000e+02 1.099000000000000000e+03
9.800000000000000000e+02 1.294000000000000000e+03
1.170000000000000000e+03 1.025000000000000000e+03
9.490000000000000000e+02 1.256000000000000000e+03
1.272000000000000000e+03 1.339000000000000000e+03
9.640000000000000000e+02 1.044000000000000000e+03
9.190000000000000000e+02 1.233000000000000000e+03
1.160000000000000000e+03 1.571000000000000000e+03
1.156000000000000000e+03 1.613000000000000000e+03
1.291000000000000000e+03 1.234000000000000000e+03
1.208000000000000000e+03 1.507000000000000000e+03
1.282000000000000000e+03 9.620000000000000000e+02
1.003000000000000000e+03 1.721000000000000000e+03
8.630000000000000000e+02 1.346000000000000000e+03
9.970000000000000000e+02 1.233000000000000000e+03
1.264000000000000000e+03 1.055000000000000000e+03
1.098000000000000000e+03 1.051000000000000000e+03
1.063000000000000000e+03 1.054000000000000000e+03
9.950000000000000000e+02 1.524000000000000000e+03
1.247000000000000000e+03 1.321000000000000000e+03
9.310000000000000000e+02 1.779000000000000000e+03
1.048000000000000000e+03 1.716000000000000000e+03
1.098000000000000000e+03 1.675000000000000000e+03
1.029000000000000000e+03 1.051000000000000000e+03
9.960000000000000000e+02 1.047000000000000000e+03
9.750000000000000000e+02 1.046000000000000000e+03
1.250000000000000000e+03 9.830000000000000000e+02
1.003000000000000000e+03 1.010000000000000000e+03
1.040000000000000000e+03 9.940000000000000000e+02
1.076000000000000000e+03 9.900000000000000000e+02
1.111000000000000000e+03 9.970000000000000000e+02
1.132000000000000000e+03 1.007000000000000000e+03
1.300000000000000000e+03 9.350000000000000000e+02
1.121000000000000000e+03 1.044000000000000000e+03
9.720000000000000000e+02 1.403000000000000000e+03
9.390000000000000000e+02 1.319000000000000000e+03
9.000000000000000000e+02 1.391000000000000000e+03
1.108000000000000000e+03 1.630000000000000000e+03
1.058000000000000000e+03 1.676000000000000000e+03
9.340000000000000000e+02 1.752000000000000000e+03
1.201000000000000000e+03 1.543000000000000000e+03
9.770000000000000000e+02 1.031000000000000000e+03
9.130000000000000000e+02 1.145000000000000000e+03
9.950000000000000000e+02 1.753000000000000000e+03
1.272000000000000000e+03 1.331000000000000000e+03
9.220000000000000000e+02 1.505000000000000000e+03
9.310000000000000000e+02 1.520000000000000000e+03
9.390000000000000000e+02 1.540000000000000000e+03
9.440000000000000000e+02 1.563000000000000000e+03
9.510000000000000000e+02 1.595000000000000000e+03
9.790000000000000000e+02 1.504000000000000000e+03
9.870000000000000000e+02 1.502000000000000000e+03
9.930000000000000000e+02 1.499000000000000000e+03
1.039000000000000000e+03 1.459000000000000000e+03
1.195000000000000000e+03 1.350000000000000000e+03
9.130000000000000000e+02 1.098000000000000000e+03
9.340000000000000000e+02 1.013000000000000000e+03
9.590000000000000000e+02 1.016000000000000000e+03
9.710000000000000000e+02 1.506000000000000000e+03
1.195000000000000000e+03 1.451000000000000000e+03
8.980000000000000000e+02 1.016000000000000000e+03
9.750000000000000000e+02 1.636000000000000000e+03
8.860000000000000000e+02 1.124000000000000000e+03
9.380000000000000000e+02 1.215000000000000000e+03
9.140000000000000000e+02 1.660000000000000000e+03
1.062000000000000000e+03 1.555000000000000000e+03
1.015000000000000000e+03 1.327000000000000000e+03
1.023000000000000000e+03 1.601000000000000000e+03
1.112000000000000000e+03 1.318000000000000000e+03
1.054000000000000000e+03 1.370000000000000000e+03
1.142000000000000000e+03 1.386000000000000000e+03
9.280000000000000000e+02 1.712000000000000000e+03
9.600000000000000000e+02 1.239000000000000000e+03
1.097000000000000000e+03 1.586000000000000000e+03
1.047000000000000000e+03 1.635000000000000000e+03
1.095000000000000000e+03 1.501000000000000000e+03
1.232000000000000000e+03 1.394000000000000000e+03
1.144000000000000000e+03 1.503000000000000000e+03
1.248000000000000000e+03 1.421000000000000000e+03
1.083000000000000000e+03 1.425000000000000000e+03
9.370000000000000000e+02 1.173000000000000000e+03
9.340000000000000000e+02 1.307000000000000000e+03
9.560000000000000000e+02 1.315000000000000000e+03
9.200000000000000000e+02 1.279000000000000000e+03
9.660000000000000000e+02 9.750000000000000000e+02
1.034000000000000000e+03 9.440000000000000000e+02
1.095000000000000000e+03 9.360000000000000000e+02
1.144000000000000000e+03 9.440000000000000000e+02
1.177000000000000000e+03 9.640000000000000000e+02
1.196000000000000000e+03 1.037000000000000000e+03
1.302000000000000000e+03 1.140000000000000000e+03
1.165000000000000000e+03 1.100000000000000000e+03
1.123000000000000000e+03 1.114000000000000000e+03
1.069000000000000000e+03 1.114000000000000000e+03
1.017000000000000000e+03 1.104000000000000000e+03
9.780000000000000000e+02 1.092000000000000000e+03
9.510000000000000000e+02 1.080000000000000000e+03
1.302000000000000000e+03 1.133000000000000000e+03
9.540000000000000000e+02 1.325000000000000000e+03
9.130000000000000000e+02 1.188000000000000000e+03
9.090000000000000000e+02 1.311000000000000000e+03
8.880000000000000000e+02 1.330000000000000000e+03
9.080000000000000000e+02 1.317000000000000000e+03
9.430000000000000000e+02 1.337000000000000000e+03
8.810000000000000000e+02 1.335000000000000000e+03
8.760000000000000000e+02 1.343000000000000000e+03
9.500000000000000000e+02 1.046000000000000000e+03
9.290000000000000000e+02 1.057000000000000000e+03
9.160000000000000000e+02 1.067000000000000000e+03
1.144000000000000000e+03 1.016000000000000000e+03
1.171000000000000000e+03 9.970000000000000000e+02
6.270000000000000000e+02 1.023000000000000000e+03
6.690000000000000000e+02 1.023000000000000000e+03
6.280000000000000000e+02 9.830000000000000000e+02
5.860000000000000000e+02 1.024000000000000000e+03
6.270000000000000000e+02 1.064000000000000000e+03
1.064000000000000000e+03 1.019000000000000000e+03
1.111000000000000000e+03 1.018000000000000000e+03
1.063000000000000000e+03 9.770000000000000000e+02
1.016000000000000000e+03 1.019000000000000000e+03
1.065000000000000000e+03 1.061000000000000000e+03
0.000000000000000000e+00 0.000000000000000000e+00
1.749000000000000000e+03 0.000000000000000000e+00
1.749000000000000000e+03 2.187000000000000000e+03
0.000000000000000000e+00 2.187000000000000000e+03
8.700000000000000000e+01 0.000000000000000000e+00
8.700000000000000000e+01 2.187000000000000000e+03
0.000000000000000000e+00 1.090000000000000000e+02
1.749000000000000000e+03 1.090000000000000000e+02
1.750000000000000000e+02 0.000000000000000000e+00
1.750000000000000000e+02 2.187000000000000000e+03
0.000000000000000000e+00 2.180000000000000000e+02
1.749000000000000000e+03 2.180000000000000000e+02
2.620000000000000000e+02 0.000000000000000000e+00
2.620000000000000000e+02 2.187000000000000000e+03
0.000000000000000000e+00 3.280000000000000000e+02
1.749000000000000000e+03 3.280000000000000000e+02
3.500000000000000000e+02 0.000000000000000000e+00
3.500000000000000000e+02 2.187000000000000000e+03
0.000000000000000000e+00 4.370000000000000000e+02
1.749000000000000000e+03 4.370000000000000000e+02
4.370000000000000000e+02 0.000000000000000000e+00
4.370000000000000000e+02 2.187000000000000000e+03
0.000000000000000000e+00 5.470000000000000000e+02
1.749000000000000000e+03 5.470000000000000000e+02
5.250000000000000000e+02 0.000000000000000000e+00
5.250000000000000000e+02 2.187000000000000000e+03
0.000000000000000000e+00 6.560000000000000000e+02
1.749000000000000000e+03 6.560000000000000000e+02
6.120000000000000000e+02 0.000000000000000000e+00
6.120000000000000000e+02 2.187000000000000000e+03
0.000000000000000000e+00 7.650000000000000000e+02
1.749000000000000000e+03 7.650000000000000000e+02
7.000000000000000000e+02 0.000000000000000000e+00
7.000000000000000000e+02 2.187000000000000000e+03
0.000000000000000000e+00 8.750000000000000000e+02
1.749000000000000000e+03 8.750000000000000000e+02
7.870000000000000000e+02 0.000000000000000000e+00
7.870000000000000000e+02 2.187000000000000000e+03
0.000000000000000000e+00 9.840000000000000000e+02
1.749000000000000000e+03 9.840000000000000000e+02
8.750000000000000000e+02 0.000000000000000000e+00
8.750000000000000000e+02 2.187000000000000000e+03
0.000000000000000000e+00 1.094000000000000000e+03
1.749000000000000000e+03 1.094000000000000000e+03
9.620000000000000000e+02 0.000000000000000000e+00
9.620000000000000000e+02 2.187000000000000000e+03
0.000000000000000000e+00 1.203000000000000000e+03
1.749000000000000000e+03 1.203000000000000000e+03
1.050000000000000000e+03 0.000000000000000000e+00
1.050000000000000000e+03 2.187000000000000000e+03
0.000000000000000000e+00 1.312000000000000000e+03
1.749000000000000000e+03 1.312000000000000000e+03
1.137000000000000000e+03 0.000000000000000000e+00
1.137000000000000000e+03 2.187000000000000000e+03
0.000000000000000000e+00 1.422000000000000000e+03
1.749000000000000000e+03 1.422000000000000000e+03
1.225000000000000000e+03 0.000000000000000000e+00
1.225000000000000000e+03 2.187000000000000000e+03
0.000000000000000000e+00 1.531000000000000000e+03
1.749000000000000000e+03 1.531000000000000000e+03
1.312000000000000000e+03 0.000000000000000000e+00
1.312000000000000000e+03 2.187000000000000000e+03
0.000000000000000000e+00 1.641000000000000000e+03
1.749000000000000000e+03 1.641000000000000000e+03
1.400000000000000000e+03 0.000000000000000000e+00
1.400000000000000000e+03 2.187000000000000000e+03
0.000000000000000000e+00 1.750000000000000000e+03
1.749000000000000000e+03 1.750000000000000000e+03
1.487000000000000000e+03 0.000000000000000000e+00
1.487000000000000000e+03 2.187000000000000000e+03
0.000000000000000000e+00 1.859000000000000000e+03
1.749000000000000000e+03 1.859000000000000000e+03
1.575000000000000000e+03 0.000000000000000000e+00
1.575000000000000000e+03 2.187000000000000000e+03
0.000000000000000000e+00 1.969000000000000000e+03
1.749000000000000000e+03 1.969000000000000000e+03
1.662000000000000000e+03 0.000000000000000000e+00
1.662000000000000000e+03 2.187000000000000000e+03
0.000000000000000000e+00 2.078000000000000000e+03
1.749000000000000000e+03 2.078000000000000000e+03
