8.550000000000000000e+02 1.406000000000000000e+03
8.540000000000000000e+02 1.280000000000000000e+03
8.540000000000000000e+02 1.311000000000000000e+03
8.220000000000000000e+02 1.147000000000000000e+03
8.530000000000000000e+02 1.241000000000000000e+03
8.520000000000000000e+02 1.187000000000000000e+03
8.510000000000000000e+02 1.055000000000000000e+03
6.160000000000000000e+02 1.044000000000000000e+03
8.500000000000000000e+02 9.730000000000000000e+02
8.490000000000000000e+02 9.240000000000000000e+02
8.480000000000000000e+02 7.260000000000000000e+02
8.550000000000000000e+02 1.415000000000000000e+03
8.550000000000000000e+02 1.422000000000000000e+03
8.550000000000000000e+02 1.426000000000000000e+03
8.550000000000000000e+02 1.441000000000000000e+03
8.550000000000000000e+02 1.455000000000000000e+03
8.560000000000000000e+02 1.473000000000000000e+03
8.560000000000000000e+02 1.492000000000000000e+03
8.580000000000000000e+02 1.535000000000000000e+03
8.540000000000000000e+02 1.298000000000000000e+03
8.170000000000000000e+02 1.294000000000000000e+03
4.780000000000000000e+02 9.030000000000000000e+02
7.140000000000000000e+02 1.071000000000000000e+03
6.800000000000000000e+02 1.077000000000000000e+03
6.460000000000000000e+02 1.077000000000000000e+03
6.020000000000000000e+02 1.056000000000000000e+03
7.440000000000000000e+02 1.061000000000000000e+03
6.570000000000000000e+02 9.770000000000000000e+02
6.980000000000000000e+02 9.780000000000000000e+02
6.230000000000000000e+02 9.860000000000000000e+02
6.010000000000000000e+02 1.000000000000000000e+03
5.730000000000000000e+02 1.081000000000000000e+03
7.310000000000000000e+02 1.593000000000000000e+03
6.030000000000000000e+02 1.033000000000000000e+03
4.680000000000000000e+02 1.064000000000000000e+03
5.320000000000000000e+02 1.057000000000000000e+03
6.810000000000000000e+02 1.235000000000000000e+03
8.110000000000000000e+02 1.397000000000000000e+03
8.170000000000000000e+02 1.419000000000000000e+03
7.730000000000000000e+02 1.403000000000000000e+03
7.480000000000000000e+02 1.411000000000000000e+03
7.860000000000000000e+02 1.418000000000000000e+03
7.620000000000000000e+02 1.420000000000000000e+03
7.010000000000000000e+02 1.472000000000000000e+03
8.230000000000000000e+02 1.279000000000000000e+03
8.170000000000000000e+02 1.241000000000000000e+03
5.530000000000000000e+02 9.820000000000000000e+02
7.500000000000000000e+02 1.137000000000000000e+03
7.380000000000000000e+02 1.260000000000000000e+03
7.370000000000000000e+02 1.239000000000000000e+03
5.820000000000000000e+02 1.230000000000000000e+03
8.190000000000000000e+02 1.191000000000000000e+03
6.330000000000000000e+02 9.440000000000000000e+02
5.850000000000000000e+02 9.580000000000000000e+02
5.070000000000000000e+02 8.380000000000000000e+02
7.840000000000000000e+02 9.670000000000000000e+02
7.330000000000000000e+02 9.900000000000000000e+02
6.730000000000000000e+02 1.439000000000000000e+03
5.080000000000000000e+02 1.412000000000000000e+03
7.640000000000000000e+02 1.282000000000000000e+03
7.930000000000000000e+02 1.293000000000000000e+03
7.170000000000000000e+02 1.428000000000000000e+03
7.260000000000000000e+02 1.428000000000000000e+03
5.670000000000000000e+02 9.360000000000000000e+02
7.360000000000000000e+02 1.275000000000000000e+03
6.980000000000000000e+02 9.440000000000000000e+02
6.910000000000000000e+02 9.170000000000000000e+02
6.430000000000000000e+02 7.490000000000000000e+02
5.320000000000000000e+02 8.810000000000000000e+02
6.660000000000000000e+02 8.270000000000000000e+02
5.310000000000000000e+02 9.640000000000000000e+02
5.000000000000000000e+02 9.320000000000000000e+02
8.140000000000000000e+02 1.410000000000000000e+03
7.800000000000000000e+02 1.411000000000000000e+03
7.550000000000000000e+02 1.416000000000000000e+03
7.720000000000000000e+02 1.288000000000000000e+03
7.210000000000000000e+02 1.428000000000000000e+03
7.360000000000000000e+02 1.437000000000000000e+03
7.300000000000000000e+02 1.428000000000000000e+03
7.820000000000000000e+02 1.274000000000000000e+03
7.670000000000000000e+02 1.423000000000000000e+03
7.910000000000000000e+02 1.422000000000000000e+03
8.210000000000000000e+02 1.424000000000000000e+03
8.130000000000000000e+02 1.534000000000000000e+03
8.140000000000000000e+02 1.489000000000000000e+03
8.160000000000000000e+02 1.470000000000000000e+03
8.180000000000000000e+02 1.452000000000000000e+03
8.210000000000000000e+02 1.438000000000000000e+03
7.680000000000000000e+02 1.431000000000000000e+03
7.620000000000000000e+02 1.438000000000000000e+03
7.550000000000000000e+02 1.448000000000000000e+03
7.490000000000000000e+02 1.459000000000000000e+03
7.100000000000000000e+02 1.376000000000000000e+03
4.700000000000000000e+02 1.225000000000000000e+03
8.540000000000000000e+02 1.304000000000000000e+03
7.500000000000000000e+02 1.429000000000000000e+03
7.440000000000000000e+02 1.433000000000000000e+03
8.060000000000000000e+02 1.308000000000000000e+03
7.500000000000000000e+02 1.296000000000000000e+03
8.000000000000000000e+02 1.301000000000000000e+03
7.150000000000000000e+02 1.159000000000000000e+03
6.600000000000000000e+02 1.186000000000000000e+03
7.310000000000000000e+02 1.254000000000000000e+03
5.590000000000000000e+02 7.850000000000000000e+02
5.840000000000000000e+02 8.440000000000000000e+02
6.200000000000000000e+02 9.180000000000000000e+02
7.300000000000000000e+02 1.495000000000000000e+03
7.720000000000000000e+02 9.220000000000000000e+02
7.510000000000000000e+02 8.220000000000000000e+02
7.370000000000000000e+02 7.310000000000000000e+02
6.180000000000000000e+02 1.071000000000000000e+03
5.360000000000000000e+02 1.107000000000000000e+03
7.640000000000000000e+02 1.053000000000000000e+03
5.680000000000000000e+02 1.017000000000000000e+03
7.740000000000000000e+02 1.113000000000000000e+03
7.600000000000000000e+02 1.250000000000000000e+03
4.960000000000000000e+02 1.136000000000000000e+03
5.620000000000000000e+02 1.135000000000000000e+03
6.070000000000000000e+02 1.149000000000000000e+03
6.720000000000000000e+02 1.141000000000000000e+03
7.190000000000000000e+02 1.123000000000000000e+03
7.540000000000000000e+02 1.105000000000000000e+03
8.180000000000000000e+02 1.065000000000000000e+03
5.040000000000000000e+02 1.215000000000000000e+03
5.390000000000000000e+02 1.014000000000000000e+03
8.350000000000000000e+02 1.297000000000000000e+03
7.520000000000000000e+02 1.176000000000000000e+03
4.610000000000000000e+02 1.059000000000000000e+03
7.810000000000000000e+02 1.087000000000000000e+03
7.300000000000000000e+02 1.255000000000000000e+03
5.890000000000000000e+02 1.036000000000000000e+03
7.590000000000000000e+02 1.223000000000000000e+03
4.830000000000000000e+02 1.316000000000000000e+03
7.630000000000000000e+02 1.040000000000000000e+03
7.880000000000000000e+02 1.203000000000000000e+03
5.790000000000000000e+02 1.506000000000000000e+03
5.810000000000000000e+02 1.548000000000000000e+03
4.740000000000000000e+02 1.222000000000000000e+03
5.390000000000000000e+02 1.454000000000000000e+03
4.830000000000000000e+02 9.910000000000000000e+02
7.220000000000000000e+02 1.633000000000000000e+03
8.380000000000000000e+02 1.303000000000000000e+03
7.210000000000000000e+02 1.204000000000000000e+03
5.030000000000000000e+02 1.061000000000000000e+03
6.500000000000000000e+02 1.056000000000000000e+03
6.790000000000000000e+02 1.057000000000000000e+03
7.300000000000000000e+02 1.443000000000000000e+03
5.120000000000000000e+02 1.291000000000000000e+03
7.880000000000000000e+02 1.684000000000000000e+03
6.780000000000000000e+02 1.635000000000000000e+03
6.320000000000000000e+02 1.600000000000000000e+03
8.480000000000000000e+02 8.220000000000000000e+02
8.640000000000000000e+02 1.689000000000000000e+03
7.090000000000000000e+02 1.052000000000000000e+03
7.370000000000000000e+02 1.045000000000000000e+03
7.550000000000000000e+02 1.042000000000000000e+03
5.140000000000000000e+02 1.005000000000000000e+03
7.280000000000000000e+02 1.015000000000000000e+03
6.960000000000000000e+02 1.006000000000000000e+03
6.660000000000000000e+02 1.007000000000000000e+03
6.370000000000000000e+02 1.013000000000000000e+03
6.200000000000000000e+02 1.022000000000000000e+03
4.650000000000000000e+02 9.720000000000000000e+02
6.300000000000000000e+02 1.051000000000000000e+03
8.540000000000000000e+02 1.342000000000000000e+03
7.410000000000000000e+02 1.354000000000000000e+03
7.640000000000000000e+02 1.277000000000000000e+03
8.050000000000000000e+02 1.343000000000000000e+03
8.510000000000000000e+02 1.012000000000000000e+03
6.240000000000000000e+02 1.557000000000000000e+03
6.710000000000000000e+02 1.596000000000000000e+03
7.860000000000000000e+02 1.657000000000000000e+03
5.430000000000000000e+02 1.490000000000000000e+03
7.520000000000000000e+02 1.030000000000000000e+03
7.960000000000000000e+02 1.126000000000000000e+03
8.630000000000000000e+02 1.662000000000000000e+03
7.290000000000000000e+02 1.665000000000000000e+03
4.860000000000000000e+02 1.305000000000000000e+03
7.920000000000000000e+02 1.434000000000000000e+03
7.870000000000000000e+02 1.445000000000000000e+03
7.810000000000000000e+02 1.460000000000000000e+03
7.780000000000000000e+02 1.477000000000000000e+03
7.670000000000000000e+02 1.517000000000000000e+03
7.430000000000000000e+02 1.424000000000000000e+03
7.360000000000000000e+02 1.422000000000000000e+03
7.300000000000000000e+02 1.419000000000000000e+03
6.860000000000000000e+02 1.405000000000000000e+03
5.570000000000000000e+02 1.311000000000000000e+03
7.960000000000000000e+02 1.086000000000000000e+03
7.860000000000000000e+02 1.015000000000000000e+03
7.650000000000000000e+02 1.018000000000000000e+03
7.500000000000000000e+02 1.425000000000000000e+03
5.530000000000000000e+02 1.401000000000000000e+03
8.130000000000000000e+02 1.017000000000000000e+03
7.480000000000000000e+02 1.553000000000000000e+03
8.520000000000000000e+02 1.141000000000000000e+03
8.190000000000000000e+02 1.107000000000000000e+03
8.510000000000000000e+02 1.099000000000000000e+03
7.710000000000000000e+02 1.187000000000000000e+03
8.610000000000000000e+02 1.622000000000000000e+03
8.600000000000000000e+02 1.575000000000000000e+03
8.030000000000000000e+02 1.573000000000000000e+03
6.660000000000000000e+02 1.486000000000000000e+03
7.030000000000000000e+02 1.285000000000000000e+03
7.040000000000000000e+02 1.525000000000000000e+03
6.290000000000000000e+02 1.280000000000000000e+03
6.740000000000000000e+02 1.324000000000000000e+03
6.010000000000000000e+02 1.340000000000000000e+03
7.920000000000000000e+02 1.618000000000000000e+03
7.500000000000000000e+02 1.207000000000000000e+03
6.360000000000000000e+02 1.514000000000000000e+03
6.820000000000000000e+02 1.556000000000000000e+03
6.370000000000000000e+02 1.441000000000000000e+03
5.220000000000000000e+02 1.355000000000000000e+03
5.950000000000000000e+02 1.444000000000000000e+03
5.050000000000000000e+02 1.382000000000000000e+03
6.490000000000000000e+02 1.374000000000000000e+03
7.740000000000000000e+02 1.151000000000000000e+03
7.710000000000000000e+02 1.267000000000000000e+03
7.480000000000000000e+02 1.274000000000000000e+03
7.860000000000000000e+02 1.244000000000000000e+03
7.570000000000000000e+02 9.860000000000000000e+02
6.990000000000000000e+02 9.670000000000000000e+02
6.480000000000000000e+02 9.670000000000000000e+02
6.080000000000000000e+02 9.770000000000000000e+02
5.810000000000000000e+02 9.930000000000000000e+02
5.640000000000000000e+02 1.047000000000000000e+03
4.660000000000000000e+02 1.142000000000000000e+03
5.930000000000000000e+02 1.097000000000000000e+03
6.290000000000000000e+02 1.108000000000000000e+03
6.750000000000000000e+02 1.106000000000000000e+03
7.180000000000000000e+02 1.094000000000000000e+03
7.510000000000000000e+02 1.081000000000000000e+03
7.740000000000000000e+02 1.070000000000000000e+03
4.650000000000000000e+02 1.141000000000000000e+03
7.490000000000000000e+02 1.282000000000000000e+03
7.950000000000000000e+02 1.164000000000000000e+03
7.960000000000000000e+02 1.272000000000000000e+03
8.150000000000000000e+02 1.289000000000000000e+03
7.960000000000000000e+02 1.277000000000000000e+03
7.600000000000000000e+02 1.292000000000000000e+03
8.220000000000000000e+02 1.294000000000000000e+03
8.260000000000000000e+02 1.300000000000000000e+03
7.750000000000000000e+02 1.042000000000000000e+03
7.910000000000000000e+02 1.051000000000000000e+03
8.010000000000000000e+02 1.060000000000000000e+03
6.100000000000000000e+02 1.028000000000000000e+03
5.880000000000000000e+02 1.016000000000000000e+03
8.820000000000000000e+02 1.146000000000000000e+03
1.104000000000000000e+03 1.042000000000000000e+03
8.910000000000000000e+02 1.292000000000000000e+03
1.228000000000000000e+03 8.870000000000000000e+02
1.000000000000000000e+03 1.071000000000000000e+03
1.036000000000000000e+03 1.076000000000000000e+03
1.070000000000000000e+03 1.075000000000000000e+03
1.117000000000000000e+03 1.053000000000000000e+03
9.690000000000000000e+02 1.061000000000000000e+03
1.060000000000000000e+03 9.680000000000000000e+02
1.017000000000000000e+03 9.710000000000000000e+02
1.097000000000000000e+03 9.760000000000000000e+02
1.120000000000000000e+03 9.910000000000000000e+02
1.144000000000000000e+03 1.075000000000000000e+03
9.920000000000000000e+02 1.589000000000000000e+03
1.118000000000000000e+03 1.030000000000000000e+03
1.247000000000000000e+03 1.050000000000000000e+03
1.184000000000000000e+03 1.047000000000000000e+03
1.030000000000000000e+03 1.228000000000000000e+03
8.980000000000000000e+02 1.397000000000000000e+03
8.930000000000000000e+02 1.418000000000000000e+03
9.380000000000000000e+02 1.402000000000000000e+03
9.630000000000000000e+02 1.410000000000000000e+03
9.260000000000000000e+02 1.417000000000000000e+03
9.500000000000000000e+02 1.418000000000000000e+03
1.013000000000000000e+03 1.466000000000000000e+03
8.840000000000000000e+02 1.278000000000000000e+03
8.880000000000000000e+02 1.240000000000000000e+03
1.168000000000000000e+03 9.630000000000000000e+02
9.580000000000000000e+02 1.133000000000000000e+03
9.710000000000000000e+02 1.256000000000000000e+03
9.720000000000000000e+02 1.234000000000000000e+03
1.133000000000000000e+03 1.220000000000000000e+03
8.850000000000000000e+02 1.190000000000000000e+03
1.086000000000000000e+03 9.250000000000000000e+02
1.135000000000000000e+03 9.390000000000000000e+02
1.195000000000000000e+03 8.240000000000000000e+02
9.260000000000000000e+02 9.530000000000000000e+02
9.800000000000000000e+02 9.860000000000000000e+02
1.040000000000000000e+03 1.432000000000000000e+03
1.222000000000000000e+03 1.401000000000000000e+03
9.450000000000000000e+02 1.278000000000000000e+03
9.160000000000000000e+02 1.291000000000000000e+03
9.960000000000000000e+02 1.424000000000000000e+03
9.880000000000000000e+02 1.424000000000000000e+03
1.155000000000000000e+03 9.150000000000000000e+02
9.730000000000000000e+02 1.271000000000000000e+03
1.018000000000000000e+03 9.260000000000000000e+02
1.025000000000000000e+03 8.980000000000000000e+02
1.054000000000000000e+03 7.410000000000000000e+02
1.171000000000000000e+03 8.690000000000000000e+02
1.032000000000000000e+03 8.200000000000000000e+02
1.189000000000000000e+03 9.460000000000000000e+02
1.207000000000000000e+03 9.190000000000000000e+02
8.960000000000000000e+02 1.409000000000000000e+03
9.320000000000000000e+02 1.411000000000000000e+03
9.570000000000000000e+02 1.414000000000000000e+03
9.370000000000000000e+02 1.285000000000000000e+03
9.920000000000000000e+02 1.424000000000000000e+03
9.770000000000000000e+02 1.434000000000000000e+03
9.830000000000000000e+02 1.425000000000000000e+03
9.270000000000000000e+02 1.271000000000000000e+03
9.440000000000000000e+02 1.421000000000000000e+03
9.200000000000000000e+02 1.421000000000000000e+03
8.900000000000000000e+02 1.423000000000000000e+03
9.040000000000000000e+02 1.532000000000000000e+03
8.990000000000000000e+02 1.488000000000000000e+03
8.960000000000000000e+02 1.469000000000000000e+03
8.930000000000000000e+02 1.451000000000000000e+03
8.900000000000000000e+02 1.437000000000000000e+03
9.440000000000000000e+02 1.429000000000000000e+03
9.510000000000000000e+02 1.436000000000000000e+03
9.580000000000000000e+02 1.445000000000000000e+03
9.650000000000000000e+02 1.456000000000000000e+03
1.001000000000000000e+03 1.371000000000000000e+03
1.252000000000000000e+03 1.211000000000000000e+03
9.620000000000000000e+02 1.427000000000000000e+03
9.690000000000000000e+02 1.430000000000000000e+03
9.030000000000000000e+02 1.306000000000000000e+03
9.600000000000000000e+02 1.293000000000000000e+03
9.090000000000000000e+02 1.299000000000000000e+03
9.950000000000000000e+02 1.154000000000000000e+03
1.051000000000000000e+03 1.179000000000000000e+03
9.790000000000000000e+02 1.250000000000000000e+03
1.141000000000000000e+03 7.730000000000000000e+02
1.116000000000000000e+03 8.340000000000000000e+02
1.099000000000000000e+03 8.970000000000000000e+02
9.850000000000000000e+02 1.490000000000000000e+03
9.390000000000000000e+02 9.060000000000000000e+02
9.460000000000000000e+02 8.180000000000000000e+02
9.600000000000000000e+02 7.270000000000000000e+02
1.100000000000000000e+03 1.068000000000000000e+03
1.180000000000000000e+03 1.098000000000000000e+03
9.490000000000000000e+02 1.053000000000000000e+03
1.152000000000000000e+03 1.007000000000000000e+03
9.330000000000000000e+02 1.109000000000000000e+03
9.480000000000000000e+02 1.246000000000000000e+03
1.220000000000000000e+03 1.123000000000000000e+03
1.154000000000000000e+03 1.126000000000000000e+03
1.109000000000000000e+03 1.141000000000000000e+03
1.042000000000000000e+03 1.135000000000000000e+03
9.930000000000000000e+02 1.120000000000000000e+03
9.560000000000000000e+02 1.104000000000000000e+03
8.860000000000000000e+02 1.063000000000000000e+03
1.215000000000000000e+03 1.203000000000000000e+03
1.179000000000000000e+03 1.001000000000000000e+03
8.730000000000000000e+02 1.296000000000000000e+03
9.570000000000000000e+02 1.172000000000000000e+03
1.254000000000000000e+03 1.043000000000000000e+03
9.290000000000000000e+02 1.086000000000000000e+03
9.810000000000000000e+02 1.250000000000000000e+03
1.132000000000000000e+03 1.031000000000000000e+03
9.490000000000000000e+02 1.219000000000000000e+03
1.243000000000000000e+03 1.303000000000000000e+03
9.500000000000000000e+02 1.040000000000000000e+03
9.170000000000000000e+02 1.201000000000000000e+03
1.148000000000000000e+03 1.498000000000000000e+03
1.150000000000000000e+03 1.539000000000000000e+03
1.248000000000000000e+03 1.209000000000000000e+03
1.189000000000000000e+03 1.444000000000000000e+03
1.228000000000000000e+03 9.770000000000000000e+02
1.004000000000000000e+03 1.629000000000000000e+03
8.700000000000000000e+02 1.302000000000000000e+03
9.890000000000000000e+02 1.199000000000000000e+03
1.215000000000000000e+03 1.051000000000000000e+03
1.068000000000000000e+03 1.056000000000000000e+03
1.037000000000000000e+03 1.058000000000000000e+03
9.840000000000000000e+02 1.439000000000000000e+03
1.209000000000000000e+03 1.279000000000000000e+03
9.410000000000000000e+02 1.682000000000000000e+03
1.051000000000000000e+03 1.629000000000000000e+03
1.098000000000000000e+03 1.592000000000000000e+03
1.007000000000000000e+03 1.053000000000000000e+03
9.780000000000000000e+02 1.046000000000000000e+03
9.590000000000000000e+02 1.043000000000000000e+03
1.204000000000000000e+03 9.910000000000000000e+02
9.880000000000000000e+02 1.014000000000000000e+03
1.021000000000000000e+03 1.003000000000000000e+03
1.053000000000000000e+03 1.002000000000000000e+03
1.083000000000000000e+03 1.008000000000000000e+03
1.101000000000000000e+03 1.017000000000000000e+03
1.245000000000000000e+03 9.560000000000000000e+02
1.090000000000000000e+03 1.050000000000000000e+03
9.700000000000000000e+02 1.350000000000000000e+03
9.450000000000000000e+02 1.273000000000000000e+03
9.050000000000000000e+02 1.342000000000000000e+03
1.102000000000000000e+03 1.550000000000000000e+03
1.056000000000000000e+03 1.591000000000000000e+03
9.390000000000000000e+02 1.655000000000000000e+03
1.189000000000000000e+03 1.479000000000000000e+03
9.620000000000000000e+02 1.030000000000000000e+03
9.100000000000000000e+02 1.124000000000000000e+03
1.000000000000000000e+03 1.660000000000000000e+03
1.239000000000000000e+03 1.293000000000000000e+03
9.190000000000000000e+02 1.433000000000000000e+03
9.250000000000000000e+02 1.443000000000000000e+03
9.310000000000000000e+02 1.458000000000000000e+03
9.360000000000000000e+02 1.475000000000000000e+03
9.490000000000000000e+02 1.514000000000000000e+03
9.700000000000000000e+02 1.421000000000000000e+03
9.770000000000000000e+02 1.419000000000000000e+03
9.830000000000000000e+02 1.416000000000000000e+03
1.026000000000000000e+03 1.399000000000000000e+03
1.162000000000000000e+03 1.301000000000000000e+03
9.090000000000000000e+02 1.084000000000000000e+03
9.260000000000000000e+02 1.012000000000000000e+03
9.470000000000000000e+02 1.016000000000000000e+03
9.630000000000000000e+02 1.423000000000000000e+03
1.170000000000000000e+03 1.391000000000000000e+03
8.930000000000000000e+02 1.013000000000000000e+03
9.710000000000000000e+02 1.550000000000000000e+03
8.840000000000000000e+02 1.106000000000000000e+03
9.360000000000000000e+02 1.184000000000000000e+03
9.160000000000000000e+02 1.571000000000000000e+03
1.051000000000000000e+03 1.480000000000000000e+03
1.008000000000000000e+03 1.279000000000000000e+03
1.015000000000000000e+03 1.520000000000000000e+03
1.085000000000000000e+03 1.272000000000000000e+03
1.038000000000000000e+03 1.317000000000000000e+03
1.115000000000000000e+03 1.332000000000000000e+03
9.310000000000000000e+02 1.616000000000000000e+03
9.590000000000000000e+02 1.203000000000000000e+03
1.086000000000000000e+03 1.508000000000000000e+03
1.040000000000000000e+03 1.551000000000000000e+03
1.079000000000000000e+03 1.434000000000000000e+03
1.202000000000000000e+03 1.344000000000000000e+03
1.126000000000000000e+03 1.436000000000000000e+03
1.223000000000000000e+03 1.371000000000000000e+03
1.065000000000000000e+03 1.367000000000000000e+03
9.330000000000000000e+02 1.147000000000000000e+03
9.370000000000000000e+02 1.264000000000000000e+03
9.600000000000000000e+02 1.270000000000000000e+03
9.200000000000000000e+02 1.242000000000000000e+03
9.560000000000000000e+02 9.790000000000000000e+02
1.017000000000000000e+03 9.570000000000000000e+02
1.070000000000000000e+03 9.540000000000000000e+02
1.112000000000000000e+03 9.630000000000000000e+02
1.140000000000000000e+03 9.800000000000000000e+02
1.154000000000000000e+03 1.039000000000000000e+03
1.252000000000000000e+03 1.128000000000000000e+03
1.124000000000000000e+03 1.091000000000000000e+03
1.087000000000000000e+03 1.103000000000000000e+03
1.039000000000000000e+03 1.102000000000000000e+03
9.950000000000000000e+02 1.093000000000000000e+03
9.610000000000000000e+02 1.081000000000000000e+03
9.380000000000000000e+02 1.070000000000000000e+03
1.255000000000000000e+03 1.126000000000000000e+03
9.600000000000000000e+02 1.278000000000000000e+03
9.100000000000000000e+02 1.161000000000000000e+03
9.110000000000000000e+02 1.270000000000000000e+03
8.930000000000000000e+02 1.288000000000000000e+03
9.120000000000000000e+02 1.275000000000000000e+03
9.500000000000000000e+02 1.289000000000000000e+03
8.850000000000000000e+02 1.292000000000000000e+03
8.820000000000000000e+02 1.299000000000000000e+03
9.380000000000000000e+02 1.042000000000000000e+03
9.190000000000000000e+02 1.050000000000000000e+03
9.080000000000000000e+02 1.058000000000000000e+03
1.111000000000000000e+03 1.024000000000000000e+03
1.134000000000000000e+03 1.008000000000000000e+03
6.700000000000000000e+02 1.027000000000000000e+03
7.050000000000000000e+02 1.024000000000000000e+03
6.700000000000000000e+02 9.940000000000000000e+02
6.350000000000000000e+02 1.029000000000000000e+03
6.710000000000000000e+02 1.059000000000000000e+03
1.045000000000000000e+03 1.026000000000000000e+03
1.084000000000000000e+03 1.027000000000000000e+03
1.045000000000000000e+03 9.920000000000000000e+02
1.006000000000000000e+03 1.025000000000000000e+03
1.045000000000000000e+03 1.059000000000000000e+03
0.000000000000000000e+00 0.000000000000000000e+00
1.749000000000000000e+03 0.000000000000000000e+00
1.749000000000000000e+03 2.187000000000000000e+03
0.000000000000000000e+00 2.187000000000000000e+03
8.700000000000000000e+01 0.000000000000000000e+00
8.700000000000000000e+01 2.187000000000000000e+03
0.000000000000000000e+00 1.090000000000000000e+02
1.749000000000000000e+03 1.090000000000000000e+02
1.750000000000000000e+02 0.000000000000000000e+00
1.750000000000000000e+02 2.187000000000000000e+03
0.000000000000000000e+00 2.180000000000000000e+02
1.749000000000000000e+03 2.180000000000000000e+02
2.620000000000000000e+02 0.000000000000000000e+00
2.620000000000000000e+02 2.187000000000000000e+03
0.000000000000000000e+00 3.280000000000000000e+02
1.749000000000000000e+03 3.280000000000000000e+02
3.500000000000000000e+02 0.000000000000000000e+00
3.500000000000000000e+02 2.187000000000000000e+03
0.000000000000000000e+00 4.370000000000000000e+02
1.749000000000000000e+03 4.370000000000000000e+02
4.370000000000000000e+02 0.000000000000000000e+00
4.370000000000000000e+02 2.187000000000000000e+03
0.000000000000000000e+00 5.470000000000000000e+02
1.749000000000000000e+03 5.470000000000000000e+02
5.250000000000000000e+02 0.000000000000000000e+00
5.250000000000000000e+02 2.187000000000000000e+03
0.000000000000000000e+00 6.560000000000000000e+02
1.749000000000000000e+03 6.560000000000000000e+02
6.120000000000000000e+02 0.000000000000000000e+00
6.120000000000000000e+02 2.187000000000000000e+03
0.000000000000000000e+00 7.650000000000000000e+02
1.749000000000000000e+03 7.650000000000000000e+02
7.000000000000000000e+02 0.000000000000000000e+00
7.000000000000000000e+02 2.187000000000000000e+03
0.000000000000000000e+00 8.750000000000000000e+02
1.749000000000000000e+03 8.750000000000000000e+02
7.870000000000000000e+02 0.000000000000000000e+00
7.870000000000000000e+02 2.187000000000000000e+03
0.000000000000000000e+00 9.840000000000000000e+02
1.749000000000000000e+03 9.840000000000000000e+02
8.750000000000000000e+02 0.000000000000000000e+00
8.750000000000000000e+02 2.187000000000000000e+03
0.000000000000000000e+00 1.094000000000000000e+03
1.749000000000000000e+03 1.094000000000000000e+03
9.620000000000000000e+02 0.000000000000000000e+00
9.620000000000000000e+02 2.187000000000000000e+03
0.000000000000000000e+00 1.203000000000000000e+03
1.749000000000000000e+03 1.203000000000000000e+03
1.050000000000000000e+03 0.000000000000000000e+00
1.050000000000000000e+03 2.187000000000000000e+03
0.000000000000000000e+00 1.312000000000000000e+03
1.749000000000000000e+03 1.312000000000000000e+03
1.137000000000000000e+03 0.000000000000000000e+00
1.137000000000000000e+03 2.187000000000000000e+03
0.000000000000000000e+00 1.422000000000000000e+03
1.749000000000000000e+03 1.422000000000000000e+03
1.225000000000000000e+03 0.000000000000000000e+00
1.225000000000000000e+03 2.187000000000000000e+03
0.000000000000000000e+00 1.531000000000000000e+03
1.749000000000000000e+03 1.531000000000000000e+03
1.312000000000000000e+03 0.000000000000000000e+00
1.312000000000000000e+03 2.187000000000000000e+03
0.000000000000000000e+00 1.641000000000000000e+03
1.749000000000000000e+03 1.641000000000000000e+03
1.400000000000000000e+03 0.000000000000000000e+00
1.400000000000000000e+03 2.187000000000000000e+03
0.000000000000000000e+00 1.750000000000000000e+03
1.749000000000000000e+03 1.750000000000000000e+03
1.487000000000000000e+03 0.000000000000000000e+00
1.487000000000000000e+03 2.187000000000000000e+03
0.000000000000000000e+00 1.859000000000000000e+03
1.749000000000000000e+03 1.859000000000000000e+03
1.575000000000000000e+03 0.000000000000000000e+00
1.575000000000000000e+03 2.187000000000000000e+03
0.000000000000000000e+00 1.969000000000000000e+03
1.749000000000000000e+03 1.969000000000000000e+03
1.662000000000000000e+03 0.000000000000000000e+00
1.662000000000000000e+03 2.187000000000000000e+03
0.000000000000000000e+00 2.078000000000000000e+03
1.749000000000000000e+03 2.078000000000000000e+03
