8.530000000000000000e+02 1.564000000000000000e+03
8.530000000000000000e+02 1.395000000000000000e+03
8.490000000000000000e+02 1.445000000000000000e+03
8.140000000000000000e+02 1.229000000000000000e+03
8.540000000000000000e+02 1.342000000000000000e+03
8.540000000000000000e+02 1.276000000000000000e+03
8.530000000000000000e+02 1.117000000000000000e+03
5.230000000000000000e+02 1.102000000000000000e+03
8.540000000000000000e+02 9.790000000000000000e+02
8.550000000000000000e+02 9.080000000000000000e+02
8.590000000000000000e+02 6.720000000000000000e+02
8.520000000000000000e+02 1.579000000000000000e+03
8.510000000000000000e+02 1.593000000000000000e+03
8.490000000000000000e+02 1.601000000000000000e+03
8.490000000000000000e+02 1.602000000000000000e+03
8.500000000000000000e+02 1.623000000000000000e+03
8.490000000000000000e+02 1.649000000000000000e+03
8.480000000000000000e+02 1.676000000000000000e+03
8.450000000000000000e+02 1.741000000000000000e+03
8.520000000000000000e+02 1.422000000000000000e+03
8.090000000000000000e+02 1.421000000000000000e+03
3.470000000000000000e+02 9.100000000000000000e+02
6.430000000000000000e+02 1.151000000000000000e+03
6.000000000000000000e+02 1.154000000000000000e+03
5.570000000000000000e+02 1.150000000000000000e+03
5.020000000000000000e+02 1.120000000000000000e+03
6.820000000000000000e+02 1.139000000000000000e+03
5.890000000000000000e+02 9.940000000000000000e+02
6.390000000000000000e+02 1.004000000000000000e+03
5.400000000000000000e+02 1.001000000000000000e+03
5.070000000000000000e+02 1.022000000000000000e+03
4.640000000000000000e+02 1.152000000000000000e+03
6.740000000000000000e+02 1.815000000000000000e+03
5.070000000000000000e+02 1.087000000000000000e+03
3.270000000000000000e+02 1.130000000000000000e+03
4.150000000000000000e+02 1.113000000000000000e+03
6.130000000000000000e+02 1.354000000000000000e+03
7.940000000000000000e+02 1.551000000000000000e+03
7.980000000000000000e+02 1.588000000000000000e+03
7.370000000000000000e+02 1.561000000000000000e+03
6.970000000000000000e+02 1.573000000000000000e+03
7.520000000000000000e+02 1.586000000000000000e+03
7.150000000000000000e+02 1.588000000000000000e+03
6.310000000000000000e+02 1.653000000000000000e+03
8.150000000000000000e+02 1.393000000000000000e+03
8.090000000000000000e+02 1.343000000000000000e+03
4.500000000000000000e+02 9.730000000000000000e+02
7.110000000000000000e+02 1.231000000000000000e+03
7.060000000000000000e+02 1.381000000000000000e+03
7.020000000000000000e+02 1.354000000000000000e+03
4.710000000000000000e+02 1.347000000000000000e+03
8.120000000000000000e+02 1.281000000000000000e+03
5.600000000000000000e+02 9.190000000000000000e+02
4.960000000000000000e+02 9.340000000000000000e+02
3.930000000000000000e+02 8.160000000000000000e+02
7.520000000000000000e+02 9.790000000000000000e+02
6.810000000000000000e+02 1.031000000000000000e+03
5.940000000000000000e+02 1.605000000000000000e+03
3.680000000000000000e+02 1.603000000000000000e+03
7.410000000000000000e+02 1.410000000000000000e+03
7.780000000000000000e+02 1.424000000000000000e+03
6.470000000000000000e+02 1.594000000000000000e+03
6.590000000000000000e+02 1.594000000000000000e+03
4.740000000000000000e+02 9.010000000000000000e+02
7.020000000000000000e+02 1.403000000000000000e+03
6.420000000000000000e+02 9.300000000000000000e+02
6.370000000000000000e+02 8.900000000000000000e+02
5.860000000000000000e+02 6.950000000000000000e+02
4.250000000000000000e+02 8.570000000000000000e+02
6.100000000000000000e+02 7.850000000000000000e+02
4.240000000000000000e+02 9.510000000000000000e+02
3.780000000000000000e+02 9.330000000000000000e+02
7.950000000000000000e+02 1.572000000000000000e+03
7.450000000000000000e+02 1.575000000000000000e+03
7.060000000000000000e+02 1.581000000000000000e+03
7.510000000000000000e+02 1.419000000000000000e+03
6.530000000000000000e+02 1.594000000000000000e+03
6.770000000000000000e+02 1.605000000000000000e+03
6.650000000000000000e+02 1.594000000000000000e+03
7.640000000000000000e+02 1.393000000000000000e+03
7.220000000000000000e+02 1.593000000000000000e+03
7.580000000000000000e+02 1.594000000000000000e+03
8.010000000000000000e+02 1.597000000000000000e+03
7.830000000000000000e+02 1.739000000000000000e+03
7.890000000000000000e+02 1.671000000000000000e+03
7.930000000000000000e+02 1.644000000000000000e+03
7.970000000000000000e+02 1.618000000000000000e+03
8.020000000000000000e+02 1.599000000000000000e+03
7.230000000000000000e+02 1.594000000000000000e+03
7.140000000000000000e+02 1.604000000000000000e+03
7.040000000000000000e+02 1.617000000000000000e+03
6.960000000000000000e+02 1.633000000000000000e+03
6.470000000000000000e+02 1.526000000000000000e+03
3.200000000000000000e+02 1.355000000000000000e+03
8.510000000000000000e+02 1.433000000000000000e+03
6.950000000000000000e+02 1.594000000000000000e+03
6.860000000000000000e+02 1.599000000000000000e+03
7.910000000000000000e+02 1.442000000000000000e+03
7.170000000000000000e+02 1.431000000000000000e+03
7.850000000000000000e+02 1.433000000000000000e+03
6.600000000000000000e+02 1.260000000000000000e+03
5.820000000000000000e+02 1.291000000000000000e+03
6.930000000000000000e+02 1.377000000000000000e+03
4.690000000000000000e+02 7.420000000000000000e+02
4.980000000000000000e+02 8.050000000000000000e+02
5.470000000000000000e+02 8.800000000000000000e+02
6.700000000000000000e+02 1.687000000000000000e+03
7.410000000000000000e+02 9.110000000000000000e+02
7.260000000000000000e+02 7.860000000000000000e+02
7.120000000000000000e+02 6.740000000000000000e+02
5.220000000000000000e+02 1.139000000000000000e+03
4.150000000000000000e+02 1.187000000000000000e+03
7.080000000000000000e+02 1.127000000000000000e+03
4.630000000000000000e+02 1.046000000000000000e+03
7.450000000000000000e+02 1.198000000000000000e+03
7.350000000000000000e+02 1.362000000000000000e+03
3.640000000000000000e+02 1.225000000000000000e+03
4.440000000000000000e+02 1.223000000000000000e+03
5.010000000000000000e+02 1.243000000000000000e+03
5.880000000000000000e+02 1.237000000000000000e+03
6.520000000000000000e+02 1.218000000000000000e+03
7.010000000000000000e+02 1.196000000000000000e+03
8.090000000000000000e+02 1.129000000000000000e+03
3.670000000000000000e+02 1.330000000000000000e+03
4.290000000000000000e+02 1.038000000000000000e+03
8.290000000000000000e+02 1.420000000000000000e+03
7.150000000000000000e+02 1.279000000000000000e+03
3.120000000000000000e+02 1.128000000000000000e+03
7.380000000000000000e+02 1.169000000000000000e+03
6.870000000000000000e+02 1.380000000000000000e+03
4.860000000000000000e+02 1.087000000000000000e+03
7.320000000000000000e+02 1.330000000000000000e+03
3.350000000000000000e+02 1.477000000000000000e+03
7.090000000000000000e+02 1.110000000000000000e+03
7.710000000000000000e+02 1.300000000000000000e+03
4.710000000000000000e+02 1.712000000000000000e+03
4.750000000000000000e+02 1.769000000000000000e+03
3.260000000000000000e+02 1.345000000000000000e+03
4.100000000000000000e+02 1.650000000000000000e+03
3.510000000000000000e+02 1.026000000000000000e+03
6.670000000000000000e+02 1.861000000000000000e+03
8.330000000000000000e+02 1.431000000000000000e+03
6.710000000000000000e+02 1.315000000000000000e+03
3.760000000000000000e+02 1.124000000000000000e+03
5.630000000000000000e+02 1.121000000000000000e+03
6.000000000000000000e+02 1.125000000000000000e+03
6.680000000000000000e+02 1.612000000000000000e+03
3.740000000000000000e+02 1.432000000000000000e+03
7.520000000000000000e+02 1.925000000000000000e+03
6.130000000000000000e+02 1.866000000000000000e+03
5.500000000000000000e+02 1.828000000000000000e+03
8.570000000000000000e+02 7.910000000000000000e+02
8.460000000000000000e+02 1.933000000000000000e+03
6.370000000000000000e+02 1.123000000000000000e+03
6.720000000000000000e+02 1.117000000000000000e+03
6.960000000000000000e+02 1.114000000000000000e+03
3.970000000000000000e+02 1.028000000000000000e+03
6.700000000000000000e+02 1.072000000000000000e+03
6.320000000000000000e+02 1.056000000000000000e+03
5.950000000000000000e+02 1.051000000000000000e+03
5.570000000000000000e+02 1.056000000000000000e+03
5.320000000000000000e+02 1.068000000000000000e+03
3.220000000000000000e+02 1.009000000000000000e+03
5.390000000000000000e+02 1.112000000000000000e+03
8.480000000000000000e+02 1.483000000000000000e+03
6.950000000000000000e+02 1.499000000000000000e+03
7.420000000000000000e+02 1.401000000000000000e+03
7.850000000000000000e+02 1.485000000000000000e+03
8.540000000000000000e+02 1.051000000000000000e+03
5.380000000000000000e+02 1.771000000000000000e+03
6.010000000000000000e+02 1.817000000000000000e+03
7.480000000000000000e+02 1.894000000000000000e+03
4.160000000000000000e+02 1.701000000000000000e+03
6.970000000000000000e+02 1.095000000000000000e+03
7.780000000000000000e+02 1.209000000000000000e+03
8.450000000000000000e+02 1.901000000000000000e+03
6.780000000000000000e+02 1.900000000000000000e+03
3.390000000000000000e+02 1.456000000000000000e+03
7.590000000000000000e+02 1.595000000000000000e+03
7.510000000000000000e+02 1.611000000000000000e+03
7.440000000000000000e+02 1.631000000000000000e+03
7.380000000000000000e+02 1.656000000000000000e+03
7.200000000000000000e+02 1.717000000000000000e+03
6.860000000000000000e+02 1.590000000000000000e+03
6.760000000000000000e+02 1.587000000000000000e+03
6.680000000000000000e+02 1.583000000000000000e+03
6.110000000000000000e+02 1.562000000000000000e+03
4.330000000000000000e+02 1.456000000000000000e+03
7.780000000000000000e+02 1.160000000000000000e+03
7.450000000000000000e+02 1.070000000000000000e+03
7.170000000000000000e+02 1.076000000000000000e+03
6.950000000000000000e+02 1.593000000000000000e+03
4.290000000000000000e+02 1.577000000000000000e+03
7.880000000000000000e+02 1.067000000000000000e+03
6.940000000000000000e+02 1.766000000000000000e+03
8.540000000000000000e+02 1.222000000000000000e+03
8.110000000000000000e+02 1.182000000000000000e+03
8.540000000000000000e+02 1.172000000000000000e+03
7.450000000000000000e+02 1.287000000000000000e+03
8.450000000000000000e+02 1.854000000000000000e+03
8.450000000000000000e+02 1.795000000000000000e+03
7.680000000000000000e+02 1.792000000000000000e+03
5.890000000000000000e+02 1.676000000000000000e+03
6.460000000000000000e+02 1.419000000000000000e+03
6.370000000000000000e+02 1.728000000000000000e+03
5.360000000000000000e+02 1.411000000000000000e+03
6.010000000000000000e+02 1.466000000000000000e+03
4.960000000000000000e+02 1.491000000000000000e+03
7.530000000000000000e+02 1.849000000000000000e+03
7.150000000000000000e+02 1.317000000000000000e+03
5.510000000000000000e+02 1.715000000000000000e+03
6.120000000000000000e+02 1.768000000000000000e+03
5.490000000000000000e+02 1.615000000000000000e+03
3.850000000000000000e+02 1.517000000000000000e+03
4.900000000000000000e+02 1.627000000000000000e+03
3.620000000000000000e+02 1.559000000000000000e+03
5.620000000000000000e+02 1.527000000000000000e+03
7.480000000000000000e+02 1.243000000000000000e+03
7.500000000000000000e+02 1.385000000000000000e+03
7.210000000000000000e+02 1.397000000000000000e+03
7.700000000000000000e+02 1.350000000000000000e+03
7.120000000000000000e+02 1.018000000000000000e+03
6.410000000000000000e+02 9.770000000000000000e+02
5.770000000000000000e+02 9.650000000000000000e+02
5.220000000000000000e+02 9.750000000000000000e+02
4.830000000000000000e+02 1.001000000000000000e+03
4.560000000000000000e+02 1.100000000000000000e+03
3.200000000000000000e+02 1.237000000000000000e+03
4.870000000000000000e+02 1.174000000000000000e+03
5.330000000000000000e+02 1.190000000000000000e+03
5.920000000000000000e+02 1.192000000000000000e+03
6.490000000000000000e+02 1.182000000000000000e+03
6.940000000000000000e+02 1.166000000000000000e+03
7.250000000000000000e+02 1.151000000000000000e+03
3.140000000000000000e+02 1.241000000000000000e+03
7.210000000000000000e+02 1.411000000000000000e+03
7.780000000000000000e+02 1.253000000000000000e+03
7.830000000000000000e+02 1.387000000000000000e+03
8.060000000000000000e+02 1.412000000000000000e+03
7.830000000000000000e+02 1.396000000000000000e+03
7.320000000000000000e+02 1.425000000000000000e+03
8.150000000000000000e+02 1.417000000000000000e+03
8.190000000000000000e+02 1.428000000000000000e+03
7.250000000000000000e+02 1.111000000000000000e+03
7.500000000000000000e+02 1.123000000000000000e+03
7.660000000000000000e+02 1.131000000000000000e+03
5.180000000000000000e+02 1.078000000000000000e+03
4.870000000000000000e+02 1.050000000000000000e+03
8.920000000000000000e+02 1.230000000000000000e+03
1.184000000000000000e+03 1.107000000000000000e+03
8.910000000000000000e+02 1.422000000000000000e+03
1.339000000000000000e+03 9.250000000000000000e+02
1.059000000000000000e+03 1.156000000000000000e+03
1.103000000000000000e+03 1.160000000000000000e+03
1.145000000000000000e+03 1.158000000000000000e+03
1.200000000000000000e+03 1.124000000000000000e+03
1.021000000000000000e+03 1.143000000000000000e+03
1.119000000000000000e+03 9.850000000000000000e+02
1.067000000000000000e+03 9.960000000000000000e+02
1.168000000000000000e+03 9.930000000000000000e+02
1.200000000000000000e+03 1.017000000000000000e+03
1.232000000000000000e+03 1.158000000000000000e+03
1.012000000000000000e+03 1.817000000000000000e+03
1.200000000000000000e+03 1.089000000000000000e+03
1.355000000000000000e+03 1.145000000000000000e+03
1.278000000000000000e+03 1.113000000000000000e+03
1.081000000000000000e+03 1.359000000000000000e+03
9.100000000000000000e+02 1.553000000000000000e+03
9.020000000000000000e+02 1.590000000000000000e+03
9.620000000000000000e+02 1.563000000000000000e+03
9.950000000000000000e+02 1.576000000000000000e+03
9.440000000000000000e+02 1.589000000000000000e+03
9.760000000000000000e+02 1.590000000000000000e+03
1.051000000000000000e+03 1.655000000000000000e+03
8.900000000000000000e+02 1.394000000000000000e+03
8.970000000000000000e+02 1.344000000000000000e+03
1.253000000000000000e+03 9.550000000000000000e+02
9.880000000000000000e+02 1.234000000000000000e+03
9.920000000000000000e+02 1.384000000000000000e+03
9.960000000000000000e+02 1.358000000000000000e+03
1.219000000000000000e+03 1.356000000000000000e+03
8.950000000000000000e+02 1.282000000000000000e+03
1.152000000000000000e+03 8.910000000000000000e+02
1.212000000000000000e+03 9.100000000000000000e+02
1.302000000000000000e+03 8.310000000000000000e+02
9.560000000000000000e+02 9.580000000000000000e+02
1.024000000000000000e+03 1.026000000000000000e+03
1.088000000000000000e+03 1.609000000000000000e+03
1.296000000000000000e+03 1.611000000000000000e+03
9.560000000000000000e+02 1.412000000000000000e+03
9.200000000000000000e+02 1.426000000000000000e+03
1.037000000000000000e+03 1.597000000000000000e+03
1.025000000000000000e+03 1.596000000000000000e+03
1.233000000000000000e+03 8.740000000000000000e+02
9.930000000000000000e+02 1.406000000000000000e+03
1.071000000000000000e+03 9.030000000000000000e+02
1.076000000000000000e+03 8.590000000000000000e+02
1.126000000000000000e+03 7.050000000000000000e+02
1.275000000000000000e+03 8.710000000000000000e+02
1.100000000000000000e+03 7.940000000000000000e+02
1.275000000000000000e+03 9.330000000000000000e+02
1.315000000000000000e+03 9.480000000000000000e+02
9.070000000000000000e+02 1.574000000000000000e+03
9.530000000000000000e+02 1.578000000000000000e+03
9.860000000000000000e+02 1.583000000000000000e+03
9.450000000000000000e+02 1.420000000000000000e+03
1.031000000000000000e+03 1.597000000000000000e+03
1.010000000000000000e+03 1.607000000000000000e+03
1.019000000000000000e+03 1.596000000000000000e+03
9.360000000000000000e+02 1.395000000000000000e+03
9.670000000000000000e+02 1.595000000000000000e+03
9.350000000000000000e+02 1.596000000000000000e+03
8.960000000000000000e+02 1.599000000000000000e+03
9.060000000000000000e+02 1.739000000000000000e+03
9.060000000000000000e+02 1.672000000000000000e+03
9.040000000000000000e+02 1.644000000000000000e+03
9.010000000000000000e+02 1.619000000000000000e+03
8.960000000000000000e+02 1.600000000000000000e+03
9.670000000000000000e+02 1.596000000000000000e+03
9.760000000000000000e+02 1.606000000000000000e+03
9.860000000000000000e+02 1.619000000000000000e+03
9.930000000000000000e+02 1.634000000000000000e+03
1.040000000000000000e+03 1.529000000000000000e+03
1.344000000000000000e+03 1.367000000000000000e+03
9.910000000000000000e+02 1.596000000000000000e+03
1.000000000000000000e+03 1.601000000000000000e+03
9.070000000000000000e+02 1.444000000000000000e+03
9.770000000000000000e+02 1.434000000000000000e+03
9.130000000000000000e+02 1.435000000000000000e+03
1.037000000000000000e+03 1.264000000000000000e+03
1.113000000000000000e+03 1.298000000000000000e+03
1.003000000000000000e+03 1.380000000000000000e+03
1.236000000000000000e+03 7.560000000000000000e+02
1.207000000000000000e+03 8.170000000000000000e+02
1.166000000000000000e+03 8.490000000000000000e+02
1.014000000000000000e+03 1.689000000000000000e+03
9.670000000000000000e+02 8.860000000000000000e+02
9.860000000000000000e+02 7.910000000000000000e+02
1.005000000000000000e+03 6.800000000000000000e+02
1.180000000000000000e+03 1.147000000000000000e+03
1.278000000000000000e+03 1.194000000000000000e+03
9.950000000000000000e+02 1.131000000000000000e+03
1.238000000000000000e+03 1.041000000000000000e+03
9.560000000000000000e+02 1.200000000000000000e+03
9.660000000000000000e+02 1.364000000000000000e+03
1.323000000000000000e+03 1.238000000000000000e+03
1.250000000000000000e+03 1.232000000000000000e+03
1.194000000000000000e+03 1.252000000000000000e+03
1.110000000000000000e+03 1.244000000000000000e+03
1.048000000000000000e+03 1.224000000000000000e+03
1.000000000000000000e+03 1.200000000000000000e+03
8.970000000000000000e+02 1.131000000000000000e+03
1.317000000000000000e+03 1.342000000000000000e+03
1.268000000000000000e+03 1.030000000000000000e+03
8.740000000000000000e+02 1.420000000000000000e+03
9.830000000000000000e+02 1.282000000000000000e+03
1.361000000000000000e+03 1.142000000000000000e+03
9.640000000000000000e+02 1.173000000000000000e+03
1.007000000000000000e+03 1.384000000000000000e+03
1.217000000000000000e+03 1.088000000000000000e+03
9.680000000000000000e+02 1.332000000000000000e+03
1.327000000000000000e+03 1.487000000000000000e+03
9.940000000000000000e+02 1.113000000000000000e+03
9.330000000000000000e+02 1.301000000000000000e+03
1.205000000000000000e+03 1.718000000000000000e+03
1.198000000000000000e+03 1.773000000000000000e+03
1.350000000000000000e+03 1.357000000000000000e+03
1.263000000000000000e+03 1.657000000000000000e+03
1.336000000000000000e+03 1.040000000000000000e+03
1.018000000000000000e+03 1.863000000000000000e+03
8.680000000000000000e+02 1.432000000000000000e+03
1.024000000000000000e+03 1.320000000000000000e+03
1.312000000000000000e+03 1.122000000000000000e+03
1.142000000000000000e+03 1.129000000000000000e+03
1.105000000000000000e+03 1.132000000000000000e+03
1.018000000000000000e+03 1.614000000000000000e+03
1.307000000000000000e+03 1.443000000000000000e+03
9.370000000000000000e+02 1.925000000000000000e+03
1.069000000000000000e+03 1.867000000000000000e+03
1.128000000000000000e+03 1.829000000000000000e+03
1.067000000000000000e+03 1.128000000000000000e+03
1.031000000000000000e+03 1.121000000000000000e+03
1.007000000000000000e+03 1.117000000000000000e+03
1.296000000000000000e+03 1.019000000000000000e+03
1.038000000000000000e+03 1.075000000000000000e+03
1.077000000000000000e+03 1.057000000000000000e+03
1.115000000000000000e+03 1.051000000000000000e+03
1.153000000000000000e+03 1.057000000000000000e+03
1.177000000000000000e+03 1.069000000000000000e+03
1.357000000000000000e+03 1.023000000000000000e+03
1.168000000000000000e+03 1.119000000000000000e+03
9.960000000000000000e+02 1.502000000000000000e+03
9.560000000000000000e+02 1.404000000000000000e+03
9.110000000000000000e+02 1.486000000000000000e+03
1.141000000000000000e+03 1.776000000000000000e+03
1.081000000000000000e+03 1.819000000000000000e+03
9.400000000000000000e+02 1.895000000000000000e+03
1.251000000000000000e+03 1.706000000000000000e+03
1.008000000000000000e+03 1.098000000000000000e+03
9.260000000000000000e+02 1.210000000000000000e+03
1.008000000000000000e+03 1.901000000000000000e+03
1.334000000000000000e+03 1.468000000000000000e+03
9.350000000000000000e+02 1.597000000000000000e+03
9.430000000000000000e+02 1.612000000000000000e+03
9.500000000000000000e+02 1.632000000000000000e+03
9.550000000000000000e+02 1.657000000000000000e+03
9.670000000000000000e+02 1.719000000000000000e+03
1.001000000000000000e+03 1.593000000000000000e+03
1.011000000000000000e+03 1.590000000000000000e+03
1.019000000000000000e+03 1.586000000000000000e+03
1.073000000000000000e+03 1.565000000000000000e+03
1.252000000000000000e+03 1.466000000000000000e+03
9.260000000000000000e+02 1.162000000000000000e+03
9.590000000000000000e+02 1.066000000000000000e+03
9.870000000000000000e+02 1.075000000000000000e+03
9.910000000000000000e+02 1.595000000000000000e+03
1.250000000000000000e+03 1.585000000000000000e+03
9.140000000000000000e+02 1.062000000000000000e+03
9.920000000000000000e+02 1.768000000000000000e+03
8.950000000000000000e+02 1.183000000000000000e+03
9.560000000000000000e+02 1.290000000000000000e+03
9.210000000000000000e+02 1.793000000000000000e+03
1.093000000000000000e+03 1.680000000000000000e+03
1.045000000000000000e+03 1.423000000000000000e+03
1.046000000000000000e+03 1.731000000000000000e+03
1.155000000000000000e+03 1.418000000000000000e+03
1.089000000000000000e+03 1.472000000000000000e+03
1.190000000000000000e+03 1.498000000000000000e+03
9.350000000000000000e+02 1.850000000000000000e+03
9.820000000000000000e+02 1.320000000000000000e+03
1.129000000000000000e+03 1.720000000000000000e+03
1.071000000000000000e+03 1.771000000000000000e+03
1.132000000000000000e+03 1.620000000000000000e+03
1.293000000000000000e+03 1.527000000000000000e+03
1.190000000000000000e+03 1.633000000000000000e+03
1.309000000000000000e+03 1.568000000000000000e+03
1.123000000000000000e+03 1.533000000000000000e+03
9.530000000000000000e+02 1.246000000000000000e+03
9.500000000000000000e+02 1.386000000000000000e+03
9.760000000000000000e+02 1.400000000000000000e+03
9.340000000000000000e+02 1.352000000000000000e+03
9.940000000000000000e+02 1.007000000000000000e+03
1.067000000000000000e+03 9.620000000000000000e+02
1.132000000000000000e+03 9.520000000000000000e+02
1.185000000000000000e+03 9.630000000000000000e+02
1.222000000000000000e+03 9.910000000000000000e+02
1.242000000000000000e+03 1.100000000000000000e+03
1.358000000000000000e+03 1.251000000000000000e+03
1.210000000000000000e+03 1.182000000000000000e+03
1.165000000000000000e+03 1.199000000000000000e+03
1.107000000000000000e+03 1.199000000000000000e+03
1.052000000000000000e+03 1.187000000000000000e+03
1.008000000000000000e+03 1.170000000000000000e+03
9.770000000000000000e+02 1.154000000000000000e+03
1.354000000000000000e+03 1.254000000000000000e+03
9.750000000000000000e+02 1.413000000000000000e+03
9.260000000000000000e+02 1.254000000000000000e+03
9.200000000000000000e+02 1.388000000000000000e+03
8.950000000000000000e+02 1.413000000000000000e+03
9.190000000000000000e+02 1.397000000000000000e+03
9.630000000000000000e+02 1.427000000000000000e+03
8.870000000000000000e+02 1.417000000000000000e+03
8.810000000000000000e+02 1.429000000000000000e+03
9.780000000000000000e+02 1.114000000000000000e+03
9.520000000000000000e+02 1.124000000000000000e+03
9.360000000000000000e+02 1.133000000000000000e+03
1.190000000000000000e+03 1.079000000000000000e+03
1.218000000000000000e+03 1.047000000000000000e+03
6.000000000000000000e+02 1.086000000000000000e+03
6.450000000000000000e+02 1.087000000000000000e+03
6.010000000000000000e+02 1.039000000000000000e+03
5.530000000000000000e+02 1.085000000000000000e+03
5.980000000000000000e+02 1.132000000000000000e+03
1.102000000000000000e+03 1.094000000000000000e+03
1.146000000000000000e+03 1.094000000000000000e+03
1.100000000000000000e+03 1.051000000000000000e+03
1.058000000000000000e+03 1.093000000000000000e+03
1.104000000000000000e+03 1.137000000000000000e+03
0.000000000000000000e+00 0.000000000000000000e+00
1.749000000000000000e+03 0.000000000000000000e+00
1.749000000000000000e+03 2.187000000000000000e+03
0.000000000000000000e+00 2.187000000000000000e+03
8.700000000000000000e+01 0.000000000000000000e+00
8.700000000000000000e+01 2.187000000000000000e+03
0.000000000000000000e+00 1.090000000000000000e+02
1.749000000000000000e+03 1.090000000000000000e+02
1.750000000000000000e+02 0.000000000000000000e+00
1.750000000000000000e+02 2.187000000000000000e+03
0.000000000000000000e+00 2.180000000000000000e+02
1.749000000000000000e+03 2.180000000000000000e+02
2.620000000000000000e+02 0.000000000000000000e+00
2.620000000000000000e+02 2.187000000000000000e+03
0.000000000000000000e+00 3.280000000000000000e+02
1.749000000000000000e+03 3.280000000000000000e+02
3.500000000000000000e+02 0.000000000000000000e+00
3.500000000000000000e+02 2.187000000000000000e+03
0.000000000000000000e+00 4.370000000000000000e+02
1.749000000000000000e+03 4.370000000000000000e+02
4.370000000000000000e+02 0.000000000000000000e+00
4.370000000000000000e+02 2.187000000000000000e+03
0.000000000000000000e+00 5.470000000000000000e+02
1.749000000000000000e+03 5.470000000000000000e+02
5.250000000000000000e+02 0.000000000000000000e+00
5.250000000000000000e+02 2.187000000000000000e+03
0.000000000000000000e+00 6.560000000000000000e+02
1.749000000000000000e+03 6.560000000000000000e+02
6.120000000000000000e+02 0.000000000000000000e+00
6.120000000000000000e+02 2.187000000000000000e+03
0.000000000000000000e+00 7.650000000000000000e+02
1.749000000000000000e+03 7.650000000000000000e+02
7.000000000000000000e+02 0.000000000000000000e+00
7.000000000000000000e+02 2.187000000000000000e+03
0.000000000000000000e+00 8.750000000000000000e+02
1.749000000000000000e+03 8.750000000000000000e+02
7.870000000000000000e+02 0.000000000000000000e+00
7.870000000000000000e+02 2.187000000000000000e+03
0.000000000000000000e+00 9.840000000000000000e+02
1.749000000000000000e+03 9.840000000000000000e+02
8.750000000000000000e+02 0.000000000000000000e+00
8.750000000000000000e+02 2.187000000000000000e+03
0.000000000000000000e+00 1.094000000000000000e+03
1.749000000000000000e+03 1.094000000000000000e+03
9.620000000000000000e+02 0.000000000000000000e+00
9.620000000000000000e+02 2.187000000000000000e+03
0.000000000000000000e+00 1.203000000000000000e+03
1.749000000000000000e+03 1.203000000000000000e+03
1.050000000000000000e+03 0.000000000000000000e+00
1.050000000000000000e+03 2.187000000000000000e+03
0.000000000000000000e+00 1.312000000000000000e+03
1.749000000000000000e+03 1.312000000000000000e+03
1.137000000000000000e+03 0.000000000000000000e+00
1.137000000000000000e+03 2.187000000000000000e+03
0.000000000000000000e+00 1.422000000000000000e+03
1.749000000000000000e+03 1.422000000000000000e+03
1.225000000000000000e+03 0.000000000000000000e+00
1.225000000000000000e+03 2.187000000000000000e+03
0.000000000000000000e+00 1.531000000000000000e+03
1.749000000000000000e+03 1.531000000000000000e+03
1.312000000000000000e+03 0.000000000000000000e+00
1.312000000000000000e+03 2.187000000000000000e+03
0.000000000000000000e+00 1.641000000000000000e+03
1.749000000000000000e+03 1.641000000000000000e+03
1.400000000000000000e+03 0.000000000000000000e+00
1.400000000000000000e+03 2.187000000000000000e+03
0.000000000000000000e+00 1.750000000000000000e+03
1.749000000000000000e+03 1.750000000000000000e+03
1.487000000000000000e+03 0.000000000000000000e+00
1.487000000000000000e+03 2.187000000000000000e+03
0.000000000000000000e+00 1.859000000000000000e+03
1.749000000000000000e+03 1.859000000000000000e+03
1.575000000000000000e+03 0.000000000000000000e+00
1.575000000000000000e+03 2.187000000000000000e+03
0.000000000000000000e+00 1.969000000000000000e+03
1.749000000000000000e+03 1.969000000000000000e+03
1.662000000000000000e+03 0.000000000000000000e+00
1.662000000000000000e+03 2.187000000000000000e+03
0.000000000000000000e+00 2.078000000000000000e+03
1.749000000000000000e+03 2.078000000000000000e+03
