8.750000000000000000e+02 1.407000000000000000e+03
8.750000000000000000e+02 1.274000000000000000e+03
8.730000000000000000e+02 1.307000000000000000e+03
8.460000000000000000e+02 1.150000000000000000e+03
8.750000000000000000e+02 1.237000000000000000e+03
8.750000000000000000e+02 1.186000000000000000e+03
8.760000000000000000e+02 1.064000000000000000e+03
6.410000000000000000e+02 1.041000000000000000e+03
8.760000000000000000e+02 9.810000000000000000e+02
8.760000000000000000e+02 9.350000000000000000e+02
8.790000000000000000e+02 7.560000000000000000e+02
8.740000000000000000e+02 1.422000000000000000e+03
8.730000000000000000e+02 1.436000000000000000e+03
8.720000000000000000e+02 1.445000000000000000e+03
8.720000000000000000e+02 1.445000000000000000e+03
8.720000000000000000e+02 1.465000000000000000e+03
8.720000000000000000e+02 1.489000000000000000e+03
8.710000000000000000e+02 1.514000000000000000e+03
8.700000000000000000e+02 1.553000000000000000e+03
8.740000000000000000e+02 1.292000000000000000e+03
8.410000000000000000e+02 1.289000000000000000e+03
5.190000000000000000e+02 9.130000000000000000e+02
7.320000000000000000e+02 1.072000000000000000e+03
7.000000000000000000e+02 1.076000000000000000e+03
6.690000000000000000e+02 1.075000000000000000e+03
6.270000000000000000e+02 1.055000000000000000e+03
7.590000000000000000e+02 1.064000000000000000e+03
6.810000000000000000e+02 9.780000000000000000e+02
7.190000000000000000e+02 9.810000000000000000e+02
6.470000000000000000e+02 9.840000000000000000e+02
6.260000000000000000e+02 9.980000000000000000e+02
5.980000000000000000e+02 1.080000000000000000e+03
7.430000000000000000e+02 1.591000000000000000e+03
6.290000000000000000e+02 1.032000000000000000e+03
5.050000000000000000e+02 1.066000000000000000e+03
5.600000000000000000e+02 1.055000000000000000e+03
7.080000000000000000e+02 1.235000000000000000e+03
8.320000000000000000e+02 1.398000000000000000e+03
8.340000000000000000e+02 1.434000000000000000e+03
7.890000000000000000e+02 1.410000000000000000e+03
7.590000000000000000e+02 1.422000000000000000e+03
8.000000000000000000e+02 1.434000000000000000e+03
7.720000000000000000e+02 1.436000000000000000e+03
7.170000000000000000e+02 1.474000000000000000e+03
8.460000000000000000e+02 1.272000000000000000e+03
8.420000000000000000e+02 1.237000000000000000e+03
5.800000000000000000e+02 9.750000000000000000e+02
7.750000000000000000e+02 1.142000000000000000e+03
7.660000000000000000e+02 1.259000000000000000e+03
7.640000000000000000e+02 1.239000000000000000e+03
6.120000000000000000e+02 1.229000000000000000e+03
8.440000000000000000e+02 1.190000000000000000e+03
6.570000000000000000e+02 9.410000000000000000e+02
6.110000000000000000e+02 9.520000000000000000e+02
5.500000000000000000e+02 8.510000000000000000e+02
8.030000000000000000e+02 9.750000000000000000e+02
7.520000000000000000e+02 9.960000000000000000e+02
6.950000000000000000e+02 1.435000000000000000e+03
5.460000000000000000e+02 1.397000000000000000e+03
7.910000000000000000e+02 1.280000000000000000e+03
8.180000000000000000e+02 1.291000000000000000e+03
7.190000000000000000e+02 1.440000000000000000e+03
7.270000000000000000e+02 1.441000000000000000e+03
5.950000000000000000e+02 9.300000000000000000e+02
7.640000000000000000e+02 1.275000000000000000e+03
7.200000000000000000e+02 9.460000000000000000e+02
7.140000000000000000e+02 9.190000000000000000e+02
6.840000000000000000e+02 7.710000000000000000e+02
5.700000000000000000e+02 8.870000000000000000e+02
7.020000000000000000e+02 8.400000000000000000e+02
5.620000000000000000e+02 9.590000000000000000e+02
5.380000000000000000e+02 9.360000000000000000e+02
8.320000000000000000e+02 1.418000000000000000e+03
7.950000000000000000e+02 1.423000000000000000e+03
7.650000000000000000e+02 1.429000000000000000e+03
7.990000000000000000e+02 1.286000000000000000e+03
7.230000000000000000e+02 1.440000000000000000e+03
7.410000000000000000e+02 1.451000000000000000e+03
7.320000000000000000e+02 1.441000000000000000e+03
8.080000000000000000e+02 1.268000000000000000e+03
7.770000000000000000e+02 1.441000000000000000e+03
8.050000000000000000e+02 1.442000000000000000e+03
8.360000000000000000e+02 1.443000000000000000e+03
8.220000000000000000e+02 1.550000000000000000e+03
8.260000000000000000e+02 1.511000000000000000e+03
8.290000000000000000e+02 1.486000000000000000e+03
8.320000000000000000e+02 1.462000000000000000e+03
8.360000000000000000e+02 1.443000000000000000e+03
7.770000000000000000e+02 1.441000000000000000e+03
7.690000000000000000e+02 1.450000000000000000e+03
7.610000000000000000e+02 1.463000000000000000e+03
7.540000000000000000e+02 1.477000000000000000e+03
7.330000000000000000e+02 1.372000000000000000e+03
5.070000000000000000e+02 1.219000000000000000e+03
8.740000000000000000e+02 1.299000000000000000e+03
7.560000000000000000e+02 1.441000000000000000e+03
7.480000000000000000e+02 1.446000000000000000e+03
8.290000000000000000e+02 1.305000000000000000e+03
7.760000000000000000e+02 1.296000000000000000e+03
8.240000000000000000e+02 1.298000000000000000e+03
7.400000000000000000e+02 1.163000000000000000e+03
6.870000000000000000e+02 1.188000000000000000e+03
7.580000000000000000e+02 1.255000000000000000e+03
6.020000000000000000e+02 8.020000000000000000e+02
6.220000000000000000e+02 8.530000000000000000e+02
6.470000000000000000e+02 9.140000000000000000e+02
7.430000000000000000e+02 1.503000000000000000e+03
7.930000000000000000e+02 9.300000000000000000e+02
7.850000000000000000e+02 8.390000000000000000e+02
7.740000000000000000e+02 7.570000000000000000e+02
6.420000000000000000e+02 1.069000000000000000e+03
5.630000000000000000e+02 1.105000000000000000e+03
7.770000000000000000e+02 1.056000000000000000e+03
5.940000000000000000e+02 1.013000000000000000e+03
7.980000000000000000e+02 1.119000000000000000e+03
7.870000000000000000e+02 1.246000000000000000e+03
5.310000000000000000e+02 1.135000000000000000e+03
5.860000000000000000e+02 1.133000000000000000e+03
6.280000000000000000e+02 1.148000000000000000e+03
6.920000000000000000e+02 1.142000000000000000e+03
7.380000000000000000e+02 1.126000000000000000e+03
7.710000000000000000e+02 1.110000000000000000e+03
8.430000000000000000e+02 1.073000000000000000e+03
5.390000000000000000e+02 1.211000000000000000e+03
5.680000000000000000e+02 1.010000000000000000e+03
8.570000000000000000e+02 1.290000000000000000e+03
7.770000000000000000e+02 1.179000000000000000e+03
4.970000000000000000e+02 1.062000000000000000e+03
7.970000000000000000e+02 1.093000000000000000e+03
7.560000000000000000e+02 1.256000000000000000e+03
6.140000000000000000e+02 1.034000000000000000e+03
7.860000000000000000e+02 1.222000000000000000e+03
5.210000000000000000e+02 1.305000000000000000e+03
7.770000000000000000e+02 1.044000000000000000e+03
8.140000000000000000e+02 1.202000000000000000e+03
6.130000000000000000e+02 1.494000000000000000e+03
6.140000000000000000e+02 1.531000000000000000e+03
5.110000000000000000e+02 1.216000000000000000e+03
5.770000000000000000e+02 1.441000000000000000e+03
5.210000000000000000e+02 9.960000000000000000e+02
7.360000000000000000e+02 1.625000000000000000e+03
8.600000000000000000e+02 1.297000000000000000e+03
7.470000000000000000e+02 1.206000000000000000e+03
5.330000000000000000e+02 1.060000000000000000e+03
6.720000000000000000e+02 1.052000000000000000e+03
7.000000000000000000e+02 1.054000000000000000e+03
7.340000000000000000e+02 1.458000000000000000e+03
5.490000000000000000e+02 1.283000000000000000e+03
7.960000000000000000e+02 1.674000000000000000e+03
6.970000000000000000e+02 1.620000000000000000e+03
6.580000000000000000e+02 1.583000000000000000e+03
8.770000000000000000e+02 8.420000000000000000e+02
8.670000000000000000e+02 1.681000000000000000e+03
7.270000000000000000e+02 1.051000000000000000e+03
7.520000000000000000e+02 1.047000000000000000e+03
7.690000000000000000e+02 1.045000000000000000e+03
5.450000000000000000e+02 1.001000000000000000e+03
7.470000000000000000e+02 1.018000000000000000e+03
7.180000000000000000e+02 1.008000000000000000e+03
6.900000000000000000e+02 1.006000000000000000e+03
6.620000000000000000e+02 1.012000000000000000e+03
6.450000000000000000e+02 1.020000000000000000e+03
5.040000000000000000e+02 9.790000000000000000e+02
6.540000000000000000e+02 1.047000000000000000e+03
8.730000000000000000e+02 1.339000000000000000e+03
7.640000000000000000e+02 1.351000000000000000e+03
7.920000000000000000e+02 1.274000000000000000e+03
8.260000000000000000e+02 1.340000000000000000e+03
8.760000000000000000e+02 1.021000000000000000e+03
6.520000000000000000e+02 1.545000000000000000e+03
6.920000000000000000e+02 1.585000000000000000e+03
7.950000000000000000e+02 1.653000000000000000e+03
5.790000000000000000e+02 1.473000000000000000e+03
7.670000000000000000e+02 1.033000000000000000e+03
8.210000000000000000e+02 1.131000000000000000e+03
8.680000000000000000e+02 1.660000000000000000e+03
7.420000000000000000e+02 1.652000000000000000e+03
5.250000000000000000e+02 1.295000000000000000e+03
8.040000000000000000e+02 1.442000000000000000e+03
7.970000000000000000e+02 1.457000000000000000e+03
7.910000000000000000e+02 1.476000000000000000e+03
7.860000000000000000e+02 1.498000000000000000e+03
7.770000000000000000e+02 1.530000000000000000e+03
7.490000000000000000e+02 1.438000000000000000e+03
7.420000000000000000e+02 1.435000000000000000e+03
7.360000000000000000e+02 1.431000000000000000e+03
7.090000000000000000e+02 1.401000000000000000e+03
5.910000000000000000e+02 1.306000000000000000e+03
8.210000000000000000e+02 1.093000000000000000e+03
8.010000000000000000e+02 1.023000000000000000e+03
7.800000000000000000e+02 1.024000000000000000e+03
7.560000000000000000e+02 1.441000000000000000e+03
5.890000000000000000e+02 1.392000000000000000e+03
8.300000000000000000e+02 1.026000000000000000e+03
7.590000000000000000e+02 1.558000000000000000e+03
8.760000000000000000e+02 1.144000000000000000e+03
8.440000000000000000e+02 1.113000000000000000e+03
8.750000000000000000e+02 1.106000000000000000e+03
7.970000000000000000e+02 1.189000000000000000e+03
8.690000000000000000e+02 1.627000000000000000e+03
8.690000000000000000e+02 1.587000000000000000e+03
8.120000000000000000e+02 1.582000000000000000e+03
6.870000000000000000e+02 1.484000000000000000e+03
7.290000000000000000e+02 1.285000000000000000e+03
7.190000000000000000e+02 1.526000000000000000e+03
6.580000000000000000e+02 1.278000000000000000e+03
7.000000000000000000e+02 1.322000000000000000e+03
6.330000000000000000e+02 1.336000000000000000e+03
8.000000000000000000e+02 1.621000000000000000e+03
7.760000000000000000e+02 1.209000000000000000e+03
6.610000000000000000e+02 1.508000000000000000e+03
7.010000000000000000e+02 1.552000000000000000e+03
6.640000000000000000e+02 1.436000000000000000e+03
5.590000000000000000e+02 1.345000000000000000e+03
6.260000000000000000e+02 1.437000000000000000e+03
5.440000000000000000e+02 1.370000000000000000e+03
6.760000000000000000e+02 1.370000000000000000e+03
8.000000000000000000e+02 1.154000000000000000e+03
7.980000000000000000e+02 1.262000000000000000e+03
7.770000000000000000e+02 1.271000000000000000e+03
8.130000000000000000e+02 1.239000000000000000e+03
7.750000000000000000e+02 9.930000000000000000e+02
7.200000000000000000e+02 9.700000000000000000e+02
6.720000000000000000e+02 9.650000000000000000e+02
6.330000000000000000e+02 9.730000000000000000e+02
6.070000000000000000e+02 9.880000000000000000e+02
5.910000000000000000e+02 1.045000000000000000e+03
5.030000000000000000e+02 1.140000000000000000e+03
6.170000000000000000e+02 1.096000000000000000e+03
6.500000000000000000e+02 1.107000000000000000e+03
6.950000000000000000e+02 1.106000000000000000e+03
7.360000000000000000e+02 1.097000000000000000e+03
7.670000000000000000e+02 1.086000000000000000e+03
7.890000000000000000e+02 1.076000000000000000e+03
5.000000000000000000e+02 1.140000000000000000e+03
7.770000000000000000e+02 1.281000000000000000e+03
8.200000000000000000e+02 1.165000000000000000e+03
8.220000000000000000e+02 1.266000000000000000e+03
8.400000000000000000e+02 1.283000000000000000e+03
8.220000000000000000e+02 1.271000000000000000e+03
7.860000000000000000e+02 1.292000000000000000e+03
8.460000000000000000e+02 1.287000000000000000e+03
8.490000000000000000e+02 1.295000000000000000e+03
7.880000000000000000e+02 1.046000000000000000e+03
8.060000000000000000e+02 1.058000000000000000e+03
8.160000000000000000e+02 1.067000000000000000e+03
6.360000000000000000e+02 1.026000000000000000e+03
6.130000000000000000e+02 1.013000000000000000e+03
9.040000000000000000e+02 1.150000000000000000e+03
1.106000000000000000e+03 1.057000000000000000e+03
9.060000000000000000e+02 1.289000000000000000e+03
1.220000000000000000e+03 9.210000000000000000e+02
1.016000000000000000e+03 1.085000000000000000e+03
1.048000000000000000e+03 1.088000000000000000e+03
1.078000000000000000e+03 1.088000000000000000e+03
1.120000000000000000e+03 1.070000000000000000e+03
9.880000000000000000e+02 1.079000000000000000e+03
1.066000000000000000e+03 9.840000000000000000e+02
1.028000000000000000e+03 9.880000000000000000e+02
1.101000000000000000e+03 9.920000000000000000e+02
1.122000000000000000e+03 1.007000000000000000e+03
1.146000000000000000e+03 1.094000000000000000e+03
9.940000000000000000e+02 1.591000000000000000e+03
1.118000000000000000e+03 1.047000000000000000e+03
1.235000000000000000e+03 1.074000000000000000e+03
1.182000000000000000e+03 1.070000000000000000e+03
1.039000000000000000e+03 1.238000000000000000e+03
9.160000000000000000e+02 1.395000000000000000e+03
9.100000000000000000e+02 1.432000000000000000e+03
9.550000000000000000e+02 1.403000000000000000e+03
9.800000000000000000e+02 1.414000000000000000e+03
9.410000000000000000e+02 1.430000000000000000e+03
9.660000000000000000e+02 1.430000000000000000e+03
1.022000000000000000e+03 1.475000000000000000e+03
9.030000000000000000e+02 1.273000000000000000e+03
9.080000000000000000e+02 1.237000000000000000e+03
1.165000000000000000e+03 9.840000000000000000e+02
9.730000000000000000e+02 1.144000000000000000e+03
9.820000000000000000e+02 1.261000000000000000e+03
9.840000000000000000e+02 1.240000000000000000e+03
1.133000000000000000e+03 1.234000000000000000e+03
9.060000000000000000e+02 1.190000000000000000e+03
1.091000000000000000e+03 9.450000000000000000e+02
1.135000000000000000e+03 9.580000000000000000e+02
1.194000000000000000e+03 8.590000000000000000e+02
9.470000000000000000e+02 9.750000000000000000e+02
9.940000000000000000e+02 1.005000000000000000e+03
1.045000000000000000e+03 1.437000000000000000e+03
1.190000000000000000e+03 1.403000000000000000e+03
9.550000000000000000e+02 1.281000000000000000e+03
9.280000000000000000e+02 1.292000000000000000e+03
1.012000000000000000e+03 1.432000000000000000e+03
1.004000000000000000e+03 1.432000000000000000e+03
1.152000000000000000e+03 9.370000000000000000e+02
9.830000000000000000e+02 1.277000000000000000e+03
1.030000000000000000e+03 9.480000000000000000e+02
1.035000000000000000e+03 9.220000000000000000e+02
1.069000000000000000e+03 7.760000000000000000e+02
1.175000000000000000e+03 8.950000000000000000e+02
1.050000000000000000e+03 8.450000000000000000e+02
1.184000000000000000e+03 9.700000000000000000e+02
1.204000000000000000e+03 9.450000000000000000e+02
9.140000000000000000e+02 1.416000000000000000e+03
9.480000000000000000e+02 1.418000000000000000e+03
9.730000000000000000e+02 1.422000000000000000e+03
9.470000000000000000e+02 1.288000000000000000e+03
1.008000000000000000e+03 1.432000000000000000e+03
9.930000000000000000e+02 1.444000000000000000e+03
1.000000000000000000e+03 1.433000000000000000e+03
9.390000000000000000e+02 1.270000000000000000e+03
9.600000000000000000e+02 1.435000000000000000e+03
9.350000000000000000e+02 1.437000000000000000e+03
9.060000000000000000e+02 1.441000000000000000e+03
9.170000000000000000e+02 1.550000000000000000e+03
9.140000000000000000e+02 1.509000000000000000e+03
9.130000000000000000e+02 1.484000000000000000e+03
9.100000000000000000e+02 1.460000000000000000e+03
9.060000000000000000e+02 1.441000000000000000e+03
9.600000000000000000e+02 1.436000000000000000e+03
9.670000000000000000e+02 1.445000000000000000e+03
9.740000000000000000e+02 1.457000000000000000e+03
9.800000000000000000e+02 1.471000000000000000e+03
1.010000000000000000e+03 1.373000000000000000e+03
1.229000000000000000e+03 1.227000000000000000e+03
9.780000000000000000e+02 1.434000000000000000e+03
9.850000000000000000e+02 1.439000000000000000e+03
9.180000000000000000e+02 1.306000000000000000e+03
9.690000000000000000e+02 1.298000000000000000e+03
9.230000000000000000e+02 1.299000000000000000e+03
1.007000000000000000e+03 1.166000000000000000e+03
1.060000000000000000e+03 1.191000000000000000e+03
9.900000000000000000e+02 1.257000000000000000e+03
1.147000000000000000e+03 8.090000000000000000e+02
1.126000000000000000e+03 8.600000000000000000e+02
1.102000000000000000e+03 9.200000000000000000e+02
9.950000000000000000e+02 1.503000000000000000e+03
9.590000000000000000e+02 9.310000000000000000e+02
9.700000000000000000e+02 8.420000000000000000e+02
9.830000000000000000e+02 7.600000000000000000e+02
1.104000000000000000e+03 1.083000000000000000e+03
1.180000000000000000e+03 1.118000000000000000e+03
9.690000000000000000e+02 1.071000000000000000e+03
1.151000000000000000e+03 1.026000000000000000e+03
9.500000000000000000e+02 1.120000000000000000e+03
9.610000000000000000e+02 1.247000000000000000e+03
1.212000000000000000e+03 1.143000000000000000e+03
1.158000000000000000e+03 1.144000000000000000e+03
1.116000000000000000e+03 1.156000000000000000e+03
1.054000000000000000e+03 1.149000000000000000e+03
1.008000000000000000e+03 1.135000000000000000e+03
9.740000000000000000e+02 1.119000000000000000e+03
9.070000000000000000e+02 1.073000000000000000e+03
1.205000000000000000e+03 1.218000000000000000e+03
1.176000000000000000e+03 1.023000000000000000e+03
8.910000000000000000e+02 1.290000000000000000e+03
9.710000000000000000e+02 1.181000000000000000e+03
1.239000000000000000e+03 1.070000000000000000e+03
9.480000000000000000e+02 1.101000000000000000e+03
9.910000000000000000e+02 1.258000000000000000e+03
1.133000000000000000e+03 1.049000000000000000e+03
9.630000000000000000e+02 1.223000000000000000e+03
1.215000000000000000e+03 1.312000000000000000e+03
9.680000000000000000e+02 1.059000000000000000e+03
9.350000000000000000e+02 1.203000000000000000e+03
1.125000000000000000e+03 1.496000000000000000e+03
1.120000000000000000e+03 1.531000000000000000e+03
1.230000000000000000e+03 1.224000000000000000e+03
1.162000000000000000e+03 1.444000000000000000e+03
1.220000000000000000e+03 1.004000000000000000e+03
9.990000000000000000e+02 1.624000000000000000e+03
8.870000000000000000e+02 1.298000000000000000e+03
1.000000000000000000e+03 1.208000000000000000e+03
1.210000000000000000e+03 1.076000000000000000e+03
1.075000000000000000e+03 1.067000000000000000e+03
1.049000000000000000e+03 1.069000000000000000e+03
9.990000000000000000e+02 1.450000000000000000e+03
1.195000000000000000e+03 1.290000000000000000e+03
9.380000000000000000e+02 1.673000000000000000e+03
1.036000000000000000e+03 1.617000000000000000e+03
1.076000000000000000e+03 1.581000000000000000e+03
1.022000000000000000e+03 1.066000000000000000e+03
9.950000000000000000e+02 1.063000000000000000e+03
9.770000000000000000e+02 1.062000000000000000e+03
1.199000000000000000e+03 1.017000000000000000e+03
1.001000000000000000e+03 1.032000000000000000e+03
1.030000000000000000e+03 1.020000000000000000e+03
1.059000000000000000e+03 1.017000000000000000e+03
1.087000000000000000e+03 1.023000000000000000e+03
1.103000000000000000e+03 1.033000000000000000e+03
1.234000000000000000e+03 9.880000000000000000e+02
1.093000000000000000e+03 1.063000000000000000e+03
9.800000000000000000e+02 1.352000000000000000e+03
9.550000000000000000e+02 1.275000000000000000e+03
9.200000000000000000e+02 1.341000000000000000e+03
1.085000000000000000e+03 1.545000000000000000e+03
1.044000000000000000e+03 1.585000000000000000e+03
9.410000000000000000e+02 1.653000000000000000e+03
1.156000000000000000e+03 1.476000000000000000e+03
9.790000000000000000e+02 1.049000000000000000e+03
9.290000000000000000e+02 1.132000000000000000e+03
9.920000000000000000e+02 1.649000000000000000e+03
1.215000000000000000e+03 1.303000000000000000e+03
9.350000000000000000e+02 1.438000000000000000e+03
9.420000000000000000e+02 1.452000000000000000e+03
9.480000000000000000e+02 1.471000000000000000e+03
9.510000000000000000e+02 1.494000000000000000e+03
9.620000000000000000e+02 1.530000000000000000e+03
9.860000000000000000e+02 1.430000000000000000e+03
9.930000000000000000e+02 1.427000000000000000e+03
9.990000000000000000e+02 1.423000000000000000e+03
1.033000000000000000e+03 1.403000000000000000e+03
1.153000000000000000e+03 1.311000000000000000e+03
9.280000000000000000e+02 1.094000000000000000e+03
9.460000000000000000e+02 1.032000000000000000e+03
9.660000000000000000e+02 1.036000000000000000e+03
9.780000000000000000e+02 1.434000000000000000e+03
1.152000000000000000e+03 1.397000000000000000e+03
9.160000000000000000e+02 1.031000000000000000e+03
9.790000000000000000e+02 1.558000000000000000e+03
9.060000000000000000e+02 1.113000000000000000e+03
9.520000000000000000e+02 1.190000000000000000e+03
9.260000000000000000e+02 1.582000000000000000e+03
1.052000000000000000e+03 1.486000000000000000e+03
1.016000000000000000e+03 1.287000000000000000e+03
1.019000000000000000e+03 1.526000000000000000e+03
1.087000000000000000e+03 1.282000000000000000e+03
1.043000000000000000e+03 1.325000000000000000e+03
1.111000000000000000e+03 1.340000000000000000e+03
9.370000000000000000e+02 1.621000000000000000e+03
9.720000000000000000e+02 1.210000000000000000e+03
1.078000000000000000e+03 1.509000000000000000e+03
1.036000000000000000e+03 1.552000000000000000e+03
1.076000000000000000e+03 1.439000000000000000e+03
1.182000000000000000e+03 1.351000000000000000e+03
1.114000000000000000e+03 1.440000000000000000e+03
1.195000000000000000e+03 1.376000000000000000e+03
1.066000000000000000e+03 1.373000000000000000e+03
9.490000000000000000e+02 1.156000000000000000e+03
9.500000000000000000e+02 1.264000000000000000e+03
9.700000000000000000e+02 1.273000000000000000e+03
9.360000000000000000e+02 1.240000000000000000e+03
9.730000000000000000e+02 9.990000000000000000e+02
1.028000000000000000e+03 9.750000000000000000e+02
1.076000000000000000e+03 9.710000000000000000e+02
1.114000000000000000e+03 9.800000000000000000e+02
1.140000000000000000e+03 9.980000000000000000e+02
1.154000000000000000e+03 1.060000000000000000e+03
1.237000000000000000e+03 1.148000000000000000e+03
1.128000000000000000e+03 1.108000000000000000e+03
1.095000000000000000e+03 1.118000000000000000e+03
1.052000000000000000e+03 1.116000000000000000e+03
1.011000000000000000e+03 1.108000000000000000e+03
9.790000000000000000e+02 1.098000000000000000e+03
9.570000000000000000e+02 1.087000000000000000e+03
1.236000000000000000e+03 1.148000000000000000e+03
9.700000000000000000e+02 1.282000000000000000e+03
9.290000000000000000e+02 1.166000000000000000e+03
9.270000000000000000e+02 1.267000000000000000e+03
9.080000000000000000e+02 1.284000000000000000e+03
9.260000000000000000e+02 1.272000000000000000e+03
9.600000000000000000e+02 1.293000000000000000e+03
9.020000000000000000e+02 1.288000000000000000e+03
8.980000000000000000e+02 1.295000000000000000e+03
9.570000000000000000e+02 1.061000000000000000e+03
9.400000000000000000e+02 1.068000000000000000e+03
9.290000000000000000e+02 1.075000000000000000e+03
1.112000000000000000e+03 1.040000000000000000e+03
1.134000000000000000e+03 1.026000000000000000e+03
6.930000000000000000e+02 1.028000000000000000e+03
7.270000000000000000e+02 1.028000000000000000e+03
6.940000000000000000e+02 9.960000000000000000e+02
6.590000000000000000e+02 1.028000000000000000e+03
6.920000000000000000e+02 1.060000000000000000e+03
1.056000000000000000e+03 1.043000000000000000e+03
1.090000000000000000e+03 1.043000000000000000e+03
1.056000000000000000e+03 1.012000000000000000e+03
1.021000000000000000e+03 1.042000000000000000e+03
1.056000000000000000e+03 1.074000000000000000e+03
0.000000000000000000e+00 0.000000000000000000e+00
1.749000000000000000e+03 0.000000000000000000e+00
1.749000000000000000e+03 2.187000000000000000e+03
0.000000000000000000e+00 2.187000000000000000e+03
8.700000000000000000e+01 0.000000000000000000e+00
8.700000000000000000e+01 2.187000000000000000e+03
0.000000000000000000e+00 1.090000000000000000e+02
1.749000000000000000e+03 1.090000000000000000e+02
1.750000000000000000e+02 0.000000000000000000e+00
1.750000000000000000e+02 2.187000000000000000e+03
0.000000000000000000e+00 2.180000000000000000e+02
1.749000000000000000e+03 2.180000000000000000e+02
2.620000000000000000e+02 0.000000000000000000e+00
2.620000000000000000e+02 2.187000000000000000e+03
0.000000000000000000e+00 3.280000000000000000e+02
1.749000000000000000e+03 3.280000000000000000e+02
3.500000000000000000e+02 0.000000000000000000e+00
3.500000000000000000e+02 2.187000000000000000e+03
0.000000000000000000e+00 4.370000000000000000e+02
1.749000000000000000e+03 4.370000000000000000e+02
4.370000000000000000e+02 0.000000000000000000e+00
4.370000000000000000e+02 2.187000000000000000e+03
0.000000000000000000e+00 5.470000000000000000e+02
1.749000000000000000e+03 5.470000000000000000e+02
5.250000000000000000e+02 0.000000000000000000e+00
5.250000000000000000e+02 2.187000000000000000e+03
0.000000000000000000e+00 6.560000000000000000e+02
1.749000000000000000e+03 6.560000000000000000e+02
6.120000000000000000e+02 0.000000000000000000e+00
6.120000000000000000e+02 2.187000000000000000e+03
0.000000000000000000e+00 7.650000000000000000e+02
1.749000000000000000e+03 7.650000000000000000e+02
7.000000000000000000e+02 0.000000000000000000e+00
7.000000000000000000e+02 2.187000000000000000e+03
0.000000000000000000e+00 8.750000000000000000e+02
1.749000000000000000e+03 8.750000000000000000e+02
7.870000000000000000e+02 0.000000000000000000e+00
7.870000000000000000e+02 2.187000000000000000e+03
0.000000000000000000e+00 9.840000000000000000e+02
1.749000000000000000e+03 9.840000000000000000e+02
8.750000000000000000e+02 0.000000000000000000e+00
8.750000000000000000e+02 2.187000000000000000e+03
0.000000000000000000e+00 1.094000000000000000e+03
1.749000000000000000e+03 1.094000000000000000e+03
9.620000000000000000e+02 0.000000000000000000e+00
9.620000000000000000e+02 2.187000000000000000e+03
0.000000000000000000e+00 1.203000000000000000e+03
1.749000000000000000e+03 1.203000000000000000e+03
1.050000000000000000e+03 0.000000000000000000e+00
1.050000000000000000e+03 2.187000000000000000e+03
0.000000000000000000e+00 1.312000000000000000e+03
1.749000000000000000e+03 1.312000000000000000e+03
1.137000000000000000e+03 0.000000000000000000e+00
1.137000000000000000e+03 2.187000000000000000e+03
0.000000000000000000e+00 1.422000000000000000e+03
1.749000000000000000e+03 1.422000000000000000e+03
1.225000000000000000e+03 0.000000000000000000e+00
1.225000000000000000e+03 2.187000000000000000e+03
0.000000000000000000e+00 1.531000000000000000e+03
1.749000000000000000e+03 1.531000000000000000e+03
1.312000000000000000e+03 0.000000000000000000e+00
1.312000000000000000e+03 2.187000000000000000e+03
0.000000000000000000e+00 1.641000000000000000e+03
1.749000000000000000e+03 1.641000000000000000e+03
1.400000000000000000e+03 0.000000000000000000e+00
1.400000000000000000e+03 2.187000000000000000e+03
0.000000000000000000e+00 1.750000000000000000e+03
1.749000000000000000e+03 1.750000000000000000e+03
1.487000000000000000e+03 0.000000000000000000e+00
1.487000000000000000e+03 2.187000000000000000e+03
0.000000000000000000e+00 1.859000000000000000e+03
1.749000000000000000e+03 1.859000000000000000e+03
1.575000000000000000e+03 0.000000000000000000e+00
1.575000000000000000e+03 2.187000000000000000e+03
0.000000000000000000e+00 1.969000000000000000e+03
1.749000000000000000e+03 1.969000000000000000e+03
1.662000000000000000e+03 0.000000000000000000e+00
1.662000000000000000e+03 2.187000000000000000e+03
0.000000000000000000e+00 2.078000000000000000e+03
1.749000000000000000e+03 2.078000000000000000e+03
