8.510000000000000000e+02 1.449000000000000000e+03
8.490000000000000000e+02 1.332000000000000000e+03
8.490000000000000000e+02 1.360000000000000000e+03
8.200000000000000000e+02 1.185000000000000000e+03
8.480000000000000000e+02 1.292000000000000000e+03
8.490000000000000000e+02 1.232000000000000000e+03
8.520000000000000000e+02 1.082000000000000000e+03
6.070000000000000000e+02 1.038000000000000000e+03
8.540000000000000000e+02 9.700000000000000000e+02
8.550000000000000000e+02 9.160000000000000000e+02
8.590000000000000000e+02 7.270000000000000000e+02
8.510000000000000000e+02 1.459000000000000000e+03
8.510000000000000000e+02 1.466000000000000000e+03
8.510000000000000000e+02 1.472000000000000000e+03
8.500000000000000000e+02 1.473000000000000000e+03
8.510000000000000000e+02 1.489000000000000000e+03
8.510000000000000000e+02 1.508000000000000000e+03
8.510000000000000000e+02 1.528000000000000000e+03
8.480000000000000000e+02 1.555000000000000000e+03
8.490000000000000000e+02 1.349000000000000000e+03
8.140000000000000000e+02 1.343000000000000000e+03
4.880000000000000000e+02 8.850000000000000000e+02
7.060000000000000000e+02 1.080000000000000000e+03
6.680000000000000000e+02 1.081000000000000000e+03
6.320000000000000000e+02 1.079000000000000000e+03
5.950000000000000000e+02 1.056000000000000000e+03
7.400000000000000000e+02 1.074000000000000000e+03
6.520000000000000000e+02 9.690000000000000000e+02
6.980000000000000000e+02 9.750000000000000000e+02
6.130000000000000000e+02 9.750000000000000000e+02
5.910000000000000000e+02 9.900000000000000000e+02
5.620000000000000000e+02 1.084000000000000000e+03
7.210000000000000000e+02 1.607000000000000000e+03
5.970000000000000000e+02 1.028000000000000000e+03
4.620000000000000000e+02 1.052000000000000000e+03
5.300000000000000000e+02 1.057000000000000000e+03
6.780000000000000000e+02 1.262000000000000000e+03
8.090000000000000000e+02 1.441000000000000000e+03
8.120000000000000000e+02 1.463000000000000000e+03
7.690000000000000000e+02 1.449000000000000000e+03
7.400000000000000000e+02 1.457000000000000000e+03
7.790000000000000000e+02 1.464000000000000000e+03
7.520000000000000000e+02 1.466000000000000000e+03
6.940000000000000000e+02 1.493000000000000000e+03
8.180000000000000000e+02 1.330000000000000000e+03
8.130000000000000000e+02 1.290000000000000000e+03
5.450000000000000000e+02 9.660000000000000000e+02
7.510000000000000000e+02 1.162000000000000000e+03
7.400000000000000000e+02 1.304000000000000000e+03
7.390000000000000000e+02 1.279000000000000000e+03
5.740000000000000000e+02 1.248000000000000000e+03
8.160000000000000000e+02 1.235000000000000000e+03
6.200000000000000000e+02 9.280000000000000000e+02
5.730000000000000000e+02 9.390000000000000000e+02
5.200000000000000000e+02 8.210000000000000000e+02
7.790000000000000000e+02 9.660000000000000000e+02
7.370000000000000000e+02 9.940000000000000000e+02
6.670000000000000000e+02 1.461000000000000000e+03
5.030000000000000000e+02 1.401000000000000000e+03
7.660000000000000000e+02 1.327000000000000000e+03
7.920000000000000000e+02 1.339000000000000000e+03
7.010000000000000000e+02 1.471000000000000000e+03
7.090000000000000000e+02 1.471000000000000000e+03
5.610000000000000000e+02 9.160000000000000000e+02
7.380000000000000000e+02 1.317000000000000000e+03
6.870000000000000000e+02 9.330000000000000000e+02
6.820000000000000000e+02 9.030000000000000000e+02
6.530000000000000000e+02 7.420000000000000000e+02
5.380000000000000000e+02 8.650000000000000000e+02
6.700000000000000000e+02 8.190000000000000000e+02
5.310000000000000000e+02 9.480000000000000000e+02
5.050000000000000000e+02 9.150000000000000000e+02
8.100000000000000000e+02 1.454000000000000000e+03
7.740000000000000000e+02 1.457000000000000000e+03
7.460000000000000000e+02 1.462000000000000000e+03
7.730000000000000000e+02 1.333000000000000000e+03
7.050000000000000000e+02 1.471000000000000000e+03
7.220000000000000000e+02 1.478000000000000000e+03
7.130000000000000000e+02 1.471000000000000000e+03
7.810000000000000000e+02 1.322000000000000000e+03
7.570000000000000000e+02 1.469000000000000000e+03
7.840000000000000000e+02 1.468000000000000000e+03
8.150000000000000000e+02 1.469000000000000000e+03
8.040000000000000000e+02 1.553000000000000000e+03
8.070000000000000000e+02 1.525000000000000000e+03
8.090000000000000000e+02 1.505000000000000000e+03
8.120000000000000000e+02 1.486000000000000000e+03
8.150000000000000000e+02 1.471000000000000000e+03
7.560000000000000000e+02 1.470000000000000000e+03
7.500000000000000000e+02 1.477000000000000000e+03
7.430000000000000000e+02 1.486000000000000000e+03
7.370000000000000000e+02 1.498000000000000000e+03
7.060000000000000000e+02 1.408000000000000000e+03
4.640000000000000000e+02 1.207000000000000000e+03
8.490000000000000000e+02 1.354000000000000000e+03
7.360000000000000000e+02 1.470000000000000000e+03
7.290000000000000000e+02 1.474000000000000000e+03
8.040000000000000000e+02 1.355000000000000000e+03
7.510000000000000000e+02 1.338000000000000000e+03
7.990000000000000000e+02 1.347000000000000000e+03
7.150000000000000000e+02 1.183000000000000000e+03
6.560000000000000000e+02 1.208000000000000000e+03
7.330000000000000000e+02 1.293000000000000000e+03
5.700000000000000000e+02 7.720000000000000000e+02
5.900000000000000000e+02 8.310000000000000000e+02
6.120000000000000000e+02 8.980000000000000000e+02
7.230000000000000000e+02 1.516000000000000000e+03
7.680000000000000000e+02 9.150000000000000000e+02
7.570000000000000000e+02 8.210000000000000000e+02
7.470000000000000000e+02 7.290000000000000000e+02
6.070000000000000000e+02 1.070000000000000000e+03
5.230000000000000000e+02 1.114000000000000000e+03
7.620000000000000000e+02 1.067000000000000000e+03
5.620000000000000000e+02 1.009000000000000000e+03
7.740000000000000000e+02 1.138000000000000000e+03
7.590000000000000000e+02 1.295000000000000000e+03
4.870000000000000000e+02 1.136000000000000000e+03
5.370000000000000000e+02 1.143000000000000000e+03
5.750000000000000000e+02 1.160000000000000000e+03
6.450000000000000000e+02 1.156000000000000000e+03
7.000000000000000000e+02 1.141000000000000000e+03
7.400000000000000000e+02 1.124000000000000000e+03
8.190000000000000000e+02 1.090000000000000000e+03
4.930000000000000000e+02 1.220000000000000000e+03
5.360000000000000000e+02 1.006000000000000000e+03
8.300000000000000000e+02 1.347000000000000000e+03
7.530000000000000000e+02 1.207000000000000000e+03
4.580000000000000000e+02 1.039000000000000000e+03
7.700000000000000000e+02 1.105000000000000000e+03
7.310000000000000000e+02 1.291000000000000000e+03
5.840000000000000000e+02 1.032000000000000000e+03
7.590000000000000000e+02 1.264000000000000000e+03
4.770000000000000000e+02 1.302000000000000000e+03
7.660000000000000000e+02 1.052000000000000000e+03
7.860000000000000000e+02 1.245000000000000000e+03
5.740000000000000000e+02 1.511000000000000000e+03
5.790000000000000000e+02 1.544000000000000000e+03
4.630000000000000000e+02 1.216000000000000000e+03
5.310000000000000000e+02 1.456000000000000000e+03
4.820000000000000000e+02 9.780000000000000000e+02
7.150000000000000000e+02 1.640000000000000000e+03
8.340000000000000000e+02 1.352000000000000000e+03
7.210000000000000000e+02 1.233000000000000000e+03
5.070000000000000000e+02 1.065000000000000000e+03
6.370000000000000000e+02 1.052000000000000000e+03
6.670000000000000000e+02 1.056000000000000000e+03
7.160000000000000000e+02 1.483000000000000000e+03
5.020000000000000000e+02 1.297000000000000000e+03
7.790000000000000000e+02 1.686000000000000000e+03
6.770000000000000000e+02 1.633000000000000000e+03
6.320000000000000000e+02 1.597000000000000000e+03
8.560000000000000000e+02 8.240000000000000000e+02
8.510000000000000000e+02 1.694000000000000000e+03
7.000000000000000000e+02 1.055000000000000000e+03
7.330000000000000000e+02 1.053000000000000000e+03
7.550000000000000000e+02 1.054000000000000000e+03
5.190000000000000000e+02 9.980000000000000000e+02
7.300000000000000000e+02 1.020000000000000000e+03
6.950000000000000000e+02 1.006000000000000000e+03
6.600000000000000000e+02 1.002000000000000000e+03
6.280000000000000000e+02 1.006000000000000000e+03
6.110000000000000000e+02 1.015000000000000000e+03
4.680000000000000000e+02 9.530000000000000000e+02
6.190000000000000000e+02 1.045000000000000000e+03
8.480000000000000000e+02 1.387000000000000000e+03
7.390000000000000000e+02 1.392000000000000000e+03
7.660000000000000000e+02 1.323000000000000000e+03
8.010000000000000000e+02 1.387000000000000000e+03
8.540000000000000000e+02 1.024000000000000000e+03
6.220000000000000000e+02 1.562000000000000000e+03
6.660000000000000000e+02 1.601000000000000000e+03
7.750000000000000000e+02 1.667000000000000000e+03
5.380000000000000000e+02 1.483000000000000000e+03
7.550000000000000000e+02 1.040000000000000000e+03
7.950000000000000000e+02 1.158000000000000000e+03
8.490000000000000000e+02 1.674000000000000000e+03
7.240000000000000000e+02 1.665000000000000000e+03
4.760000000000000000e+02 1.301000000000000000e+03
7.840000000000000000e+02 1.470000000000000000e+03
7.770000000000000000e+02 1.481000000000000000e+03
7.720000000000000000e+02 1.496000000000000000e+03
7.690000000000000000e+02 1.514000000000000000e+03
7.590000000000000000e+02 1.538000000000000000e+03
7.290000000000000000e+02 1.468000000000000000e+03
7.230000000000000000e+02 1.466000000000000000e+03
7.170000000000000000e+02 1.464000000000000000e+03
6.800000000000000000e+02 1.432000000000000000e+03
5.470000000000000000e+02 1.326000000000000000e+03
7.970000000000000000e+02 1.111000000000000000e+03
7.900000000000000000e+02 1.027000000000000000e+03
7.700000000000000000e+02 1.028000000000000000e+03
7.360000000000000000e+02 1.470000000000000000e+03
5.450000000000000000e+02 1.411000000000000000e+03
8.120000000000000000e+02 1.029000000000000000e+03
7.390000000000000000e+02 1.572000000000000000e+03
8.500000000000000000e+02 1.181000000000000000e+03
8.190000000000000000e+02 1.140000000000000000e+03
8.510000000000000000e+02 1.133000000000000000e+03
7.710000000000000000e+02 1.223000000000000000e+03
8.480000000000000000e+02 1.640000000000000000e+03
8.480000000000000000e+02 1.595000000000000000e+03
7.920000000000000000e+02 1.592000000000000000e+03
6.590000000000000000e+02 1.505000000000000000e+03
7.010000000000000000e+02 1.318000000000000000e+03
6.960000000000000000e+02 1.543000000000000000e+03
6.220000000000000000e+02 1.304000000000000000e+03
6.690000000000000000e+02 1.353000000000000000e+03
5.920000000000000000e+02 1.361000000000000000e+03
7.800000000000000000e+02 1.635000000000000000e+03
7.520000000000000000e+02 1.242000000000000000e+03
6.310000000000000000e+02 1.527000000000000000e+03
6.750000000000000000e+02 1.569000000000000000e+03
6.310000000000000000e+02 1.461000000000000000e+03
5.130000000000000000e+02 1.361000000000000000e+03
5.880000000000000000e+02 1.459000000000000000e+03
4.950000000000000000e+02 1.381000000000000000e+03
6.420000000000000000e+02 1.399000000000000000e+03
7.750000000000000000e+02 1.181000000000000000e+03
7.700000000000000000e+02 1.315000000000000000e+03
7.500000000000000000e+02 1.319000000000000000e+03
7.840000000000000000e+02 1.292000000000000000e+03
7.590000000000000000e+02 9.890000000000000000e+02
6.940000000000000000e+02 9.620000000000000000e+02
6.380000000000000000e+02 9.550000000000000000e+02
5.950000000000000000e+02 9.620000000000000000e+02
5.700000000000000000e+02 9.800000000000000000e+02
5.610000000000000000e+02 1.045000000000000000e+03
4.570000000000000000e+02 1.133000000000000000e+03
5.760000000000000000e+02 1.101000000000000000e+03
6.080000000000000000e+02 1.115000000000000000e+03
6.560000000000000000e+02 1.116000000000000000e+03
7.050000000000000000e+02 1.108000000000000000e+03
7.440000000000000000e+02 1.098000000000000000e+03
7.700000000000000000e+02 1.088000000000000000e+03
4.590000000000000000e+02 1.121000000000000000e+03
7.510000000000000000e+02 1.326000000000000000e+03
7.940000000000000000e+02 1.201000000000000000e+03
7.930000000000000000e+02 1.322000000000000000e+03
8.110000000000000000e+02 1.338000000000000000e+03
7.940000000000000000e+02 1.326000000000000000e+03
7.610000000000000000e+02 1.336000000000000000e+03
8.190000000000000000e+02 1.344000000000000000e+03
8.220000000000000000e+02 1.349000000000000000e+03
7.770000000000000000e+02 1.056000000000000000e+03
7.910000000000000000e+02 1.068000000000000000e+03
7.950000000000000000e+02 1.076000000000000000e+03
6.020000000000000000e+02 1.022000000000000000e+03
5.800000000000000000e+02 1.008000000000000000e+03
8.810000000000000000e+02 1.186000000000000000e+03
1.111000000000000000e+03 1.047000000000000000e+03
8.860000000000000000e+02 1.343000000000000000e+03
1.245000000000000000e+03 8.850000000000000000e+02
1.012000000000000000e+03 1.086000000000000000e+03
1.048000000000000000e+03 1.088000000000000000e+03
1.082000000000000000e+03 1.085000000000000000e+03
1.126000000000000000e+03 1.061000000000000000e+03
9.820000000000000000e+02 1.079000000000000000e+03
1.067000000000000000e+03 9.690000000000000000e+02
1.025000000000000000e+03 9.750000000000000000e+02
1.106000000000000000e+03 9.760000000000000000e+02
1.129000000000000000e+03 9.920000000000000000e+02
1.158000000000000000e+03 1.085000000000000000e+03
9.800000000000000000e+02 1.610000000000000000e+03
1.124000000000000000e+03 1.036000000000000000e+03
1.269000000000000000e+03 1.055000000000000000e+03
1.198000000000000000e+03 1.053000000000000000e+03
1.032000000000000000e+03 1.265000000000000000e+03
8.930000000000000000e+02 1.442000000000000000e+03
8.890000000000000000e+02 1.464000000000000000e+03
9.330000000000000000e+02 1.448000000000000000e+03
9.610000000000000000e+02 1.456000000000000000e+03
9.220000000000000000e+02 1.463000000000000000e+03
9.490000000000000000e+02 1.465000000000000000e+03
1.006000000000000000e+03 1.496000000000000000e+03
8.790000000000000000e+02 1.330000000000000000e+03
8.840000000000000000e+02 1.291000000000000000e+03
1.180000000000000000e+03 9.550000000000000000e+02
9.600000000000000000e+02 1.162000000000000000e+03
9.640000000000000000e+02 1.305000000000000000e+03
9.670000000000000000e+02 1.280000000000000000e+03
1.141000000000000000e+03 1.252000000000000000e+03
8.830000000000000000e+02 1.235000000000000000e+03
1.097000000000000000e+03 9.160000000000000000e+02
1.147000000000000000e+03 9.280000000000000000e+02
1.211000000000000000e+03 8.210000000000000000e+02
9.340000000000000000e+02 9.630000000000000000e+02
9.880000000000000000e+02 9.940000000000000000e+02
1.034000000000000000e+03 1.465000000000000000e+03
1.229000000000000000e+03 1.406000000000000000e+03
9.380000000000000000e+02 1.328000000000000000e+03
9.100000000000000000e+02 1.340000000000000000e+03
9.990000000000000000e+02 1.469000000000000000e+03
9.910000000000000000e+02 1.469000000000000000e+03
1.166000000000000000e+03 8.980000000000000000e+02
9.660000000000000000e+02 1.319000000000000000e+03
1.027000000000000000e+03 9.250000000000000000e+02
1.032000000000000000e+03 8.900000000000000000e+02
1.069000000000000000e+03 7.420000000000000000e+02
1.188000000000000000e+03 8.650000000000000000e+02
1.048000000000000000e+03 8.190000000000000000e+02
1.200000000000000000e+03 9.330000000000000000e+02
1.224000000000000000e+03 9.160000000000000000e+02
8.920000000000000000e+02 1.454000000000000000e+03
9.270000000000000000e+02 1.457000000000000000e+03
9.550000000000000000e+02 1.461000000000000000e+03
9.300000000000000000e+02 1.334000000000000000e+03
9.950000000000000000e+02 1.469000000000000000e+03
9.770000000000000000e+02 1.477000000000000000e+03
9.860000000000000000e+02 1.469000000000000000e+03
9.200000000000000000e+02 1.322000000000000000e+03
9.430000000000000000e+02 1.468000000000000000e+03
9.170000000000000000e+02 1.468000000000000000e+03
8.860000000000000000e+02 1.469000000000000000e+03
8.930000000000000000e+02 1.554000000000000000e+03
8.930000000000000000e+02 1.525000000000000000e+03
8.910000000000000000e+02 1.505000000000000000e+03
8.890000000000000000e+02 1.486000000000000000e+03
8.850000000000000000e+02 1.471000000000000000e+03
9.420000000000000000e+02 1.469000000000000000e+03
9.490000000000000000e+02 1.476000000000000000e+03
9.560000000000000000e+02 1.486000000000000000e+03
9.620000000000000000e+02 1.497000000000000000e+03
9.950000000000000000e+02 1.411000000000000000e+03
1.271000000000000000e+03 1.211000000000000000e+03
9.630000000000000000e+02 1.469000000000000000e+03
9.700000000000000000e+02 1.472000000000000000e+03
8.970000000000000000e+02 1.356000000000000000e+03
9.540000000000000000e+02 1.340000000000000000e+03
9.030000000000000000e+02 1.348000000000000000e+03
9.970000000000000000e+02 1.184000000000000000e+03
1.056000000000000000e+03 1.210000000000000000e+03
9.730000000000000000e+02 1.295000000000000000e+03
1.156000000000000000e+03 7.720000000000000000e+02
1.133000000000000000e+03 8.300000000000000000e+02
1.108000000000000000e+03 8.810000000000000000e+02
9.760000000000000000e+02 1.518000000000000000e+03
9.440000000000000000e+02 9.060000000000000000e+02
9.580000000000000000e+02 8.210000000000000000e+02
9.730000000000000000e+02 7.290000000000000000e+02
1.110000000000000000e+03 1.077000000000000000e+03
1.197000000000000000e+03 1.112000000000000000e+03
9.620000000000000000e+02 1.072000000000000000e+03
1.163000000000000000e+03 1.007000000000000000e+03
9.350000000000000000e+02 1.138000000000000000e+03
9.430000000000000000e+02 1.296000000000000000e+03
1.237000000000000000e+03 1.140000000000000000e+03
1.174000000000000000e+03 1.144000000000000000e+03
1.130000000000000000e+03 1.162000000000000000e+03
1.060000000000000000e+03 1.160000000000000000e+03
1.008000000000000000e+03 1.146000000000000000e+03
9.700000000000000000e+02 1.129000000000000000e+03
8.870000000000000000e+02 1.090000000000000000e+03
1.229000000000000000e+03 1.225000000000000000e+03
1.191000000000000000e+03 9.990000000000000000e+02
8.680000000000000000e+02 1.347000000000000000e+03
9.560000000000000000e+02 1.207000000000000000e+03
1.277000000000000000e+03 1.041000000000000000e+03
9.420000000000000000e+02 1.110000000000000000e+03
9.760000000000000000e+02 1.293000000000000000e+03
1.140000000000000000e+03 1.037000000000000000e+03
9.440000000000000000e+02 1.265000000000000000e+03
1.257000000000000000e+03 1.306000000000000000e+03
9.620000000000000000e+02 1.057000000000000000e+03
9.140000000000000000e+02 1.246000000000000000e+03
1.142000000000000000e+03 1.516000000000000000e+03
1.141000000000000000e+03 1.548000000000000000e+03
1.266000000000000000e+03 1.220000000000000000e+03
1.189000000000000000e+03 1.461000000000000000e+03
1.247000000000000000e+03 9.790000000000000000e+02
9.890000000000000000e+02 1.643000000000000000e+03
8.650000000000000000e+02 1.352000000000000000e+03
9.880000000000000000e+02 1.235000000000000000e+03
1.227000000000000000e+03 1.056000000000000000e+03
1.078000000000000000e+03 1.061000000000000000e+03
1.048000000000000000e+03 1.064000000000000000e+03
9.830000000000000000e+02 1.482000000000000000e+03
1.219000000000000000e+03 1.302000000000000000e+03
9.240000000000000000e+02 1.688000000000000000e+03
1.034000000000000000e+03 1.637000000000000000e+03
1.083000000000000000e+03 1.601000000000000000e+03
1.019000000000000000e+03 1.062000000000000000e+03
9.900000000000000000e+02 1.059000000000000000e+03
9.710000000000000000e+02 1.059000000000000000e+03
1.215000000000000000e+03 9.860000000000000000e+02
9.960000000000000000e+02 1.024000000000000000e+03
1.027000000000000000e+03 1.009000000000000000e+03
1.059000000000000000e+03 1.007000000000000000e+03
1.090000000000000000e+03 1.013000000000000000e+03
1.107000000000000000e+03 1.023000000000000000e+03
1.266000000000000000e+03 9.540000000000000000e+02
1.097000000000000000e+03 1.054000000000000000e+03
9.630000000000000000e+02 1.394000000000000000e+03
9.370000000000000000e+02 1.324000000000000000e+03
8.980000000000000000e+02 1.388000000000000000e+03
1.090000000000000000e+03 1.567000000000000000e+03
1.041000000000000000e+03 1.606000000000000000e+03
9.250000000000000000e+02 1.670000000000000000e+03
1.188000000000000000e+03 1.487000000000000000e+03
9.730000000000000000e+02 1.044000000000000000e+03
9.100000000000000000e+02 1.158000000000000000e+03
9.820000000000000000e+02 1.667000000000000000e+03
1.251000000000000000e+03 1.306000000000000000e+03
9.160000000000000000e+02 1.469000000000000000e+03
9.220000000000000000e+02 1.481000000000000000e+03
9.270000000000000000e+02 1.496000000000000000e+03
9.310000000000000000e+02 1.514000000000000000e+03
9.390000000000000000e+02 1.539000000000000000e+03
9.710000000000000000e+02 1.467000000000000000e+03
9.770000000000000000e+02 1.465000000000000000e+03
9.820000000000000000e+02 1.463000000000000000e+03
1.021000000000000000e+03 1.435000000000000000e+03
1.169000000000000000e+03 1.330000000000000000e+03
9.110000000000000000e+02 1.111000000000000000e+03
9.360000000000000000e+02 1.027000000000000000e+03
9.580000000000000000e+02 1.030000000000000000e+03
9.630000000000000000e+02 1.469000000000000000e+03
1.171000000000000000e+03 1.416000000000000000e+03
9.030000000000000000e+02 1.030000000000000000e+03
9.610000000000000000e+02 1.574000000000000000e+03
8.850000000000000000e+02 1.140000000000000000e+03
9.340000000000000000e+02 1.224000000000000000e+03
9.060000000000000000e+02 1.594000000000000000e+03
1.044000000000000000e+03 1.509000000000000000e+03
1.006000000000000000e+03 1.321000000000000000e+03
1.006000000000000000e+03 1.546000000000000000e+03
1.088000000000000000e+03 1.307000000000000000e+03
1.037000000000000000e+03 1.356000000000000000e+03
1.118000000000000000e+03 1.365000000000000000e+03
9.190000000000000000e+02 1.637000000000000000e+03
9.550000000000000000e+02 1.243000000000000000e+03
1.077000000000000000e+03 1.532000000000000000e+03
1.029000000000000000e+03 1.573000000000000000e+03
1.074000000000000000e+03 1.465000000000000000e+03
1.208000000000000000e+03 1.365000000000000000e+03
1.122000000000000000e+03 1.463000000000000000e+03
1.230000000000000000e+03 1.385000000000000000e+03
1.063000000000000000e+03 1.403000000000000000e+03
9.320000000000000000e+02 1.182000000000000000e+03
9.310000000000000000e+02 1.316000000000000000e+03
9.530000000000000000e+02 1.320000000000000000e+03
9.150000000000000000e+02 1.292000000000000000e+03
9.640000000000000000e+02 9.890000000000000000e+02
1.024000000000000000e+03 9.580000000000000000e+02
1.079000000000000000e+03 9.520000000000000000e+02
1.122000000000000000e+03 9.590000000000000000e+02
1.151000000000000000e+03 9.770000000000000000e+02
1.165000000000000000e+03 1.045000000000000000e+03
1.274000000000000000e+03 1.137000000000000000e+03
1.138000000000000000e+03 1.105000000000000000e+03
1.102000000000000000e+03 1.119000000000000000e+03
1.054000000000000000e+03 1.121000000000000000e+03
1.009000000000000000e+03 1.113000000000000000e+03
9.740000000000000000e+02 1.103000000000000000e+03
9.500000000000000000e+02 1.092000000000000000e+03
1.277000000000000000e+03 1.124000000000000000e+03
9.530000000000000000e+02 1.327000000000000000e+03
9.090000000000000000e+02 1.201000000000000000e+03
9.060000000000000000e+02 1.323000000000000000e+03
8.880000000000000000e+02 1.339000000000000000e+03
9.060000000000000000e+02 1.326000000000000000e+03
9.430000000000000000e+02 1.337000000000000000e+03
8.800000000000000000e+02 1.344000000000000000e+03
8.770000000000000000e+02 1.349000000000000000e+03
9.500000000000000000e+02 1.060000000000000000e+03
9.310000000000000000e+02 1.071000000000000000e+03
9.190000000000000000e+02 1.080000000000000000e+03
1.117000000000000000e+03 1.030000000000000000e+03
1.143000000000000000e+03 1.011000000000000000e+03
6.740000000000000000e+02 1.030000000000000000e+03
7.140000000000000000e+02 1.031000000000000000e+03
6.760000000000000000e+02 9.950000000000000000e+02
6.340000000000000000e+02 1.028000000000000000e+03
6.720000000000000000e+02 1.065000000000000000e+03
1.043000000000000000e+03 1.034000000000000000e+03
1.081000000000000000e+03 1.033000000000000000e+03
1.040000000000000000e+03 9.980000000000000000e+02
1.004000000000000000e+03 1.035000000000000000e+03
1.045000000000000000e+03 1.070000000000000000e+03
0.000000000000000000e+00 0.000000000000000000e+00
1.749000000000000000e+03 0.000000000000000000e+00
1.749000000000000000e+03 2.187000000000000000e+03
0.000000000000000000e+00 2.187000000000000000e+03
8.700000000000000000e+01 0.000000000000000000e+00
8.700000000000000000e+01 2.187000000000000000e+03
0.000000000000000000e+00 1.090000000000000000e+02
1.749000000000000000e+03 1.090000000000000000e+02
1.750000000000000000e+02 0.000000000000000000e+00
1.750000000000000000e+02 2.187000000000000000e+03
0.000000000000000000e+00 2.180000000000000000e+02
1.749000000000000000e+03 2.180000000000000000e+02
2.620000000000000000e+02 0.000000000000000000e+00
2.620000000000000000e+02 2.187000000000000000e+03
0.000000000000000000e+00 3.280000000000000000e+02
1.749000000000000000e+03 3.280000000000000000e+02
3.500000000000000000e+02 0.000000000000000000e+00
3.500000000000000000e+02 2.187000000000000000e+03
0.000000000000000000e+00 4.370000000000000000e+02
1.749000000000000000e+03 4.370000000000000000e+02
4.370000000000000000e+02 0.000000000000000000e+00
4.370000000000000000e+02 2.187000000000000000e+03
0.000000000000000000e+00 5.470000000000000000e+02
1.749000000000000000e+03 5.470000000000000000e+02
5.250000000000000000e+02 0.000000000000000000e+00
5.250000000000000000e+02 2.187000000000000000e+03
0.000000000000000000e+00 6.560000000000000000e+02
1.749000000000000000e+03 6.560000000000000000e+02
6.120000000000000000e+02 0.000000000000000000e+00
6.120000000000000000e+02 2.187000000000000000e+03
0.000000000000000000e+00 7.650000000000000000e+02
1.749000000000000000e+03 7.650000000000000000e+02
7.000000000000000000e+02 0.000000000000000000e+00
7.000000000000000000e+02 2.187000000000000000e+03
0.000000000000000000e+00 8.750000000000000000e+02
1.749000000000000000e+03 8.750000000000000000e+02
7.870000000000000000e+02 0.000000000000000000e+00
7.870000000000000000e+02 2.187000000000000000e+03
0.000000000000000000e+00 9.840000000000000000e+02
1.749000000000000000e+03 9.840000000000000000e+02
8.750000000000000000e+02 0.000000000000000000e+00
8.750000000000000000e+02 2.187000000000000000e+03
0.000000000000000000e+00 1.094000000000000000e+03
1.749000000000000000e+03 1.094000000000000000e+03
9.620000000000000000e+02 0.000000000000000000e+00
9.620000000000000000e+02 2.187000000000000000e+03
0.000000000000000000e+00 1.203000000000000000e+03
1.749000000000000000e+03 1.203000000000000000e+03
1.050000000000000000e+03 0.000000000000000000e+00
1.050000000000000000e+03 2.187000000000000000e+03
0.000000000000000000e+00 1.312000000000000000e+03
1.749000000000000000e+03 1.312000000000000000e+03
1.137000000000000000e+03 0.000000000000000000e+00
1.137000000000000000e+03 2.187000000000000000e+03
0.000000000000000000e+00 1.422000000000000000e+03
1.749000000000000000e+03 1.422000000000000000e+03
1.225000000000000000e+03 0.000000000000000000e+00
1.225000000000000000e+03 2.187000000000000000e+03
0.000000000000000000e+00 1.531000000000000000e+03
1.749000000000000000e+03 1.531000000000000000e+03
1.312000000000000000e+03 0.000000000000000000e+00
1.312000000000000000e+03 2.187000000000000000e+03
0.000000000000000000e+00 1.641000000000000000e+03
1.749000000000000000e+03 1.641000000000000000e+03
1.400000000000000000e+03 0.000000000000000000e+00
1.400000000000000000e+03 2.187000000000000000e+03
0.000000000000000000e+00 1.750000000000000000e+03
1.749000000000000000e+03 1.750000000000000000e+03
1.487000000000000000e+03 0.000000000000000000e+00
1.487000000000000000e+03 2.187000000000000000e+03
0.000000000000000000e+00 1.859000000000000000e+03
1.749000000000000000e+03 1.859000000000000000e+03
1.575000000000000000e+03 0.000000000000000000e+00
1.575000000000000000e+03 2.187000000000000000e+03
0.000000000000000000e+00 1.969000000000000000e+03
1.749000000000000000e+03 1.969000000000000000e+03
1.662000000000000000e+03 0.000000000000000000e+00
1.662000000000000000e+03 2.187000000000000000e+03
0.000000000000000000e+00 2.078000000000000000e+03
1.749000000000000000e+03 2.078000000000000000e+03
