7.850000000000000000e+02 1.610000000000000000e+03
7.810000000000000000e+02 1.435000000000000000e+03
7.830000000000000000e+02 1.471000000000000000e+03
7.440000000000000000e+02 1.252000000000000000e+03
7.810000000000000000e+02 1.383000000000000000e+03
7.820000000000000000e+02 1.309000000000000000e+03
7.860000000000000000e+02 1.126000000000000000e+03
4.680000000000000000e+02 1.085000000000000000e+03
7.860000000000000000e+02 1.013000000000000000e+03
7.860000000000000000e+02 9.500000000000000000e+02
7.880000000000000000e+02 6.890000000000000000e+02
7.840000000000000000e+02 1.627000000000000000e+03
7.830000000000000000e+02 1.643000000000000000e+03
7.830000000000000000e+02 1.654000000000000000e+03
7.840000000000000000e+02 1.654000000000000000e+03
7.840000000000000000e+02 1.677000000000000000e+03
7.830000000000000000e+02 1.704000000000000000e+03
7.820000000000000000e+02 1.731000000000000000e+03
7.830000000000000000e+02 1.806000000000000000e+03
7.810000000000000000e+02 1.458000000000000000e+03
7.310000000000000000e+02 1.449000000000000000e+03
3.240000000000000000e+02 8.900000000000000000e+02
5.990000000000000000e+02 1.126000000000000000e+03
5.540000000000000000e+02 1.130000000000000000e+03
5.100000000000000000e+02 1.130000000000000000e+03
4.530000000000000000e+02 1.101000000000000000e+03
6.360000000000000000e+02 1.119000000000000000e+03
5.210000000000000000e+02 1.006000000000000000e+03
5.750000000000000000e+02 1.012000000000000000e+03
4.730000000000000000e+02 1.013000000000000000e+03
4.450000000000000000e+02 1.029000000000000000e+03
4.200000000000000000e+02 1.131000000000000000e+03
6.090000000000000000e+02 1.857000000000000000e+03
4.500000000000000000e+02 1.071000000000000000e+03
3.080000000000000000e+02 1.102000000000000000e+03
3.730000000000000000e+02 1.095000000000000000e+03
5.570000000000000000e+02 1.349000000000000000e+03
7.220000000000000000e+02 1.595000000000000000e+03
7.280000000000000000e+02 1.638000000000000000e+03
6.650000000000000000e+02 1.607000000000000000e+03
6.270000000000000000e+02 1.619000000000000000e+03
6.810000000000000000e+02 1.635000000000000000e+03
6.450000000000000000e+02 1.636000000000000000e+03
5.610000000000000000e+02 1.668000000000000000e+03
7.400000000000000000e+02 1.432000000000000000e+03
7.340000000000000000e+02 1.381000000000000000e+03
3.860000000000000000e+02 9.940000000000000000e+02
6.520000000000000000e+02 1.222000000000000000e+03
6.240000000000000000e+02 1.393000000000000000e+03
6.240000000000000000e+02 1.362000000000000000e+03
4.320000000000000000e+02 1.330000000000000000e+03
7.380000000000000000e+02 1.313000000000000000e+03
4.830000000000000000e+02 9.580000000000000000e+02
4.230000000000000000e+02 9.680000000000000000e+02
3.600000000000000000e+02 8.100000000000000000e+02
6.860000000000000000e+02 1.005000000000000000e+03
6.220000000000000000e+02 1.031000000000000000e+03
5.260000000000000000e+02 1.609000000000000000e+03
3.530000000000000000e+02 1.558000000000000000e+03
6.570000000000000000e+02 1.424000000000000000e+03
6.960000000000000000e+02 1.442000000000000000e+03
5.770000000000000000e+02 1.639000000000000000e+03
5.880000000000000000e+02 1.640000000000000000e+03
4.020000000000000000e+02 9.370000000000000000e+02
6.200000000000000000e+02 1.410000000000000000e+03
5.690000000000000000e+02 9.670000000000000000e+02
5.600000000000000000e+02 9.290000000000000000e+02
5.300000000000000000e+02 7.090000000000000000e+02
3.870000000000000000e+02 8.690000000000000000e+02
5.550000000000000000e+02 8.120000000000000000e+02
3.650000000000000000e+02 9.700000000000000000e+02
3.480000000000000000e+02 9.320000000000000000e+02
7.240000000000000000e+02 1.619000000000000000e+03
6.730000000000000000e+02 1.622000000000000000e+03
6.350000000000000000e+02 1.627000000000000000e+03
6.670000000000000000e+02 1.432000000000000000e+03
5.830000000000000000e+02 1.639000000000000000e+03
6.060000000000000000e+02 1.654000000000000000e+03
5.940000000000000000e+02 1.640000000000000000e+03
6.840000000000000000e+02 1.418000000000000000e+03
6.530000000000000000e+02 1.643000000000000000e+03
6.890000000000000000e+02 1.645000000000000000e+03
7.320000000000000000e+02 1.649000000000000000e+03
7.140000000000000000e+02 1.799000000000000000e+03
7.200000000000000000e+02 1.726000000000000000e+03
7.230000000000000000e+02 1.698000000000000000e+03
7.280000000000000000e+02 1.672000000000000000e+03
7.330000000000000000e+02 1.650000000000000000e+03
6.540000000000000000e+02 1.644000000000000000e+03
6.440000000000000000e+02 1.655000000000000000e+03
6.330000000000000000e+02 1.668000000000000000e+03
6.240000000000000000e+02 1.684000000000000000e+03
5.790000000000000000e+02 1.535000000000000000e+03
3.100000000000000000e+02 1.307000000000000000e+03
7.820000000000000000e+02 1.465000000000000000e+03
6.260000000000000000e+02 1.643000000000000000e+03
6.160000000000000000e+02 1.648000000000000000e+03
7.140000000000000000e+02 1.463000000000000000e+03
6.360000000000000000e+02 1.438000000000000000e+03
7.050000000000000000e+02 1.453000000000000000e+03
6.060000000000000000e+02 1.247000000000000000e+03
5.350000000000000000e+02 1.279000000000000000e+03
6.150000000000000000e+02 1.380000000000000000e+03
4.250000000000000000e+02 7.480000000000000000e+02
4.530000000000000000e+02 8.270000000000000000e+02
4.690000000000000000e+02 9.210000000000000000e+02
6.000000000000000000e+02 1.718000000000000000e+03
6.700000000000000000e+02 9.450000000000000000e+02
6.630000000000000000e+02 8.110000000000000000e+02
6.470000000000000000e+02 6.910000000000000000e+02
4.740000000000000000e+02 1.120000000000000000e+03
3.770000000000000000e+02 1.161000000000000000e+03
6.600000000000000000e+02 1.110000000000000000e+03
4.070000000000000000e+02 1.045000000000000000e+03
6.840000000000000000e+02 1.194000000000000000e+03
6.560000000000000000e+02 1.383000000000000000e+03
3.360000000000000000e+02 1.199000000000000000e+03
4.040000000000000000e+02 1.199000000000000000e+03
4.580000000000000000e+02 1.222000000000000000e+03
5.430000000000000000e+02 1.217000000000000000e+03
6.050000000000000000e+02 1.198000000000000000e+03
6.500000000000000000e+02 1.180000000000000000e+03
7.420000000000000000e+02 1.136000000000000000e+03
3.400000000000000000e+02 1.302000000000000000e+03
3.770000000000000000e+02 1.038000000000000000e+03
7.560000000000000000e+02 1.455000000000000000e+03
6.500000000000000000e+02 1.276000000000000000e+03
2.990000000000000000e+02 1.088000000000000000e+03
6.840000000000000000e+02 1.159000000000000000e+03
6.120000000000000000e+02 1.378000000000000000e+03
4.340000000000000000e+02 1.073000000000000000e+03
6.560000000000000000e+02 1.345000000000000000e+03
3.240000000000000000e+02 1.428000000000000000e+03
6.580000000000000000e+02 1.094000000000000000e+03
6.970000000000000000e+02 1.325000000000000000e+03
4.330000000000000000e+02 1.702000000000000000e+03
4.400000000000000000e+02 1.756000000000000000e+03
3.080000000000000000e+02 1.308000000000000000e+03
3.850000000000000000e+02 1.624000000000000000e+03
3.270000000000000000e+02 1.008000000000000000e+03
6.010000000000000000e+02 1.908000000000000000e+03
7.600000000000000000e+02 1.463000000000000000e+03
6.080000000000000000e+02 1.309000000000000000e+03
3.420000000000000000e+02 1.098000000000000000e+03
5.130000000000000000e+02 1.100000000000000000e+03
5.520000000000000000e+02 1.102000000000000000e+03
5.970000000000000000e+02 1.661000000000000000e+03
3.470000000000000000e+02 1.402000000000000000e+03
6.840000000000000000e+02 1.982000000000000000e+03
5.500000000000000000e+02 1.895000000000000000e+03
4.980000000000000000e+02 1.837000000000000000e+03
7.870000000000000000e+02 8.140000000000000000e+02
7.830000000000000000e+02 1.994000000000000000e+03
5.890000000000000000e+02 1.099000000000000000e+03
6.250000000000000000e+02 1.095000000000000000e+03
6.480000000000000000e+02 1.095000000000000000e+03
3.520000000000000000e+02 1.024000000000000000e+03
6.140000000000000000e+02 1.060000000000000000e+03
5.730000000000000000e+02 1.045000000000000000e+03
5.320000000000000000e+02 1.041000000000000000e+03
4.930000000000000000e+02 1.047000000000000000e+03
4.710000000000000000e+02 1.058000000000000000e+03
3.050000000000000000e+02 9.770000000000000000e+02
4.860000000000000000e+02 1.094000000000000000e+03
7.840000000000000000e+02 1.510000000000000000e+03
6.240000000000000000e+02 1.513000000000000000e+03
6.580000000000000000e+02 1.418000000000000000e+03
7.120000000000000000e+02 1.508000000000000000e+03
7.860000000000000000e+02 1.065000000000000000e+03
4.870000000000000000e+02 1.780000000000000000e+03
5.410000000000000000e+02 1.844000000000000000e+03
6.820000000000000000e+02 1.951000000000000000e+03
3.940000000000000000e+02 1.669000000000000000e+03
6.440000000000000000e+02 1.080000000000000000e+03
7.110000000000000000e+02 1.219000000000000000e+03
7.830000000000000000e+02 1.964000000000000000e+03
6.100000000000000000e+02 1.947000000000000000e+03
3.220000000000000000e+02 1.418000000000000000e+03
6.900000000000000000e+02 1.646000000000000000e+03
6.800000000000000000e+02 1.663000000000000000e+03
6.720000000000000000e+02 1.684000000000000000e+03
6.670000000000000000e+02 1.710000000000000000e+03
6.480000000000000000e+02 1.765000000000000000e+03
6.160000000000000000e+02 1.638000000000000000e+03
6.060000000000000000e+02 1.633000000000000000e+03
5.990000000000000000e+02 1.629000000000000000e+03
5.440000000000000000e+02 1.567000000000000000e+03
3.990000000000000000e+02 1.436000000000000000e+03
7.140000000000000000e+02 1.162000000000000000e+03
6.900000000000000000e+02 1.067000000000000000e+03
6.620000000000000000e+02 1.068000000000000000e+03
6.260000000000000000e+02 1.642000000000000000e+03
3.950000000000000000e+02 1.556000000000000000e+03
7.270000000000000000e+02 1.073000000000000000e+03
6.290000000000000000e+02 1.806000000000000000e+03
7.830000000000000000e+02 1.246000000000000000e+03
7.430000000000000000e+02 1.196000000000000000e+03
7.850000000000000000e+02 1.187000000000000000e+03
6.750000000000000000e+02 1.297000000000000000e+03
7.830000000000000000e+02 1.915000000000000000e+03
7.840000000000000000e+02 1.855000000000000000e+03
7.030000000000000000e+02 1.846000000000000000e+03
5.270000000000000000e+02 1.685000000000000000e+03
5.780000000000000000e+02 1.417000000000000000e+03
5.730000000000000000e+02 1.752000000000000000e+03
4.880000000000000000e+02 1.405000000000000000e+03
5.410000000000000000e+02 1.466000000000000000e+03
4.510000000000000000e+02 1.481000000000000000e+03
6.880000000000000000e+02 1.903000000000000000e+03
6.450000000000000000e+02 1.319000000000000000e+03
4.960000000000000000e+02 1.724000000000000000e+03
5.510000000000000000e+02 1.793000000000000000e+03
4.920000000000000000e+02 1.614000000000000000e+03
3.590000000000000000e+02 1.489000000000000000e+03
4.440000000000000000e+02 1.619000000000000000e+03
3.450000000000000000e+02 1.523000000000000000e+03
5.060000000000000000e+02 1.525000000000000000e+03
6.810000000000000000e+02 1.247000000000000000e+03
6.700000000000000000e+02 1.409000000000000000e+03
6.380000000000000000e+02 1.412000000000000000e+03
6.920000000000000000e+02 1.381000000000000000e+03
6.510000000000000000e+02 1.028000000000000000e+03
5.740000000000000000e+02 9.980000000000000000e+02
5.050000000000000000e+02 9.910000000000000000e+02
4.520000000000000000e+02 9.980000000000000000e+02
4.190000000000000000e+02 1.015000000000000000e+03
4.080000000000000000e+02 1.084000000000000000e+03
3.020000000000000000e+02 1.203000000000000000e+03
4.430000000000000000e+02 1.153000000000000000e+03
4.890000000000000000e+02 1.170000000000000000e+03
5.480000000000000000e+02 1.170000000000000000e+03
6.040000000000000000e+02 1.159000000000000000e+03
6.460000000000000000e+02 1.147000000000000000e+03
6.750000000000000000e+02 1.136000000000000000e+03
3.030000000000000000e+02 1.195000000000000000e+03
6.370000000000000000e+02 1.422000000000000000e+03
7.080000000000000000e+02 1.270000000000000000e+03
7.040000000000000000e+02 1.420000000000000000e+03
7.290000000000000000e+02 1.443000000000000000e+03
7.040000000000000000e+02 1.425000000000000000e+03
6.490000000000000000e+02 1.435000000000000000e+03
7.400000000000000000e+02 1.451000000000000000e+03
7.430000000000000000e+02 1.458000000000000000e+03
6.740000000000000000e+02 1.098000000000000000e+03
6.970000000000000000e+02 1.113000000000000000e+03
7.100000000000000000e+02 1.126000000000000000e+03
4.580000000000000000e+02 1.065000000000000000e+03
4.290000000000000000e+02 1.047000000000000000e+03
8.240000000000000000e+02 1.253000000000000000e+03
1.111000000000000000e+03 1.097000000000000000e+03
8.330000000000000000e+02 1.450000000000000000e+03
1.264000000000000000e+03 8.950000000000000000e+02
9.820000000000000000e+02 1.132000000000000000e+03
1.026000000000000000e+03 1.139000000000000000e+03
1.069000000000000000e+03 1.140000000000000000e+03
1.128000000000000000e+03 1.112000000000000000e+03
9.440000000000000000e+02 1.123000000000000000e+03
1.053000000000000000e+03 1.016000000000000000e+03
1.001000000000000000e+03 1.019000000000000000e+03
1.099000000000000000e+03 1.025000000000000000e+03
1.128000000000000000e+03 1.041000000000000000e+03
1.164000000000000000e+03 1.141000000000000000e+03
9.620000000000000000e+02 1.860000000000000000e+03
1.129000000000000000e+03 1.083000000000000000e+03
1.287000000000000000e+03 1.110000000000000000e+03
1.212000000000000000e+03 1.109000000000000000e+03
1.021000000000000000e+03 1.353000000000000000e+03
8.470000000000000000e+02 1.596000000000000000e+03
8.400000000000000000e+02 1.638000000000000000e+03
9.030000000000000000e+02 1.607000000000000000e+03
9.390000000000000000e+02 1.619000000000000000e+03
8.850000000000000000e+02 1.636000000000000000e+03
9.210000000000000000e+02 1.636000000000000000e+03
1.017000000000000000e+03 1.671000000000000000e+03
8.220000000000000000e+02 1.433000000000000000e+03
8.280000000000000000e+02 1.382000000000000000e+03
1.180000000000000000e+03 1.015000000000000000e+03
9.240000000000000000e+02 1.224000000000000000e+03
9.460000000000000000e+02 1.398000000000000000e+03
9.480000000000000000e+02 1.366000000000000000e+03
1.151000000000000000e+03 1.336000000000000000e+03
8.260000000000000000e+02 1.313000000000000000e+03
1.075000000000000000e+03 9.780000000000000000e+02
1.137000000000000000e+03 9.880000000000000000e+02
1.226000000000000000e+03 8.140000000000000000e+02
8.810000000000000000e+02 1.021000000000000000e+03
9.550000000000000000e+02 1.037000000000000000e+03
1.053000000000000000e+03 1.613000000000000000e+03
1.239000000000000000e+03 1.565000000000000000e+03
9.110000000000000000e+02 1.428000000000000000e+03
8.710000000000000000e+02 1.445000000000000000e+03
9.850000000000000000e+02 1.638000000000000000e+03
9.740000000000000000e+02 1.639000000000000000e+03
1.157000000000000000e+03 9.570000000000000000e+02
9.500000000000000000e+02 1.415000000000000000e+03
9.900000000000000000e+02 9.860000000000000000e+02
9.960000000000000000e+02 9.480000000000000000e+02
1.050000000000000000e+03 7.110000000000000000e+02
1.197000000000000000e+03 8.740000000000000000e+02
1.022000000000000000e+03 8.140000000000000000e+02
1.203000000000000000e+03 9.890000000000000000e+02
1.240000000000000000e+03 9.380000000000000000e+02
8.450000000000000000e+02 1.619000000000000000e+03
8.940000000000000000e+02 1.622000000000000000e+03
9.300000000000000000e+02 1.627000000000000000e+03
9.000000000000000000e+02 1.436000000000000000e+03
9.800000000000000000e+02 1.639000000000000000e+03
9.570000000000000000e+02 1.653000000000000000e+03
9.680000000000000000e+02 1.640000000000000000e+03
8.820000000000000000e+02 1.421000000000000000e+03
9.130000000000000000e+02 1.642000000000000000e+03
8.770000000000000000e+02 1.645000000000000000e+03
8.340000000000000000e+02 1.649000000000000000e+03
8.550000000000000000e+02 1.801000000000000000e+03
8.440000000000000000e+02 1.725000000000000000e+03
8.420000000000000000e+02 1.698000000000000000e+03
8.390000000000000000e+02 1.672000000000000000e+03
8.340000000000000000e+02 1.650000000000000000e+03
9.120000000000000000e+02 1.643000000000000000e+03
9.220000000000000000e+02 1.654000000000000000e+03
9.310000000000000000e+02 1.667000000000000000e+03
9.380000000000000000e+02 1.683000000000000000e+03
9.970000000000000000e+02 1.539000000000000000e+03
1.285000000000000000e+03 1.315000000000000000e+03
9.390000000000000000e+02 1.642000000000000000e+03
9.480000000000000000e+02 1.647000000000000000e+03
8.530000000000000000e+02 1.465000000000000000e+03
9.340000000000000000e+02 1.442000000000000000e+03
8.620000000000000000e+02 1.455000000000000000e+03
9.720000000000000000e+02 1.250000000000000000e+03
1.045000000000000000e+03 1.282000000000000000e+03
9.580000000000000000e+02 1.385000000000000000e+03
1.159000000000000000e+03 7.510000000000000000e+02
1.128000000000000000e+03 8.300000000000000000e+02
1.086000000000000000e+03 9.390000000000000000e+02
9.750000000000000000e+02 1.721000000000000000e+03
8.920000000000000000e+02 9.620000000000000000e+02
9.120000000000000000e+02 8.120000000000000000e+02
9.300000000000000000e+02 6.920000000000000000e+02
1.107000000000000000e+03 1.132000000000000000e+03
1.214000000000000000e+03 1.173000000000000000e+03
9.200000000000000000e+02 1.114000000000000000e+03
1.167000000000000000e+03 1.060000000000000000e+03
8.920000000000000000e+02 1.195000000000000000e+03
9.110000000000000000e+02 1.387000000000000000e+03
1.253000000000000000e+03 1.207000000000000000e+03
1.184000000000000000e+03 1.209000000000000000e+03
1.127000000000000000e+03 1.231000000000000000e+03
1.041000000000000000e+03 1.223000000000000000e+03
9.770000000000000000e+02 1.203000000000000000e+03
9.320000000000000000e+02 1.184000000000000000e+03
8.300000000000000000e+02 1.137000000000000000e+03
1.248000000000000000e+03 1.309000000000000000e+03
1.199000000000000000e+03 1.054000000000000000e+03
8.070000000000000000e+02 1.456000000000000000e+03
9.250000000000000000e+02 1.279000000000000000e+03
1.294000000000000000e+03 1.094000000000000000e+03
8.970000000000000000e+02 1.163000000000000000e+03
9.610000000000000000e+02 1.383000000000000000e+03
1.145000000000000000e+03 1.086000000000000000e+03
9.130000000000000000e+02 1.349000000000000000e+03
1.270000000000000000e+03 1.436000000000000000e+03
9.220000000000000000e+02 1.098000000000000000e+03
8.690000000000000000e+02 1.327000000000000000e+03
1.150000000000000000e+03 1.708000000000000000e+03
1.143000000000000000e+03 1.759000000000000000e+03
1.284000000000000000e+03 1.317000000000000000e+03
1.202000000000000000e+03 1.631000000000000000e+03
1.264000000000000000e+03 1.015000000000000000e+03
9.690000000000000000e+02 1.911000000000000000e+03
8.030000000000000000e+02 1.463000000000000000e+03
9.680000000000000000e+02 1.313000000000000000e+03
1.248000000000000000e+03 1.113000000000000000e+03
1.065000000000000000e+03 1.113000000000000000e+03
1.026000000000000000e+03 1.112000000000000000e+03
9.650000000000000000e+02 1.659000000000000000e+03
1.241000000000000000e+03 1.410000000000000000e+03
8.820000000000000000e+02 1.983000000000000000e+03
1.022000000000000000e+03 1.896000000000000000e+03
1.080000000000000000e+03 1.838000000000000000e+03
9.890000000000000000e+02 1.106000000000000000e+03
9.530000000000000000e+02 1.099000000000000000e+03
9.310000000000000000e+02 1.099000000000000000e+03
1.227000000000000000e+03 1.039000000000000000e+03
9.670000000000000000e+02 1.063000000000000000e+03
1.006000000000000000e+03 1.049000000000000000e+03
1.046000000000000000e+03 1.047000000000000000e+03
1.084000000000000000e+03 1.055000000000000000e+03
1.107000000000000000e+03 1.067000000000000000e+03
1.285000000000000000e+03 9.820000000000000000e+02
1.092000000000000000e+03 1.106000000000000000e+03
9.500000000000000000e+02 1.516000000000000000e+03
9.090000000000000000e+02 1.422000000000000000e+03
8.580000000000000000e+02 1.510000000000000000e+03
1.092000000000000000e+03 1.785000000000000000e+03
1.033000000000000000e+03 1.848000000000000000e+03
8.850000000000000000e+02 1.954000000000000000e+03
1.194000000000000000e+03 1.673000000000000000e+03
9.360000000000000000e+02 1.084000000000000000e+03
8.610000000000000000e+02 1.220000000000000000e+03
9.590000000000000000e+02 1.947000000000000000e+03
1.269000000000000000e+03 1.427000000000000000e+03
8.770000000000000000e+02 1.646000000000000000e+03
8.860000000000000000e+02 1.662000000000000000e+03
8.920000000000000000e+02 1.683000000000000000e+03
8.970000000000000000e+02 1.708000000000000000e+03
9.230000000000000000e+02 1.767000000000000000e+03
9.490000000000000000e+02 1.637000000000000000e+03
9.580000000000000000e+02 1.633000000000000000e+03
9.650000000000000000e+02 1.628000000000000000e+03
1.034000000000000000e+03 1.571000000000000000e+03
1.186000000000000000e+03 1.442000000000000000e+03
8.600000000000000000e+02 1.163000000000000000e+03
8.880000000000000000e+02 1.072000000000000000e+03
9.170000000000000000e+02 1.072000000000000000e+03
9.390000000000000000e+02 1.641000000000000000e+03
1.190000000000000000e+03 1.563000000000000000e+03
8.470000000000000000e+02 1.080000000000000000e+03
9.430000000000000000e+02 1.808000000000000000e+03
8.280000000000000000e+02 1.197000000000000000e+03
8.970000000000000000e+02 1.299000000000000000e+03
8.670000000000000000e+02 1.847000000000000000e+03
1.050000000000000000e+03 1.690000000000000000e+03
9.970000000000000000e+02 1.421000000000000000e+03
1.002000000000000000e+03 1.755000000000000000e+03
1.092000000000000000e+03 1.410000000000000000e+03
1.037000000000000000e+03 1.471000000000000000e+03
1.131000000000000000e+03 1.487000000000000000e+03
8.800000000000000000e+02 1.905000000000000000e+03
9.290000000000000000e+02 1.322000000000000000e+03
1.083000000000000000e+03 1.729000000000000000e+03
1.023000000000000000e+03 1.797000000000000000e+03
1.088000000000000000e+03 1.619000000000000000e+03
1.229000000000000000e+03 1.496000000000000000e+03
1.138000000000000000e+03 1.625000000000000000e+03
1.245000000000000000e+03 1.532000000000000000e+03
1.074000000000000000e+03 1.529000000000000000e+03
8.920000000000000000e+02 1.249000000000000000e+03
8.960000000000000000e+02 1.412000000000000000e+03
9.310000000000000000e+02 1.417000000000000000e+03
8.720000000000000000e+02 1.384000000000000000e+03
9.220000000000000000e+02 1.038000000000000000e+03
9.950000000000000000e+02 1.012000000000000000e+03
1.060000000000000000e+03 1.005000000000000000e+03
1.113000000000000000e+03 1.013000000000000000e+03
1.149000000000000000e+03 1.031000000000000000e+03
1.173000000000000000e+03 1.098000000000000000e+03
1.291000000000000000e+03 1.212000000000000000e+03
1.140000000000000000e+03 1.164000000000000000e+03
1.093000000000000000e+03 1.179000000000000000e+03
1.034000000000000000e+03 1.177000000000000000e+03
9.780000000000000000e+02 1.164000000000000000e+03
9.350000000000000000e+02 1.151000000000000000e+03
9.060000000000000000e+02 1.139000000000000000e+03
1.292000000000000000e+03 1.202000000000000000e+03
9.320000000000000000e+02 1.426000000000000000e+03
8.610000000000000000e+02 1.272000000000000000e+03
8.590000000000000000e+02 1.422000000000000000e+03
8.340000000000000000e+02 1.445000000000000000e+03
8.600000000000000000e+02 1.427000000000000000e+03
9.190000000000000000e+02 1.439000000000000000e+03
8.230000000000000000e+02 1.451000000000000000e+03
8.200000000000000000e+02 1.458000000000000000e+03
9.060000000000000000e+02 1.102000000000000000e+03
8.830000000000000000e+02 1.117000000000000000e+03
8.690000000000000000e+02 1.130000000000000000e+03
1.120000000000000000e+03 1.076000000000000000e+03
1.146000000000000000e+03 1.061000000000000000e+03
5.450000000000000000e+02 1.068000000000000000e+03
5.930000000000000000e+02 1.068000000000000000e+03
5.450000000000000000e+02 1.028000000000000000e+03
4.970000000000000000e+02 1.068000000000000000e+03
5.450000000000000000e+02 1.109000000000000000e+03
1.042000000000000000e+03 1.071000000000000000e+03
1.088000000000000000e+03 1.072000000000000000e+03
1.039000000000000000e+03 1.027000000000000000e+03
9.950000000000000000e+02 1.070000000000000000e+03
1.044000000000000000e+03 1.116000000000000000e+03
0.000000000000000000e+00 0.000000000000000000e+00
1.749000000000000000e+03 0.000000000000000000e+00
1.749000000000000000e+03 2.187000000000000000e+03
0.000000000000000000e+00 2.187000000000000000e+03
8.700000000000000000e+01 0.000000000000000000e+00
8.700000000000000000e+01 2.187000000000000000e+03
0.000000000000000000e+00 1.090000000000000000e+02
1.749000000000000000e+03 1.090000000000000000e+02
1.750000000000000000e+02 0.000000000000000000e+00
1.750000000000000000e+02 2.187000000000000000e+03
0.000000000000000000e+00 2.180000000000000000e+02
1.749000000000000000e+03 2.180000000000000000e+02
2.620000000000000000e+02 0.000000000000000000e+00
2.620000000000000000e+02 2.187000000000000000e+03
0.000000000000000000e+00 3.280000000000000000e+02
1.749000000000000000e+03 3.280000000000000000e+02
3.500000000000000000e+02 0.000000000000000000e+00
3.500000000000000000e+02 2.187000000000000000e+03
0.000000000000000000e+00 4.370000000000000000e+02
1.749000000000000000e+03 4.370000000000000000e+02
4.370000000000000000e+02 0.000000000000000000e+00
4.370000000000000000e+02 2.187000000000000000e+03
0.000000000000000000e+00 5.470000000000000000e+02
1.749000000000000000e+03 5.470000000000000000e+02
5.250000000000000000e+02 0.000000000000000000e+00
5.250000000000000000e+02 2.187000000000000000e+03
0.000000000000000000e+00 6.560000000000000000e+02
1.749000000000000000e+03 6.560000000000000000e+02
6.120000000000000000e+02 0.000000000000000000e+00
6.120000000000000000e+02 2.187000000000000000e+03
0.000000000000000000e+00 7.650000000000000000e+02
1.749000000000000000e+03 7.650000000000000000e+02
7.000000000000000000e+02 0.000000000000000000e+00
7.000000000000000000e+02 2.187000000000000000e+03
0.000000000000000000e+00 8.750000000000000000e+02
1.749000000000000000e+03 8.750000000000000000e+02
7.870000000000000000e+02 0.000000000000000000e+00
7.870000000000000000e+02 2.187000000000000000e+03
0.000000000000000000e+00 9.840000000000000000e+02
1.749000000000000000e+03 9.840000000000000000e+02
8.750000000000000000e+02 0.000000000000000000e+00
8.750000000000000000e+02 2.187000000000000000e+03
0.000000000000000000e+00 1.094000000000000000e+03
1.749000000000000000e+03 1.094000000000000000e+03
9.620000000000000000e+02 0.000000000000000000e+00
9.620000000000000000e+02 2.187000000000000000e+03
0.000000000000000000e+00 1.203000000000000000e+03
1.749000000000000000e+03 1.203000000000000000e+03
1.050000000000000000e+03 0.000000000000000000e+00
1.050000000000000000e+03 2.187000000000000000e+03
0.000000000000000000e+00 1.312000000000000000e+03
1.749000000000000000e+03 1.312000000000000000e+03
1.137000000000000000e+03 0.000000000000000000e+00
1.137000000000000000e+03 2.187000000000000000e+03
0.000000000000000000e+00 1.422000000000000000e+03
1.749000000000000000e+03 1.422000000000000000e+03
1.225000000000000000e+03 0.000000000000000000e+00
1.225000000000000000e+03 2.187000000000000000e+03
0.000000000000000000e+00 1.531000000000000000e+03
1.749000000000000000e+03 1.531000000000000000e+03
1.312000000000000000e+03 0.000000000000000000e+00
1.312000000000000000e+03 2.187000000000000000e+03
0.000000000000000000e+00 1.641000000000000000e+03
1.749000000000000000e+03 1.641000000000000000e+03
1.400000000000000000e+03 0.000000000000000000e+00
1.400000000000000000e+03 2.187000000000000000e+03
0.000000000000000000e+00 1.750000000000000000e+03
1.749000000000000000e+03 1.750000000000000000e+03
1.487000000000000000e+03 0.000000000000000000e+00
1.487000000000000000e+03 2.187000000000000000e+03
0.000000000000000000e+00 1.859000000000000000e+03
1.749000000000000000e+03 1.859000000000000000e+03
1.575000000000000000e+03 0.000000000000000000e+00
1.575000000000000000e+03 2.187000000000000000e+03
0.000000000000000000e+00 1.969000000000000000e+03
1.749000000000000000e+03 1.969000000000000000e+03
1.662000000000000000e+03 0.000000000000000000e+00
1.662000000000000000e+03 2.187000000000000000e+03
0.000000000000000000e+00 2.078000000000000000e+03
1.749000000000000000e+03 2.078000000000000000e+03
