8.040000000000000000e+02 1.452000000000000000e+03
8.070000000000000000e+02 1.337000000000000000e+03
8.070000000000000000e+02 1.367000000000000000e+03
7.780000000000000000e+02 1.200000000000000000e+03
8.070000000000000000e+02 1.298000000000000000e+03
8.070000000000000000e+02 1.242000000000000000e+03
8.090000000000000000e+02 1.105000000000000000e+03
5.470000000000000000e+02 1.079000000000000000e+03
8.100000000000000000e+02 1.001000000000000000e+03
8.110000000000000000e+02 9.480000000000000000e+02
8.140000000000000000e+02 7.520000000000000000e+02
8.030000000000000000e+02 1.466000000000000000e+03
8.040000000000000000e+02 1.478000000000000000e+03
8.050000000000000000e+02 1.486000000000000000e+03
8.050000000000000000e+02 1.489000000000000000e+03
8.050000000000000000e+02 1.507000000000000000e+03
8.040000000000000000e+02 1.528000000000000000e+03
8.040000000000000000e+02 1.549000000000000000e+03
8.100000000000000000e+02 1.593000000000000000e+03
8.070000000000000000e+02 1.355000000000000000e+03
7.720000000000000000e+02 1.350000000000000000e+03
4.360000000000000000e+02 9.180000000000000000e+02
6.580000000000000000e+02 1.113000000000000000e+03
6.210000000000000000e+02 1.119000000000000000e+03
5.850000000000000000e+02 1.118000000000000000e+03
5.360000000000000000e+02 1.090000000000000000e+03
6.890000000000000000e+02 1.103000000000000000e+03
5.950000000000000000e+02 9.920000000000000000e+02
6.400000000000000000e+02 9.980000000000000000e+02
5.550000000000000000e+02 1.000000000000000000e+03
5.300000000000000000e+02 1.017000000000000000e+03
5.130000000000000000e+02 1.114000000000000000e+03
6.850000000000000000e+02 1.638000000000000000e+03
5.340000000000000000e+02 1.063000000000000000e+03
4.260000000000000000e+02 1.087000000000000000e+03
4.750000000000000000e+02 1.080000000000000000e+03
6.360000000000000000e+02 1.283000000000000000e+03
7.600000000000000000e+02 1.442000000000000000e+03
7.660000000000000000e+02 1.476000000000000000e+03
7.190000000000000000e+02 1.451000000000000000e+03
6.910000000000000000e+02 1.462000000000000000e+03
7.330000000000000000e+02 1.475000000000000000e+03
7.080000000000000000e+02 1.477000000000000000e+03
6.570000000000000000e+02 1.522000000000000000e+03
7.770000000000000000e+02 1.336000000000000000e+03
7.720000000000000000e+02 1.297000000000000000e+03
4.840000000000000000e+02 9.800000000000000000e+02
7.060000000000000000e+02 1.185000000000000000e+03
6.980000000000000000e+02 1.315000000000000000e+03
6.970000000000000000e+02 1.292000000000000000e+03
5.350000000000000000e+02 1.274000000000000000e+03
7.750000000000000000e+02 1.245000000000000000e+03
5.620000000000000000e+02 9.460000000000000000e+02
5.140000000000000000e+02 9.550000000000000000e+02
4.640000000000000000e+02 8.520000000000000000e+02
7.270000000000000000e+02 9.900000000000000000e+02
6.790000000000000000e+02 1.019000000000000000e+03
6.320000000000000000e+02 1.486000000000000000e+03
4.800000000000000000e+02 1.435000000000000000e+03
7.240000000000000000e+02 1.337000000000000000e+03
7.510000000000000000e+02 1.349000000000000000e+03
6.580000000000000000e+02 1.483000000000000000e+03
6.660000000000000000e+02 1.483000000000000000e+03
4.970000000000000000e+02 9.270000000000000000e+02
6.980000000000000000e+02 1.329000000000000000e+03
6.310000000000000000e+02 9.550000000000000000e+02
6.250000000000000000e+02 9.240000000000000000e+02
6.020000000000000000e+02 7.680000000000000000e+02
4.840000000000000000e+02 8.940000000000000000e+02
6.210000000000000000e+02 8.460000000000000000e+02
4.670000000000000000e+02 9.590000000000000000e+02
4.540000000000000000e+02 9.460000000000000000e+02
7.620000000000000000e+02 1.461000000000000000e+03
7.260000000000000000e+02 1.464000000000000000e+03
6.990000000000000000e+02 1.470000000000000000e+03
7.320000000000000000e+02 1.343000000000000000e+03
6.620000000000000000e+02 1.483000000000000000e+03
6.790000000000000000e+02 1.492000000000000000e+03
6.710000000000000000e+02 1.483000000000000000e+03
7.390000000000000000e+02 1.329000000000000000e+03
7.150000000000000000e+02 1.482000000000000000e+03
7.400000000000000000e+02 1.482000000000000000e+03
7.700000000000000000e+02 1.484000000000000000e+03
7.640000000000000000e+02 1.591000000000000000e+03
7.610000000000000000e+02 1.545000000000000000e+03
7.630000000000000000e+02 1.523000000000000000e+03
7.660000000000000000e+02 1.503000000000000000e+03
7.700000000000000000e+02 1.487000000000000000e+03
7.150000000000000000e+02 1.483000000000000000e+03
7.080000000000000000e+02 1.491000000000000000e+03
7.000000000000000000e+02 1.501000000000000000e+03
6.930000000000000000e+02 1.514000000000000000e+03
6.670000000000000000e+02 1.424000000000000000e+03
4.380000000000000000e+02 1.246000000000000000e+03
8.070000000000000000e+02 1.361000000000000000e+03
6.950000000000000000e+02 1.482000000000000000e+03
6.870000000000000000e+02 1.487000000000000000e+03
7.630000000000000000e+02 1.364000000000000000e+03
7.100000000000000000e+02 1.350000000000000000e+03
7.570000000000000000e+02 1.356000000000000000e+03
6.690000000000000000e+02 1.207000000000000000e+03
6.120000000000000000e+02 1.232000000000000000e+03
6.920000000000000000e+02 1.307000000000000000e+03
5.160000000000000000e+02 8.000000000000000000e+02
5.370000000000000000e+02 8.580000000000000000e+02
5.510000000000000000e+02 9.150000000000000000e+02
6.840000000000000000e+02 1.548000000000000000e+03
7.140000000000000000e+02 9.400000000000000000e+02
7.100000000000000000e+02 8.470000000000000000e+02
6.980000000000000000e+02 7.540000000000000000e+02
5.540000000000000000e+02 1.109000000000000000e+03
4.810000000000000000e+02 1.141000000000000000e+03
7.090000000000000000e+02 1.094000000000000000e+03
5.010000000000000000e+02 1.033000000000000000e+03
7.300000000000000000e+02 1.161000000000000000e+03
7.180000000000000000e+02 1.304000000000000000e+03
4.510000000000000000e+02 1.168000000000000000e+03
5.040000000000000000e+02 1.174000000000000000e+03
5.490000000000000000e+02 1.192000000000000000e+03
6.170000000000000000e+02 1.186000000000000000e+03
6.670000000000000000e+02 1.169000000000000000e+03
7.030000000000000000e+02 1.152000000000000000e+03
7.760000000000000000e+02 1.113000000000000000e+03
4.610000000000000000e+02 1.250000000000000000e+03
4.770000000000000000e+02 1.025000000000000000e+03
7.890000000000000000e+02 1.353000000000000000e+03
7.090000000000000000e+02 1.226000000000000000e+03
4.210000000000000000e+02 1.077000000000000000e+03
7.310000000000000000e+02 1.134000000000000000e+03
6.900000000000000000e+02 1.307000000000000000e+03
5.200000000000000000e+02 1.064000000000000000e+03
7.180000000000000000e+02 1.276000000000000000e+03
4.540000000000000000e+02 1.338000000000000000e+03
7.080000000000000000e+02 1.080000000000000000e+03
7.450000000000000000e+02 1.257000000000000000e+03
5.460000000000000000e+02 1.541000000000000000e+03
5.510000000000000000e+02 1.576000000000000000e+03
4.360000000000000000e+02 1.249000000000000000e+03
5.070000000000000000e+02 1.485000000000000000e+03
4.380000000000000000e+02 1.011000000000000000e+03
6.790000000000000000e+02 1.671000000000000000e+03
7.920000000000000000e+02 1.359000000000000000e+03
6.780000000000000000e+02 1.253000000000000000e+03
4.500000000000000000e+02 1.082000000000000000e+03
5.850000000000000000e+02 1.097000000000000000e+03
6.180000000000000000e+02 1.098000000000000000e+03
6.730000000000000000e+02 1.497000000000000000e+03
4.730000000000000000e+02 1.326000000000000000e+03
7.400000000000000000e+02 1.719000000000000000e+03
6.410000000000000000e+02 1.665000000000000000e+03
5.990000000000000000e+02 1.629000000000000000e+03
8.120000000000000000e+02 8.500000000000000000e+02
8.120000000000000000e+02 1.726000000000000000e+03
6.500000000000000000e+02 1.092000000000000000e+03
6.800000000000000000e+02 1.085000000000000000e+03
7.000000000000000000e+02 1.082000000000000000e+03
4.560000000000000000e+02 1.013000000000000000e+03
6.720000000000000000e+02 1.046000000000000000e+03
6.370000000000000000e+02 1.031000000000000000e+03
6.030000000000000000e+02 1.028000000000000000e+03
5.700000000000000000e+02 1.036000000000000000e+03
5.510000000000000000e+02 1.047000000000000000e+03
4.230000000000000000e+02 9.890000000000000000e+02
5.630000000000000000e+02 1.089000000000000000e+03
8.070000000000000000e+02 1.394000000000000000e+03
6.990000000000000000e+02 1.404000000000000000e+03
7.240000000000000000e+02 1.332000000000000000e+03
7.600000000000000000e+02 1.395000000000000000e+03
8.100000000000000000e+02 1.051000000000000000e+03
5.900000000000000000e+02 1.592000000000000000e+03
6.320000000000000000e+02 1.632000000000000000e+03
7.380000000000000000e+02 1.699000000000000000e+03
5.140000000000000000e+02 1.515000000000000000e+03
6.970000000000000000e+02 1.067000000000000000e+03
7.520000000000000000e+02 1.177000000000000000e+03
8.110000000000000000e+02 1.706000000000000000e+03
6.860000000000000000e+02 1.697000000000000000e+03
4.520000000000000000e+02 1.333000000000000000e+03
7.400000000000000000e+02 1.484000000000000000e+03
7.340000000000000000e+02 1.496000000000000000e+03
7.270000000000000000e+02 1.513000000000000000e+03
7.230000000000000000e+02 1.532000000000000000e+03
7.190000000000000000e+02 1.573000000000000000e+03
6.860000000000000000e+02 1.479000000000000000e+03
6.770000000000000000e+02 1.476000000000000000e+03
6.710000000000000000e+02 1.472000000000000000e+03
6.440000000000000000e+02 1.452000000000000000e+03
5.150000000000000000e+02 1.353000000000000000e+03
7.530000000000000000e+02 1.134000000000000000e+03
7.330000000000000000e+02 1.053000000000000000e+03
7.120000000000000000e+02 1.055000000000000000e+03
6.950000000000000000e+02 1.482000000000000000e+03
5.160000000000000000e+02 1.439000000000000000e+03
7.650000000000000000e+02 1.055000000000000000e+03
7.010000000000000000e+02 1.604000000000000000e+03
8.080000000000000000e+02 1.195000000000000000e+03
7.760000000000000000e+02 1.159000000000000000e+03
8.080000000000000000e+02 1.152000000000000000e+03
7.280000000000000000e+02 1.239000000000000000e+03
8.100000000000000000e+02 1.673000000000000000e+03
8.100000000000000000e+02 1.630000000000000000e+03
7.530000000000000000e+02 1.626000000000000000e+03
6.250000000000000000e+02 1.533000000000000000e+03
6.610000000000000000e+02 1.336000000000000000e+03
6.590000000000000000e+02 1.573000000000000000e+03
5.840000000000000000e+02 1.327000000000000000e+03
6.310000000000000000e+02 1.373000000000000000e+03
5.590000000000000000e+02 1.386000000000000000e+03
7.420000000000000000e+02 1.667000000000000000e+03
7.090000000000000000e+02 1.259000000000000000e+03
5.970000000000000000e+02 1.557000000000000000e+03
6.400000000000000000e+02 1.599000000000000000e+03
5.970000000000000000e+02 1.487000000000000000e+03
4.850000000000000000e+02 1.389000000000000000e+03
5.570000000000000000e+02 1.486000000000000000e+03
4.730000000000000000e+02 1.411000000000000000e+03
6.070000000000000000e+02 1.421000000000000000e+03
7.310000000000000000e+02 1.201000000000000000e+03
7.280000000000000000e+02 1.323000000000000000e+03
7.090000000000000000e+02 1.328000000000000000e+03
7.430000000000000000e+02 1.299000000000000000e+03
7.010000000000000000e+02 1.014000000000000000e+03
6.370000000000000000e+02 9.840000000000000000e+02
5.810000000000000000e+02 9.770000000000000000e+02
5.380000000000000000e+02 9.850000000000000000e+02
5.100000000000000000e+02 1.002000000000000000e+03
5.010000000000000000e+02 1.072000000000000000e+03
4.260000000000000000e+02 1.168000000000000000e+03
5.320000000000000000e+02 1.135000000000000000e+03
5.700000000000000000e+02 1.149000000000000000e+03
6.180000000000000000e+02 1.149000000000000000e+03
6.640000000000000000e+02 1.138000000000000000e+03
6.980000000000000000e+02 1.126000000000000000e+03
7.220000000000000000e+02 1.115000000000000000e+03
4.280000000000000000e+02 1.161000000000000000e+03
7.100000000000000000e+02 1.337000000000000000e+03
7.510000000000000000e+02 1.216000000000000000e+03
7.520000000000000000e+02 1.328000000000000000e+03
7.700000000000000000e+02 1.345000000000000000e+03
7.520000000000000000e+02 1.333000000000000000e+03
7.200000000000000000e+02 1.347000000000000000e+03
7.770000000000000000e+02 1.350000000000000000e+03
7.810000000000000000e+02 1.356000000000000000e+03
7.210000000000000000e+02 1.083000000000000000e+03
7.400000000000000000e+02 1.094000000000000000e+03
7.510000000000000000e+02 1.105000000000000000e+03
5.410000000000000000e+02 1.056000000000000000e+03
5.170000000000000000e+02 1.036000000000000000e+03
8.380000000000000000e+02 1.200000000000000000e+03
1.073000000000000000e+03 1.084000000000000000e+03
8.420000000000000000e+02 1.350000000000000000e+03
1.196000000000000000e+03 9.200000000000000000e+02
9.640000000000000000e+02 1.121000000000000000e+03
1.000000000000000000e+03 1.126000000000000000e+03
1.035000000000000000e+03 1.124000000000000000e+03
1.084000000000000000e+03 1.097000000000000000e+03
9.330000000000000000e+02 1.112000000000000000e+03
1.028000000000000000e+03 1.001000000000000000e+03
9.830000000000000000e+02 1.007000000000000000e+03
1.068000000000000000e+03 1.009000000000000000e+03
1.091000000000000000e+03 1.025000000000000000e+03
1.107000000000000000e+03 1.122000000000000000e+03
9.390000000000000000e+02 1.639000000000000000e+03
1.087000000000000000e+03 1.069000000000000000e+03
1.207000000000000000e+03 1.090000000000000000e+03
1.147000000000000000e+03 1.090000000000000000e+03
9.860000000000000000e+02 1.285000000000000000e+03
8.480000000000000000e+02 1.443000000000000000e+03
8.430000000000000000e+02 1.477000000000000000e+03
8.910000000000000000e+02 1.455000000000000000e+03
9.210000000000000000e+02 1.466000000000000000e+03
8.780000000000000000e+02 1.478000000000000000e+03
9.060000000000000000e+02 1.481000000000000000e+03
9.650000000000000000e+02 1.524000000000000000e+03
8.370000000000000000e+02 1.336000000000000000e+03
8.410000000000000000e+02 1.297000000000000000e+03
1.140000000000000000e+03 9.920000000000000000e+02
9.170000000000000000e+02 1.186000000000000000e+03
9.200000000000000000e+02 1.316000000000000000e+03
9.220000000000000000e+02 1.293000000000000000e+03
1.091000000000000000e+03 1.276000000000000000e+03
8.400000000000000000e+02 1.246000000000000000e+03
1.060000000000000000e+03 9.550000000000000000e+02
1.109000000000000000e+03 9.660000000000000000e+02
1.167000000000000000e+03 8.540000000000000000e+02
8.940000000000000000e+02 9.980000000000000000e+02
9.440000000000000000e+02 1.027000000000000000e+03
9.900000000000000000e+02 1.488000000000000000e+03
1.156000000000000000e+03 1.438000000000000000e+03
8.930000000000000000e+02 1.338000000000000000e+03
8.650000000000000000e+02 1.349000000000000000e+03
9.600000000000000000e+02 1.486000000000000000e+03
9.510000000000000000e+02 1.486000000000000000e+03
1.129000000000000000e+03 9.390000000000000000e+02
9.210000000000000000e+02 1.330000000000000000e+03
9.890000000000000000e+02 9.640000000000000000e+02
9.970000000000000000e+02 9.320000000000000000e+02
1.027000000000000000e+03 7.690000000000000000e+02
1.145000000000000000e+03 8.970000000000000000e+02
1.005000000000000000e+03 8.480000000000000000e+02
1.160000000000000000e+03 9.730000000000000000e+02
1.177000000000000000e+03 9.490000000000000000e+02
8.460000000000000000e+02 1.462000000000000000e+03
8.840000000000000000e+02 1.467000000000000000e+03
9.140000000000000000e+02 1.474000000000000000e+03
8.850000000000000000e+02 1.344000000000000000e+03
9.560000000000000000e+02 1.486000000000000000e+03
9.370000000000000000e+02 1.495000000000000000e+03
9.460000000000000000e+02 1.486000000000000000e+03
8.770000000000000000e+02 1.330000000000000000e+03
9.000000000000000000e+02 1.485000000000000000e+03
8.720000000000000000e+02 1.484000000000000000e+03
8.410000000000000000e+02 1.485000000000000000e+03
8.560000000000000000e+02 1.591000000000000000e+03
8.490000000000000000e+02 1.546000000000000000e+03
8.470000000000000000e+02 1.524000000000000000e+03
8.450000000000000000e+02 1.504000000000000000e+03
8.410000000000000000e+02 1.488000000000000000e+03
9.000000000000000000e+02 1.486000000000000000e+03
9.070000000000000000e+02 1.494000000000000000e+03
9.150000000000000000e+02 1.504000000000000000e+03
9.210000000000000000e+02 1.517000000000000000e+03
9.520000000000000000e+02 1.425000000000000000e+03
1.199000000000000000e+03 1.249000000000000000e+03
9.220000000000000000e+02 1.486000000000000000e+03
9.290000000000000000e+02 1.490000000000000000e+03
8.530000000000000000e+02 1.364000000000000000e+03
9.080000000000000000e+02 1.351000000000000000e+03
8.590000000000000000e+02 1.357000000000000000e+03
9.530000000000000000e+02 1.208000000000000000e+03
1.011000000000000000e+03 1.234000000000000000e+03
9.280000000000000000e+02 1.309000000000000000e+03
1.115000000000000000e+03 8.020000000000000000e+02
1.091000000000000000e+03 8.610000000000000000e+02
1.073000000000000000e+03 9.230000000000000000e+02
9.370000000000000000e+02 1.549000000000000000e+03
9.070000000000000000e+02 9.470000000000000000e+02
9.150000000000000000e+02 8.480000000000000000e+02
9.300000000000000000e+02 7.540000000000000000e+02
1.066000000000000000e+03 1.115000000000000000e+03
1.141000000000000000e+03 1.149000000000000000e+03
9.130000000000000000e+02 1.103000000000000000e+03
1.121000000000000000e+03 1.042000000000000000e+03
8.920000000000000000e+02 1.161000000000000000e+03
8.990000000000000000e+02 1.305000000000000000e+03
1.179000000000000000e+03 1.171000000000000000e+03
1.116000000000000000e+03 1.181000000000000000e+03
1.070000000000000000e+03 1.198000000000000000e+03
1.003000000000000000e+03 1.191000000000000000e+03
9.540000000000000000e+02 1.174000000000000000e+03
9.180000000000000000e+02 1.156000000000000000e+03
8.440000000000000000e+02 1.113000000000000000e+03
1.169000000000000000e+03 1.254000000000000000e+03
1.146000000000000000e+03 1.036000000000000000e+03
8.260000000000000000e+02 1.353000000000000000e+03
9.120000000000000000e+02 1.227000000000000000e+03
1.214000000000000000e+03 1.079000000000000000e+03
8.910000000000000000e+02 1.137000000000000000e+03
9.310000000000000000e+02 1.308000000000000000e+03
1.100000000000000000e+03 1.070000000000000000e+03
9.000000000000000000e+02 1.277000000000000000e+03
1.182000000000000000e+03 1.341000000000000000e+03
9.140000000000000000e+02 1.089000000000000000e+03
8.710000000000000000e+02 1.257000000000000000e+03
1.084000000000000000e+03 1.544000000000000000e+03
1.082000000000000000e+03 1.579000000000000000e+03
1.197000000000000000e+03 1.253000000000000000e+03
1.125000000000000000e+03 1.489000000000000000e+03
1.193000000000000000e+03 1.014000000000000000e+03
9.460000000000000000e+02 1.673000000000000000e+03
8.220000000000000000e+02 1.359000000000000000e+03
9.440000000000000000e+02 1.254000000000000000e+03
1.175000000000000000e+03 1.093000000000000000e+03
1.035000000000000000e+03 1.103000000000000000e+03
1.003000000000000000e+03 1.105000000000000000e+03
9.440000000000000000e+02 1.500000000000000000e+03
1.157000000000000000e+03 1.329000000000000000e+03
8.840000000000000000e+02 1.720000000000000000e+03
9.870000000000000000e+02 1.667000000000000000e+03
1.032000000000000000e+03 1.631000000000000000e+03
9.710000000000000000e+02 1.101000000000000000e+03
9.420000000000000000e+02 1.094000000000000000e+03
9.220000000000000000e+02 1.092000000000000000e+03
1.169000000000000000e+03 1.026000000000000000e+03
9.520000000000000000e+02 1.054000000000000000e+03
9.860000000000000000e+02 1.038000000000000000e+03
1.020000000000000000e+03 1.035000000000000000e+03
1.052000000000000000e+03 1.041000000000000000e+03
1.070000000000000000e+03 1.053000000000000000e+03
1.210000000000000000e+03 9.910000000000000000e+02
1.058000000000000000e+03 1.095000000000000000e+03
9.190000000000000000e+02 1.405000000000000000e+03
8.930000000000000000e+02 1.333000000000000000e+03
8.560000000000000000e+02 1.396000000000000000e+03
1.039000000000000000e+03 1.595000000000000000e+03
9.950000000000000000e+02 1.635000000000000000e+03
8.850000000000000000e+02 1.700000000000000000e+03
1.121000000000000000e+03 1.518000000000000000e+03
9.260000000000000000e+02 1.076000000000000000e+03
8.660000000000000000e+02 1.177000000000000000e+03
9.400000000000000000e+02 1.698000000000000000e+03
1.180000000000000000e+03 1.337000000000000000e+03
8.730000000000000000e+02 1.486000000000000000e+03
8.790000000000000000e+02 1.499000000000000000e+03
8.850000000000000000e+02 1.515000000000000000e+03
8.890000000000000000e+02 1.535000000000000000e+03
9.010000000000000000e+02 1.574000000000000000e+03
9.290000000000000000e+02 1.483000000000000000e+03
9.370000000000000000e+02 1.480000000000000000e+03
9.440000000000000000e+02 1.476000000000000000e+03
9.760000000000000000e+02 1.454000000000000000e+03
1.112000000000000000e+03 1.356000000000000000e+03
8.670000000000000000e+02 1.135000000000000000e+03
8.900000000000000000e+02 1.060000000000000000e+03
9.110000000000000000e+02 1.062000000000000000e+03
9.210000000000000000e+02 1.486000000000000000e+03
1.112000000000000000e+03 1.442000000000000000e+03
8.580000000000000000e+02 1.061000000000000000e+03
9.220000000000000000e+02 1.605000000000000000e+03
8.410000000000000000e+02 1.159000000000000000e+03
8.900000000000000000e+02 1.240000000000000000e+03
8.670000000000000000e+02 1.627000000000000000e+03
9.990000000000000000e+02 1.535000000000000000e+03
9.590000000000000000e+02 1.337000000000000000e+03
9.640000000000000000e+02 1.575000000000000000e+03
1.040000000000000000e+03 1.329000000000000000e+03
9.900000000000000000e+02 1.375000000000000000e+03
1.066000000000000000e+03 1.388000000000000000e+03
8.790000000000000000e+02 1.667000000000000000e+03
9.110000000000000000e+02 1.260000000000000000e+03
1.029000000000000000e+03 1.559000000000000000e+03
9.850000000000000000e+02 1.601000000000000000e+03
1.026000000000000000e+03 1.489000000000000000e+03
1.145000000000000000e+03 1.393000000000000000e+03
1.070000000000000000e+03 1.489000000000000000e+03
1.160000000000000000e+03 1.415000000000000000e+03
1.015000000000000000e+03 1.423000000000000000e+03
8.890000000000000000e+02 1.201000000000000000e+03
8.880000000000000000e+02 1.323000000000000000e+03
9.090000000000000000e+02 1.329000000000000000e+03
8.720000000000000000e+02 1.300000000000000000e+03
9.210000000000000000e+02 1.023000000000000000e+03
9.840000000000000000e+02 9.940000000000000000e+02
1.040000000000000000e+03 9.870000000000000000e+02
1.084000000000000000e+03 9.950000000000000000e+02
1.112000000000000000e+03 1.013000000000000000e+03
1.119000000000000000e+03 1.079000000000000000e+03
1.207000000000000000e+03 1.171000000000000000e+03
1.087000000000000000e+03 1.141000000000000000e+03
1.049000000000000000e+03 1.155000000000000000e+03
1.002000000000000000e+03 1.154000000000000000e+03
9.570000000000000000e+02 1.144000000000000000e+03
9.230000000000000000e+02 1.132000000000000000e+03
9.000000000000000000e+02 1.120000000000000000e+03
1.208000000000000000e+03 1.163000000000000000e+03
9.080000000000000000e+02 1.338000000000000000e+03
8.660000000000000000e+02 1.216000000000000000e+03
8.620000000000000000e+02 1.328000000000000000e+03
8.450000000000000000e+02 1.346000000000000000e+03
8.630000000000000000e+02 1.333000000000000000e+03
8.980000000000000000e+02 1.348000000000000000e+03
8.370000000000000000e+02 1.350000000000000000e+03
8.340000000000000000e+02 1.356000000000000000e+03
9.010000000000000000e+02 1.091000000000000000e+03
8.820000000000000000e+02 1.100000000000000000e+03
8.710000000000000000e+02 1.109000000000000000e+03
1.080000000000000000e+03 1.061000000000000000e+03
1.103000000000000000e+03 1.044000000000000000e+03
6.140000000000000000e+02 1.064000000000000000e+03
6.540000000000000000e+02 1.063000000000000000e+03
6.130000000000000000e+02 1.026000000000000000e+03
5.730000000000000000e+02 1.065000000000000000e+03
6.140000000000000000e+02 1.102000000000000000e+03
1.010000000000000000e+03 1.062000000000000000e+03
1.050000000000000000e+03 1.063000000000000000e+03
1.010000000000000000e+03 1.025000000000000000e+03
9.700000000000000000e+02 1.061000000000000000e+03
1.010000000000000000e+03 1.099000000000000000e+03
0.000000000000000000e+00 0.000000000000000000e+00
1.749000000000000000e+03 0.000000000000000000e+00
1.749000000000000000e+03 2.187000000000000000e+03
0.000000000000000000e+00 2.187000000000000000e+03
8.700000000000000000e+01 0.000000000000000000e+00
8.700000000000000000e+01 2.187000000000000000e+03
0.000000000000000000e+00 1.090000000000000000e+02
1.749000000000000000e+03 1.090000000000000000e+02
1.750000000000000000e+02 0.000000000000000000e+00
1.750000000000000000e+02 2.187000000000000000e+03
0.000000000000000000e+00 2.180000000000000000e+02
1.749000000000000000e+03 2.180000000000000000e+02
2.620000000000000000e+02 0.000000000000000000e+00
2.620000000000000000e+02 2.187000000000000000e+03
0.000000000000000000e+00 3.280000000000000000e+02
1.749000000000000000e+03 3.280000000000000000e+02
3.500000000000000000e+02 0.000000000000000000e+00
3.500000000000000000e+02 2.187000000000000000e+03
0.000000000000000000e+00 4.370000000000000000e+02
1.749000000000000000e+03 4.370000000000000000e+02
4.370000000000000000e+02 0.000000000000000000e+00
4.370000000000000000e+02 2.187000000000000000e+03
0.000000000000000000e+00 5.470000000000000000e+02
1.749000000000000000e+03 5.470000000000000000e+02
5.250000000000000000e+02 0.000000000000000000e+00
5.250000000000000000e+02 2.187000000000000000e+03
0.000000000000000000e+00 6.560000000000000000e+02
1.749000000000000000e+03 6.560000000000000000e+02
6.120000000000000000e+02 0.000000000000000000e+00
6.120000000000000000e+02 2.187000000000000000e+03
0.000000000000000000e+00 7.650000000000000000e+02
1.749000000000000000e+03 7.650000000000000000e+02
7.000000000000000000e+02 0.000000000000000000e+00
7.000000000000000000e+02 2.187000000000000000e+03
0.000000000000000000e+00 8.750000000000000000e+02
1.749000000000000000e+03 8.750000000000000000e+02
7.870000000000000000e+02 0.000000000000000000e+00
7.870000000000000000e+02 2.187000000000000000e+03
0.000000000000000000e+00 9.840000000000000000e+02
1.749000000000000000e+03 9.840000000000000000e+02
8.750000000000000000e+02 0.000000000000000000e+00
8.750000000000000000e+02 2.187000000000000000e+03
0.000000000000000000e+00 1.094000000000000000e+03
1.749000000000000000e+03 1.094000000000000000e+03
9.620000000000000000e+02 0.000000000000000000e+00
9.620000000000000000e+02 2.187000000000000000e+03
0.000000000000000000e+00 1.203000000000000000e+03
1.749000000000000000e+03 1.203000000000000000e+03
1.050000000000000000e+03 0.000000000000000000e+00
1.050000000000000000e+03 2.187000000000000000e+03
0.000000000000000000e+00 1.312000000000000000e+03
1.749000000000000000e+03 1.312000000000000000e+03
1.137000000000000000e+03 0.000000000000000000e+00
1.137000000000000000e+03 2.187000000000000000e+03
0.000000000000000000e+00 1.422000000000000000e+03
1.749000000000000000e+03 1.422000000000000000e+03
1.225000000000000000e+03 0.000000000000000000e+00
1.225000000000000000e+03 2.187000000000000000e+03
0.000000000000000000e+00 1.531000000000000000e+03
1.749000000000000000e+03 1.531000000000000000e+03
1.312000000000000000e+03 0.000000000000000000e+00
1.312000000000000000e+03 2.187000000000000000e+03
0.000000000000000000e+00 1.641000000000000000e+03
1.749000000000000000e+03 1.641000000000000000e+03
1.400000000000000000e+03 0.000000000000000000e+00
1.400000000000000000e+03 2.187000000000000000e+03
0.000000000000000000e+00 1.750000000000000000e+03
1.749000000000000000e+03 1.750000000000000000e+03
1.487000000000000000e+03 0.000000000000000000e+00
1.487000000000000000e+03 2.187000000000000000e+03
0.000000000000000000e+00 1.859000000000000000e+03
1.749000000000000000e+03 1.859000000000000000e+03
1.575000000000000000e+03 0.000000000000000000e+00
1.575000000000000000e+03 2.187000000000000000e+03
0.000000000000000000e+00 1.969000000000000000e+03
1.749000000000000000e+03 1.969000000000000000e+03
1.662000000000000000e+03 0.000000000000000000e+00
1.662000000000000000e+03 2.187000000000000000e+03
0.000000000000000000e+00 2.078000000000000000e+03
1.749000000000000000e+03 2.078000000000000000e+03
