8.870000000000000000e+02 1.439000000000000000e+03
8.600000000000000000e+02 1.309000000000000000e+03
8.610000000000000000e+02 1.344000000000000000e+03
8.310000000000000000e+02 1.163000000000000000e+03
8.600000000000000000e+02 1.265000000000000000e+03
8.600000000000000000e+02 1.206000000000000000e+03
8.610000000000000000e+02 1.063000000000000000e+03
6.030000000000000000e+02 1.047000000000000000e+03
8.610000000000000000e+02 9.570000000000000000e+02
8.600000000000000000e+02 8.990000000000000000e+02
8.610000000000000000e+02 6.830000000000000000e+02
8.870000000000000000e+02 1.455000000000000000e+03
8.860000000000000000e+02 1.472000000000000000e+03
8.840000000000000000e+02 1.484000000000000000e+03
8.850000000000000000e+02 1.484000000000000000e+03
8.870000000000000000e+02 1.506000000000000000e+03
8.870000000000000000e+02 1.532000000000000000e+03
8.860000000000000000e+02 1.557000000000000000e+03
8.630000000000000000e+02 1.603000000000000000e+03
8.610000000000000000e+02 1.329000000000000000e+03
8.260000000000000000e+02 1.326000000000000000e+03
4.590000000000000000e+02 8.810000000000000000e+02
7.060000000000000000e+02 1.084000000000000000e+03
6.680000000000000000e+02 1.087000000000000000e+03
6.320000000000000000e+02 1.085000000000000000e+03
5.870000000000000000e+02 1.061000000000000000e+03
7.400000000000000000e+02 1.076000000000000000e+03
6.490000000000000000e+02 9.660000000000000000e+02
6.930000000000000000e+02 9.710000000000000000e+02
6.090000000000000000e+02 9.730000000000000000e+02
5.840000000000000000e+02 9.900000000000000000e+02
5.540000000000000000e+02 1.086000000000000000e+03
7.300000000000000000e+02 1.661000000000000000e+03
5.910000000000000000e+02 1.037000000000000000e+03
4.460000000000000000e+02 1.066000000000000000e+03
5.140000000000000000e+02 1.055000000000000000e+03
6.780000000000000000e+02 1.259000000000000000e+03
8.400000000000000000e+02 1.431000000000000000e+03
8.440000000000000000e+02 1.470000000000000000e+03
7.940000000000000000e+02 1.444000000000000000e+03
7.620000000000000000e+02 1.456000000000000000e+03
8.070000000000000000e+02 1.470000000000000000e+03
7.780000000000000000e+02 1.472000000000000000e+03
6.930000000000000000e+02 1.515000000000000000e+03
8.300000000000000000e+02 1.308000000000000000e+03
8.260000000000000000e+02 1.265000000000000000e+03
5.290000000000000000e+02 9.490000000000000000e+02
7.550000000000000000e+02 1.155000000000000000e+03
7.460000000000000000e+02 1.289000000000000000e+03
7.440000000000000000e+02 1.264000000000000000e+03
5.670000000000000000e+02 1.251000000000000000e+03
8.280000000000000000e+02 1.210000000000000000e+03
6.130000000000000000e+02 9.060000000000000000e+02
5.620000000000000000e+02 9.190000000000000000e+02
4.950000000000000000e+02 8.050000000000000000e+02
7.810000000000000000e+02 9.490000000000000000e+02
7.320000000000000000e+02 9.900000000000000000e+02
6.640000000000000000e+02 1.471000000000000000e+03
4.940000000000000000e+02 1.463000000000000000e+03
7.720000000000000000e+02 1.313000000000000000e+03
8.010000000000000000e+02 1.325000000000000000e+03
7.260000000000000000e+02 1.474000000000000000e+03
7.350000000000000000e+02 1.475000000000000000e+03
5.430000000000000000e+02 8.900000000000000000e+02
7.430000000000000000e+02 1.305000000000000000e+03
6.840000000000000000e+02 9.120000000000000000e+02
6.780000000000000000e+02 8.780000000000000000e+02
6.470000000000000000e+02 7.050000000000000000e+02
5.230000000000000000e+02 8.490000000000000000e+02
6.700000000000000000e+02 7.890000000000000000e+02
5.090000000000000000e+02 9.280000000000000000e+02
4.850000000000000000e+02 9.100000000000000000e+02
8.420000000000000000e+02 1.452000000000000000e+03
8.000000000000000000e+02 1.458000000000000000e+03
7.700000000000000000e+02 1.464000000000000000e+03
7.800000000000000000e+02 1.320000000000000000e+03
7.310000000000000000e+02 1.475000000000000000e+03
7.490000000000000000e+02 1.485000000000000000e+03
7.390000000000000000e+02 1.475000000000000000e+03
7.910000000000000000e+02 1.304000000000000000e+03
7.830000000000000000e+02 1.477000000000000000e+03
8.120000000000000000e+02 1.478000000000000000e+03
8.460000000000000000e+02 1.481000000000000000e+03
8.120000000000000000e+02 1.601000000000000000e+03
8.370000000000000000e+02 1.552000000000000000e+03
8.400000000000000000e+02 1.527000000000000000e+03
8.430000000000000000e+02 1.501000000000000000e+03
8.460000000000000000e+02 1.481000000000000000e+03
7.850000000000000000e+02 1.477000000000000000e+03
7.780000000000000000e+02 1.486000000000000000e+03
7.700000000000000000e+02 1.498000000000000000e+03
7.630000000000000000e+02 1.511000000000000000e+03
7.040000000000000000e+02 1.407000000000000000e+03
4.470000000000000000e+02 1.252000000000000000e+03
8.610000000000000000e+02 1.337000000000000000e+03
7.630000000000000000e+02 1.476000000000000000e+03
7.570000000000000000e+02 1.480000000000000000e+03
8.130000000000000000e+02 1.341000000000000000e+03
7.550000000000000000e+02 1.327000000000000000e+03
8.070000000000000000e+02 1.333000000000000000e+03
7.150000000000000000e+02 1.178000000000000000e+03
6.540000000000000000e+02 1.204000000000000000e+03
7.370000000000000000e+02 1.282000000000000000e+03
5.550000000000000000e+02 7.440000000000000000e+02
5.820000000000000000e+02 8.070000000000000000e+02
6.010000000000000000e+02 8.720000000000000000e+02
7.230000000000000000e+02 1.549000000000000000e+03
7.680000000000000000e+02 8.930000000000000000e+02
7.590000000000000000e+02 7.870000000000000000e+02
7.460000000000000000e+02 6.870000000000000000e+02
6.030000000000000000e+02 1.076000000000000000e+03
5.140000000000000000e+02 1.114000000000000000e+03
7.620000000000000000e+02 1.067000000000000000e+03
5.490000000000000000e+02 1.006000000000000000e+03
7.800000000000000000e+02 1.128000000000000000e+03
7.690000000000000000e+02 1.276000000000000000e+03
4.790000000000000000e+02 1.146000000000000000e+03
5.350000000000000000e+02 1.144000000000000000e+03
5.810000000000000000e+02 1.161000000000000000e+03
6.540000000000000000e+02 1.157000000000000000e+03
7.080000000000000000e+02 1.143000000000000000e+03
7.490000000000000000e+02 1.125000000000000000e+03
8.270000000000000000e+02 1.073000000000000000e+03
4.850000000000000000e+02 1.234000000000000000e+03
5.200000000000000000e+02 9.980000000000000000e+02
8.420000000000000000e+02 1.328000000000000000e+03
7.570000000000000000e+02 1.197000000000000000e+03
4.330000000000000000e+02 1.061000000000000000e+03
7.790000000000000000e+02 1.104000000000000000e+03
7.330000000000000000e+02 1.282000000000000000e+03
5.730000000000000000e+02 1.037000000000000000e+03
7.680000000000000000e+02 1.247000000000000000e+03
4.650000000000000000e+02 1.356000000000000000e+03
7.630000000000000000e+02 1.053000000000000000e+03
7.970000000000000000e+02 1.224000000000000000e+03
5.770000000000000000e+02 1.561000000000000000e+03
5.810000000000000000e+02 1.610000000000000000e+03
4.520000000000000000e+02 1.246000000000000000e+03
5.300000000000000000e+02 1.505000000000000000e+03
4.640000000000000000e+02 9.810000000000000000e+02
7.250000000000000000e+02 1.700000000000000000e+03
8.460000000000000000e+02 1.335000000000000000e+03
7.220000000000000000e+02 1.227000000000000000e+03
4.860000000000000000e+02 1.061000000000000000e+03
6.370000000000000000e+02 1.060000000000000000e+03
6.680000000000000000e+02 1.063000000000000000e+03
7.420000000000000000e+02 1.491000000000000000e+03
4.930000000000000000e+02 1.320000000000000000e+03
7.910000000000000000e+02 1.753000000000000000e+03
6.840000000000000000e+02 1.701000000000000000e+03
6.370000000000000000e+02 1.664000000000000000e+03
8.600000000000000000e+02 7.890000000000000000e+02
8.640000000000000000e+02 1.760000000000000000e+03
7.000000000000000000e+02 1.061000000000000000e+03
7.320000000000000000e+02 1.056000000000000000e+03
7.530000000000000000e+02 1.055000000000000000e+03
4.960000000000000000e+02 9.870000000000000000e+02
7.260000000000000000e+02 1.025000000000000000e+03
6.920000000000000000e+02 1.013000000000000000e+03
6.590000000000000000e+02 1.011000000000000000e+03
6.280000000000000000e+02 1.016000000000000000e+03
6.090000000000000000e+02 1.025000000000000000e+03
4.400000000000000000e+02 9.620000000000000000e+02
6.170000000000000000e+02 1.054000000000000000e+03
8.620000000000000000e+02 1.375000000000000000e+03
7.410000000000000000e+02 1.386000000000000000e+03
7.730000000000000000e+02 1.308000000000000000e+03
8.100000000000000000e+02 1.376000000000000000e+03
8.610000000000000000e+02 1.009000000000000000e+03
6.280000000000000000e+02 1.616000000000000000e+03
6.750000000000000000e+02 1.659000000000000000e+03
7.890000000000000000e+02 1.729000000000000000e+03
5.350000000000000000e+02 1.548000000000000000e+03
7.520000000000000000e+02 1.041000000000000000e+03
8.040000000000000000e+02 1.142000000000000000e+03
8.640000000000000000e+02 1.734000000000000000e+03
7.330000000000000000e+02 1.733000000000000000e+03
4.680000000000000000e+02 1.340000000000000000e+03
8.130000000000000000e+02 1.478000000000000000e+03
8.060000000000000000e+02 1.493000000000000000e+03
8.000000000000000000e+02 1.513000000000000000e+03
7.960000000000000000e+02 1.535000000000000000e+03
7.620000000000000000e+02 1.580000000000000000e+03
7.550000000000000000e+02 1.473000000000000000e+03
7.480000000000000000e+02 1.470000000000000000e+03
7.410000000000000000e+02 1.466000000000000000e+03
6.760000000000000000e+02 1.435000000000000000e+03
5.400000000000000000e+02 1.343000000000000000e+03
8.040000000000000000e+02 1.097000000000000000e+03
7.870000000000000000e+02 1.020000000000000000e+03
7.660000000000000000e+02 1.025000000000000000e+03
7.630000000000000000e+02 1.476000000000000000e+03
5.400000000000000000e+02 1.444000000000000000e+03
8.160000000000000000e+02 1.020000000000000000e+03
7.450000000000000000e+02 1.619000000000000000e+03
8.610000000000000000e+02 1.157000000000000000e+03
8.290000000000000000e+02 1.120000000000000000e+03
8.610000000000000000e+02 1.112000000000000000e+03
7.780000000000000000e+02 1.209000000000000000e+03
8.640000000000000000e+02 1.695000000000000000e+03
8.640000000000000000e+02 1.646000000000000000e+03
8.020000000000000000e+02 1.644000000000000000e+03
6.630000000000000000e+02 1.534000000000000000e+03
7.030000000000000000e+02 1.315000000000000000e+03
7.010000000000000000e+02 1.582000000000000000e+03
6.190000000000000000e+02 1.308000000000000000e+03
6.690000000000000000e+02 1.355000000000000000e+03
5.890000000000000000e+02 1.374000000000000000e+03
7.920000000000000000e+02 1.691000000000000000e+03
7.560000000000000000e+02 1.231000000000000000e+03
6.360000000000000000e+02 1.568000000000000000e+03
6.830000000000000000e+02 1.617000000000000000e+03
6.320000000000000000e+02 1.479000000000000000e+03
5.050000000000000000e+02 1.393000000000000000e+03
5.890000000000000000e+02 1.489000000000000000e+03
4.900000000000000000e+02 1.427000000000000000e+03
6.400000000000000000e+02 1.405000000000000000e+03
7.810000000000000000e+02 1.169000000000000000e+03
7.800000000000000000e+02 1.297000000000000000e+03
7.570000000000000000e+02 1.304000000000000000e+03
7.950000000000000000e+02 1.269000000000000000e+03
7.550000000000000000e+02 9.800000000000000000e+02
6.900000000000000000e+02 9.500000000000000000e+02
6.340000000000000000e+02 9.440000000000000000e+02
5.890000000000000000e+02 9.530000000000000000e+02
5.610000000000000000e+02 9.730000000000000000e+02
5.470000000000000000e+02 1.046000000000000000e+03
4.440000000000000000e+02 1.155000000000000000e+03
5.730000000000000000e+02 1.105000000000000000e+03
6.100000000000000000e+02 1.118000000000000000e+03
6.600000000000000000e+02 1.119000000000000000e+03
7.090000000000000000e+02 1.111000000000000000e+03
7.470000000000000000e+02 1.099000000000000000e+03
7.730000000000000000e+02 1.087000000000000000e+03
4.380000000000000000e+02 1.155000000000000000e+03
7.570000000000000000e+02 1.313000000000000000e+03
8.030000000000000000e+02 1.182000000000000000e+03
8.040000000000000000e+02 1.301000000000000000e+03
8.230000000000000000e+02 1.320000000000000000e+03
8.040000000000000000e+02 1.307000000000000000e+03
7.660000000000000000e+02 1.324000000000000000e+03
8.300000000000000000e+02 1.325000000000000000e+03
8.340000000000000000e+02 1.332000000000000000e+03
7.760000000000000000e+02 1.054000000000000000e+03
7.930000000000000000e+02 1.064000000000000000e+03
8.020000000000000000e+02 1.073000000000000000e+03
5.980000000000000000e+02 1.031000000000000000e+03
5.700000000000000000e+02 1.010000000000000000e+03
8.910000000000000000e+02 1.163000000000000000e+03
1.125000000000000000e+03 1.048000000000000000e+03
8.950000000000000000e+02 1.325000000000000000e+03
1.254000000000000000e+03 8.790000000000000000e+02
1.019000000000000000e+03 1.087000000000000000e+03
1.057000000000000000e+03 1.089000000000000000e+03
1.092000000000000000e+03 1.087000000000000000e+03
1.140000000000000000e+03 1.062000000000000000e+03
9.860000000000000000e+02 1.080000000000000000e+03
1.076000000000000000e+03 9.670000000000000000e+02
1.031000000000000000e+03 9.730000000000000000e+02
1.116000000000000000e+03 9.730000000000000000e+02
1.142000000000000000e+03 9.900000000000000000e+02
1.169000000000000000e+03 1.085000000000000000e+03
9.970000000000000000e+02 1.658000000000000000e+03
1.138000000000000000e+03 1.036000000000000000e+03
1.273000000000000000e+03 1.065000000000000000e+03
1.209000000000000000e+03 1.053000000000000000e+03
1.047000000000000000e+03 1.257000000000000000e+03
9.290000000000000000e+02 1.430000000000000000e+03
9.230000000000000000e+02 1.469000000000000000e+03
9.690000000000000000e+02 1.441000000000000000e+03
9.930000000000000000e+02 1.453000000000000000e+03
9.540000000000000000e+02 1.468000000000000000e+03
9.770000000000000000e+02 1.469000000000000000e+03
1.032000000000000000e+03 1.512000000000000000e+03
8.910000000000000000e+02 1.307000000000000000e+03
8.950000000000000000e+02 1.265000000000000000e+03
1.194000000000000000e+03 9.510000000000000000e+02
9.690000000000000000e+02 1.153000000000000000e+03
9.770000000000000000e+02 1.287000000000000000e+03
9.790000000000000000e+02 1.263000000000000000e+03
1.158000000000000000e+03 1.248000000000000000e+03
8.930000000000000000e+02 1.210000000000000000e+03
1.107000000000000000e+03 9.150000000000000000e+02
1.159000000000000000e+03 9.240000000000000000e+02
1.220000000000000000e+03 8.030000000000000000e+02
9.390000000000000000e+02 9.630000000000000000e+02
9.930000000000000000e+02 9.940000000000000000e+02
1.061000000000000000e+03 1.468000000000000000e+03
1.226000000000000000e+03 1.459000000000000000e+03
9.500000000000000000e+02 1.312000000000000000e+03
9.210000000000000000e+02 1.324000000000000000e+03
1.020000000000000000e+03 1.472000000000000000e+03
1.011000000000000000e+03 1.473000000000000000e+03
1.178000000000000000e+03 8.940000000000000000e+02
9.800000000000000000e+02 1.304000000000000000e+03
1.035000000000000000e+03 9.250000000000000000e+02
1.040000000000000000e+03 8.900000000000000000e+02
1.074000000000000000e+03 7.040000000000000000e+02
1.195000000000000000e+03 8.480000000000000000e+02
1.051000000000000000e+03 7.880000000000000000e+02
1.213000000000000000e+03 9.290000000000000000e+02
1.232000000000000000e+03 9.080000000000000000e+02
9.280000000000000000e+02 1.452000000000000000e+03
9.620000000000000000e+02 1.456000000000000000e+03
9.850000000000000000e+02 1.461000000000000000e+03
9.420000000000000000e+02 1.319000000000000000e+03
1.016000000000000000e+03 1.473000000000000000e+03
1.002000000000000000e+03 1.484000000000000000e+03
1.007000000000000000e+03 1.473000000000000000e+03
9.310000000000000000e+02 1.303000000000000000e+03
9.690000000000000000e+02 1.475000000000000000e+03
9.470000000000000000e+02 1.478000000000000000e+03
9.180000000000000000e+02 1.481000000000000000e+03
9.140000000000000000e+02 1.601000000000000000e+03
9.310000000000000000e+02 1.553000000000000000e+03
9.290000000000000000e+02 1.527000000000000000e+03
9.250000000000000000e+02 1.501000000000000000e+03
9.190000000000000000e+02 1.481000000000000000e+03
9.680000000000000000e+02 1.475000000000000000e+03
9.780000000000000000e+02 1.485000000000000000e+03
9.870000000000000000e+02 1.498000000000000000e+03
9.940000000000000000e+02 1.512000000000000000e+03
1.021000000000000000e+03 1.405000000000000000e+03
1.269000000000000000e+03 1.250000000000000000e+03
9.850000000000000000e+02 1.474000000000000000e+03
9.940000000000000000e+02 1.479000000000000000e+03
9.100000000000000000e+02 1.340000000000000000e+03
9.680000000000000000e+02 1.326000000000000000e+03
9.150000000000000000e+02 1.333000000000000000e+03
1.009000000000000000e+03 1.176000000000000000e+03
1.071000000000000000e+03 1.202000000000000000e+03
9.870000000000000000e+02 1.280000000000000000e+03
1.164000000000000000e+03 7.430000000000000000e+02
1.138000000000000000e+03 8.060000000000000000e+02
1.119000000000000000e+03 8.790000000000000000e+02
1.002000000000000000e+03 1.546000000000000000e+03
9.510000000000000000e+02 9.060000000000000000e+02
9.620000000000000000e+02 7.860000000000000000e+02
9.770000000000000000e+02 6.860000000000000000e+02
1.123000000000000000e+03 1.078000000000000000e+03
1.208000000000000000e+03 1.111000000000000000e+03
9.640000000000000000e+02 1.073000000000000000e+03
1.176000000000000000e+03 1.006000000000000000e+03
9.430000000000000000e+02 1.127000000000000000e+03
9.540000000000000000e+02 1.275000000000000000e+03
1.244000000000000000e+03 1.144000000000000000e+03
1.185000000000000000e+03 1.142000000000000000e+03
1.139000000000000000e+03 1.161000000000000000e+03
1.068000000000000000e+03 1.158000000000000000e+03
1.014000000000000000e+03 1.144000000000000000e+03
9.740000000000000000e+02 1.128000000000000000e+03
8.960000000000000000e+02 1.072000000000000000e+03
1.239000000000000000e+03 1.232000000000000000e+03
1.204000000000000000e+03 9.980000000000000000e+02
8.790000000000000000e+02 1.328000000000000000e+03
9.670000000000000000e+02 1.196000000000000000e+03
1.281000000000000000e+03 1.059000000000000000e+03
9.450000000000000000e+02 1.108000000000000000e+03
9.900000000000000000e+02 1.281000000000000000e+03
1.155000000000000000e+03 1.037000000000000000e+03
9.550000000000000000e+02 1.246000000000000000e+03
1.253000000000000000e+03 1.353000000000000000e+03
9.630000000000000000e+02 1.058000000000000000e+03
9.250000000000000000e+02 1.223000000000000000e+03
1.149000000000000000e+03 1.557000000000000000e+03
1.143000000000000000e+03 1.604000000000000000e+03
1.269000000000000000e+03 1.244000000000000000e+03
1.195000000000000000e+03 1.502000000000000000e+03
1.254000000000000000e+03 9.800000000000000000e+02
1.002000000000000000e+03 1.697000000000000000e+03
8.750000000000000000e+02 1.335000000000000000e+03
1.001000000000000000e+03 1.225000000000000000e+03
1.239000000000000000e+03 1.057000000000000000e+03
1.089000000000000000e+03 1.063000000000000000e+03
1.057000000000000000e+03 1.066000000000000000e+03
1.009000000000000000e+03 1.491000000000000000e+03
1.232000000000000000e+03 1.318000000000000000e+03
9.370000000000000000e+02 1.751000000000000000e+03
1.042000000000000000e+03 1.695000000000000000e+03
1.088000000000000000e+03 1.658000000000000000e+03
1.025000000000000000e+03 1.064000000000000000e+03
9.940000000000000000e+02 1.061000000000000000e+03
9.730000000000000000e+02 1.060000000000000000e+03
1.227000000000000000e+03 9.850000000000000000e+02
1.002000000000000000e+03 1.025000000000000000e+03
1.036000000000000000e+03 1.010000000000000000e+03
1.069000000000000000e+03 1.006000000000000000e+03
1.101000000000000000e+03 1.011000000000000000e+03
1.120000000000000000e+03 1.022000000000000000e+03
1.273000000000000000e+03 9.590000000000000000e+02
1.110000000000000000e+03 1.056000000000000000e+03
9.840000000000000000e+02 1.384000000000000000e+03
9.490000000000000000e+02 1.307000000000000000e+03
9.140000000000000000e+02 1.376000000000000000e+03
1.098000000000000000e+03 1.612000000000000000e+03
1.051000000000000000e+03 1.655000000000000000e+03
9.390000000000000000e+02 1.727000000000000000e+03
1.187000000000000000e+03 1.543000000000000000e+03
9.760000000000000000e+02 1.046000000000000000e+03
9.190000000000000000e+02 1.141000000000000000e+03
9.930000000000000000e+02 1.728000000000000000e+03
1.254000000000000000e+03 1.338000000000000000e+03
9.470000000000000000e+02 1.478000000000000000e+03
9.560000000000000000e+02 1.493000000000000000e+03
9.630000000000000000e+02 1.513000000000000000e+03
9.680000000000000000e+02 1.536000000000000000e+03
9.640000000000000000e+02 1.577000000000000000e+03
9.940000000000000000e+02 1.470000000000000000e+03
1.003000000000000000e+03 1.467000000000000000e+03
1.010000000000000000e+03 1.463000000000000000e+03
1.049000000000000000e+03 1.433000000000000000e+03
1.187000000000000000e+03 1.340000000000000000e+03
9.180000000000000000e+02 1.097000000000000000e+03
9.390000000000000000e+02 1.026000000000000000e+03
9.600000000000000000e+02 1.031000000000000000e+03
9.860000000000000000e+02 1.474000000000000000e+03
1.186000000000000000e+03 1.441000000000000000e+03
9.060000000000000000e+02 1.027000000000000000e+03
9.810000000000000000e+02 1.616000000000000000e+03
8.940000000000000000e+02 1.120000000000000000e+03
9.440000000000000000e+02 1.208000000000000000e+03
9.250000000000000000e+02 1.643000000000000000e+03
1.062000000000000000e+03 1.531000000000000000e+03
1.021000000000000000e+03 1.313000000000000000e+03
1.025000000000000000e+03 1.579000000000000000e+03
1.107000000000000000e+03 1.305000000000000000e+03
1.056000000000000000e+03 1.353000000000000000e+03
1.138000000000000000e+03 1.371000000000000000e+03
9.360000000000000000e+02 1.690000000000000000e+03
9.670000000000000000e+02 1.229000000000000000e+03
1.090000000000000000e+03 1.564000000000000000e+03
1.043000000000000000e+03 1.613000000000000000e+03
1.093000000000000000e+03 1.477000000000000000e+03
1.220000000000000000e+03 1.390000000000000000e+03
1.137000000000000000e+03 1.485000000000000000e+03
1.233000000000000000e+03 1.424000000000000000e+03
1.086000000000000000e+03 1.403000000000000000e+03
9.420000000000000000e+02 1.168000000000000000e+03
9.420000000000000000e+02 1.296000000000000000e+03
9.650000000000000000e+02 1.303000000000000000e+03
9.260000000000000000e+02 1.269000000000000000e+03
9.690000000000000000e+02 9.880000000000000000e+02
1.032000000000000000e+03 9.570000000000000000e+02
1.088000000000000000e+03 9.490000000000000000e+02
1.134000000000000000e+03 9.560000000000000000e+02
1.164000000000000000e+03 9.740000000000000000e+02
1.178000000000000000e+03 1.045000000000000000e+03
1.276000000000000000e+03 1.153000000000000000e+03
1.150000000000000000e+03 1.105000000000000000e+03
1.112000000000000000e+03 1.119000000000000000e+03
1.062000000000000000e+03 1.121000000000000000e+03
1.015000000000000000e+03 1.113000000000000000e+03
9.780000000000000000e+02 1.103000000000000000e+03
9.520000000000000000e+02 1.091000000000000000e+03
1.277000000000000000e+03 1.153000000000000000e+03
9.660000000000000000e+02 1.312000000000000000e+03
9.190000000000000000e+02 1.181000000000000000e+03
9.160000000000000000e+02 1.300000000000000000e+03
8.980000000000000000e+02 1.320000000000000000e+03
9.170000000000000000e+02 1.306000000000000000e+03
9.570000000000000000e+02 1.323000000000000000e+03
8.910000000000000000e+02 1.324000000000000000e+03
8.870000000000000000e+02 1.332000000000000000e+03
9.510000000000000000e+02 1.061000000000000000e+03
9.330000000000000000e+02 1.070000000000000000e+03
9.220000000000000000e+02 1.078000000000000000e+03
1.131000000000000000e+03 1.030000000000000000e+03
1.157000000000000000e+03 1.010000000000000000e+03
6.710000000000000000e+02 1.037000000000000000e+03
7.110000000000000000e+02 1.036000000000000000e+03
6.700000000000000000e+02 1.002000000000000000e+03
6.310000000000000000e+02 1.037000000000000000e+03
6.720000000000000000e+02 1.071000000000000000e+03
1.060000000000000000e+03 1.037000000000000000e+03
1.100000000000000000e+03 1.037000000000000000e+03
1.058000000000000000e+03 9.990000000000000000e+02
1.020000000000000000e+03 1.037000000000000000e+03
1.062000000000000000e+03 1.075000000000000000e+03
0.000000000000000000e+00 0.000000000000000000e+00
1.749000000000000000e+03 0.000000000000000000e+00
1.749000000000000000e+03 2.187000000000000000e+03
0.000000000000000000e+00 2.187000000000000000e+03
8.700000000000000000e+01 0.000000000000000000e+00
8.700000000000000000e+01 2.187000000000000000e+03
0.000000000000000000e+00 1.090000000000000000e+02
1.749000000000000000e+03 1.090000000000000000e+02
1.750000000000000000e+02 0.000000000000000000e+00
1.750000000000000000e+02 2.187000000000000000e+03
0.000000000000000000e+00 2.180000000000000000e+02
1.749000000000000000e+03 2.180000000000000000e+02
2.620000000000000000e+02 0.000000000000000000e+00
2.620000000000000000e+02 2.187000000000000000e+03
0.000000000000000000e+00 3.280000000000000000e+02
1.749000000000000000e+03 3.280000000000000000e+02
3.500000000000000000e+02 0.000000000000000000e+00
3.500000000000000000e+02 2.187000000000000000e+03
0.000000000000000000e+00 4.370000000000000000e+02
1.749000000000000000e+03 4.370000000000000000e+02
4.370000000000000000e+02 0.000000000000000000e+00
4.370000000000000000e+02 2.187000000000000000e+03
0.000000000000000000e+00 5.470000000000000000e+02
1.749000000000000000e+03 5.470000000000000000e+02
5.250000000000000000e+02 0.000000000000000000e+00
5.250000000000000000e+02 2.187000000000000000e+03
0.000000000000000000e+00 6.560000000000000000e+02
1.749000000000000000e+03 6.560000000000000000e+02
6.120000000000000000e+02 0.000000000000000000e+00
6.120000000000000000e+02 2.187000000000000000e+03
0.000000000000000000e+00 7.650000000000000000e+02
1.749000000000000000e+03 7.650000000000000000e+02
7.000000000000000000e+02 0.000000000000000000e+00
7.000000000000000000e+02 2.187000000000000000e+03
0.000000000000000000e+00 8.750000000000000000e+02
1.749000000000000000e+03 8.750000000000000000e+02
7.870000000000000000e+02 0.000000000000000000e+00
7.870000000000000000e+02 2.187000000000000000e+03
0.000000000000000000e+00 9.840000000000000000e+02
1.749000000000000000e+03 9.840000000000000000e+02
8.750000000000000000e+02 0.000000000000000000e+00
8.750000000000000000e+02 2.187000000000000000e+03
0.000000000000000000e+00 1.094000000000000000e+03
1.749000000000000000e+03 1.094000000000000000e+03
9.620000000000000000e+02 0.000000000000000000e+00
9.620000000000000000e+02 2.187000000000000000e+03
0.000000000000000000e+00 1.203000000000000000e+03
1.749000000000000000e+03 1.203000000000000000e+03
1.050000000000000000e+03 0.000000000000000000e+00
1.050000000000000000e+03 2.187000000000000000e+03
0.000000000000000000e+00 1.312000000000000000e+03
1.749000000000000000e+03 1.312000000000000000e+03
1.137000000000000000e+03 0.000000000000000000e+00
1.137000000000000000e+03 2.187000000000000000e+03
0.000000000000000000e+00 1.422000000000000000e+03
1.749000000000000000e+03 1.422000000000000000e+03
1.225000000000000000e+03 0.000000000000000000e+00
1.225000000000000000e+03 2.187000000000000000e+03
0.000000000000000000e+00 1.531000000000000000e+03
1.749000000000000000e+03 1.531000000000000000e+03
1.312000000000000000e+03 0.000000000000000000e+00
1.312000000000000000e+03 2.187000000000000000e+03
0.000000000000000000e+00 1.641000000000000000e+03
1.749000000000000000e+03 1.641000000000000000e+03
1.400000000000000000e+03 0.000000000000000000e+00
1.400000000000000000e+03 2.187000000000000000e+03
0.000000000000000000e+00 1.750000000000000000e+03
1.749000000000000000e+03 1.750000000000000000e+03
1.487000000000000000e+03 0.000000000000000000e+00
1.487000000000000000e+03 2.187000000000000000e+03
0.000000000000000000e+00 1.859000000000000000e+03
1.749000000000000000e+03 1.859000000000000000e+03
1.575000000000000000e+03 0.000000000000000000e+00
1.575000000000000000e+03 2.187000000000000000e+03
0.000000000000000000e+00 1.969000000000000000e+03
1.749000000000000000e+03 1.969000000000000000e+03
1.662000000000000000e+03 0.000000000000000000e+00
1.662000000000000000e+03 2.187000000000000000e+03
0.000000000000000000e+00 2.078000000000000000e+03
1.749000000000000000e+03 2.078000000000000000e+03
