8.240000000000000000e+02 1.485000000000000000e+03
8.270000000000000000e+02 1.317000000000000000e+03
8.230000000000000000e+02 1.357000000000000000e+03
7.940000000000000000e+02 1.163000000000000000e+03
8.290000000000000000e+02 1.270000000000000000e+03
8.300000000000000000e+02 1.208000000000000000e+03
8.300000000000000000e+02 1.061000000000000000e+03
5.360000000000000000e+02 1.035000000000000000e+03
8.300000000000000000e+02 9.540000000000000000e+02
8.310000000000000000e+02 8.950000000000000000e+02
8.360000000000000000e+02 6.760000000000000000e+02
8.240000000000000000e+02 1.497000000000000000e+03
8.220000000000000000e+02 1.510000000000000000e+03
8.210000000000000000e+02 1.518000000000000000e+03
8.210000000000000000e+02 1.519000000000000000e+03
8.210000000000000000e+02 1.537000000000000000e+03
8.210000000000000000e+02 1.558000000000000000e+03
8.200000000000000000e+02 1.580000000000000000e+03
8.150000000000000000e+02 1.645000000000000000e+03
8.260000000000000000e+02 1.340000000000000000e+03
7.840000000000000000e+02 1.334000000000000000e+03
3.630000000000000000e+02 8.690000000000000000e+02
6.460000000000000000e+02 1.084000000000000000e+03
6.060000000000000000e+02 1.084000000000000000e+03
5.660000000000000000e+02 1.078000000000000000e+03
5.170000000000000000e+02 1.050000000000000000e+03
6.810000000000000000e+02 1.076000000000000000e+03
5.850000000000000000e+02 9.490000000000000000e+02
6.320000000000000000e+02 9.570000000000000000e+02
5.400000000000000000e+02 9.550000000000000000e+02
5.120000000000000000e+02 9.720000000000000000e+02
4.780000000000000000e+02 1.077000000000000000e+03
6.530000000000000000e+02 1.707000000000000000e+03
5.220000000000000000e+02 1.022000000000000000e+03
3.370000000000000000e+02 1.061000000000000000e+03
4.290000000000000000e+02 1.042000000000000000e+03
6.090000000000000000e+02 1.263000000000000000e+03
7.740000000000000000e+02 1.472000000000000000e+03
7.770000000000000000e+02 1.505000000000000000e+03
7.260000000000000000e+02 1.480000000000000000e+03
6.930000000000000000e+02 1.487000000000000000e+03
7.380000000000000000e+02 1.502000000000000000e+03
7.070000000000000000e+02 1.501000000000000000e+03
6.190000000000000000e+02 1.539000000000000000e+03
7.920000000000000000e+02 1.314000000000000000e+03
7.880000000000000000e+02 1.269000000000000000e+03
4.420000000000000000e+02 9.240000000000000000e+02
7.000000000000000000e+02 1.154000000000000000e+03
6.880000000000000000e+02 1.290000000000000000e+03
6.860000000000000000e+02 1.266000000000000000e+03
4.790000000000000000e+02 1.253000000000000000e+03
7.910000000000000000e+02 1.212000000000000000e+03
5.380000000000000000e+02 8.750000000000000000e+02
4.810000000000000000e+02 8.910000000000000000e+02
4.080000000000000000e+02 7.890000000000000000e+02
7.290000000000000000e+02 9.260000000000000000e+02
6.740000000000000000e+02 9.800000000000000000e+02
5.860000000000000000e+02 1.492000000000000000e+03
3.580000000000000000e+02 1.492000000000000000e+03
7.190000000000000000e+02 1.317000000000000000e+03
7.540000000000000000e+02 1.332000000000000000e+03
6.500000000000000000e+02 1.498000000000000000e+03
6.590000000000000000e+02 1.500000000000000000e+03
4.530000000000000000e+02 8.600000000000000000e+02
6.840000000000000000e+02 1.308000000000000000e+03
6.190000000000000000e+02 8.830000000000000000e+02
6.100000000000000000e+02 8.460000000000000000e+02
5.880000000000000000e+02 6.880000000000000000e+02
4.390000000000000000e+02 8.320000000000000000e+02
6.120000000000000000e+02 7.720000000000000000e+02
4.140000000000000000e+02 9.030000000000000000e+02
3.930000000000000000e+02 8.960000000000000000e+02
7.740000000000000000e+02 1.490000000000000000e+03
7.320000000000000000e+02 1.491000000000000000e+03
7.000000000000000000e+02 1.494000000000000000e+03
7.280000000000000000e+02 1.325000000000000000e+03
6.540000000000000000e+02 1.499000000000000000e+03
6.730000000000000000e+02 1.511000000000000000e+03
6.640000000000000000e+02 1.500000000000000000e+03
7.420000000000000000e+02 1.306000000000000000e+03
7.120000000000000000e+02 1.506000000000000000e+03
7.430000000000000000e+02 1.509000000000000000e+03
7.790000000000000000e+02 1.514000000000000000e+03
7.550000000000000000e+02 1.640000000000000000e+03
7.680000000000000000e+02 1.575000000000000000e+03
7.710000000000000000e+02 1.553000000000000000e+03
7.750000000000000000e+02 1.532000000000000000e+03
7.790000000000000000e+02 1.515000000000000000e+03
7.120000000000000000e+02 1.507000000000000000e+03
7.040000000000000000e+02 1.514000000000000000e+03
6.960000000000000000e+02 1.525000000000000000e+03
6.880000000000000000e+02 1.537000000000000000e+03
6.370000000000000000e+02 1.424000000000000000e+03
3.230000000000000000e+02 1.264000000000000000e+03
8.250000000000000000e+02 1.348000000000000000e+03
6.890000000000000000e+02 1.504000000000000000e+03
6.820000000000000000e+02 1.507000000000000000e+03
7.670000000000000000e+02 1.351000000000000000e+03
6.980000000000000000e+02 1.334000000000000000e+03
7.610000000000000000e+02 1.342000000000000000e+03
6.540000000000000000e+02 1.177000000000000000e+03
5.830000000000000000e+02 1.204000000000000000e+03
6.770000000000000000e+02 1.284000000000000000e+03
4.790000000000000000e+02 7.260000000000000000e+02
5.080000000000000000e+02 7.870000000000000000e+02
5.200000000000000000e+02 8.390000000000000000e+02
6.520000000000000000e+02 1.577000000000000000e+03
7.150000000000000000e+02 8.650000000000000000e+02
7.170000000000000000e+02 7.750000000000000000e+02
7.030000000000000000e+02 6.740000000000000000e+02
5.350000000000000000e+02 1.068000000000000000e+03
4.330000000000000000e+02 1.106000000000000000e+03
7.040000000000000000e+02 1.067000000000000000e+03
4.700000000000000000e+02 9.880000000000000000e+02
7.320000000000000000e+02 1.126000000000000000e+03
7.170000000000000000e+02 1.277000000000000000e+03
3.750000000000000000e+02 1.144000000000000000e+03
4.620000000000000000e+02 1.139000000000000000e+03
5.160000000000000000e+02 1.157000000000000000e+03
5.970000000000000000e+02 1.154000000000000000e+03
6.560000000000000000e+02 1.139000000000000000e+03
7.000000000000000000e+02 1.121000000000000000e+03
7.890000000000000000e+02 1.070000000000000000e+03
3.770000000000000000e+02 1.237000000000000000e+03
4.330000000000000000e+02 9.790000000000000000e+02
8.040000000000000000e+02 1.337000000000000000e+03
7.020000000000000000e+02 1.198000000000000000e+03
3.240000000000000000e+02 1.060000000000000000e+03
7.330000000000000000e+02 1.099000000000000000e+03
6.730000000000000000e+02 1.286000000000000000e+03
5.000000000000000000e+02 1.022000000000000000e+03
7.160000000000000000e+02 1.247000000000000000e+03
3.310000000000000000e+02 1.375000000000000000e+03
7.050000000000000000e+02 1.052000000000000000e+03
7.540000000000000000e+02 1.225000000000000000e+03
4.570000000000000000e+02 1.597000000000000000e+03
4.560000000000000000e+02 1.654000000000000000e+03
3.300000000000000000e+02 1.254000000000000000e+03
4.020000000000000000e+02 1.536000000000000000e+03
3.650000000000000000e+02 9.720000000000000000e+02
6.410000000000000000e+02 1.757000000000000000e+03
8.080000000000000000e+02 1.346000000000000000e+03
6.610000000000000000e+02 1.229000000000000000e+03
3.930000000000000000e+02 1.048000000000000000e+03
5.710000000000000000e+02 1.054000000000000000e+03
6.050000000000000000e+02 1.061000000000000000e+03
6.660000000000000000e+02 1.516000000000000000e+03
3.780000000000000000e+02 1.330000000000000000e+03
7.190000000000000000e+02 1.824000000000000000e+03
5.840000000000000000e+02 1.758000000000000000e+03
5.240000000000000000e+02 1.715000000000000000e+03
8.340000000000000000e+02 7.820000000000000000e+02
8.110000000000000000e+02 1.835000000000000000e+03
6.390000000000000000e+02 1.061000000000000000e+03
6.710000000000000000e+02 1.057000000000000000e+03
6.920000000000000000e+02 1.055000000000000000e+03
4.010000000000000000e+02 9.690000000000000000e+02
6.680000000000000000e+02 1.016000000000000000e+03
6.320000000000000000e+02 1.002000000000000000e+03
5.970000000000000000e+02 9.970000000000000000e+02
5.630000000000000000e+02 1.001000000000000000e+03
5.430000000000000000e+02 1.009000000000000000e+03
3.380000000000000000e+02 9.540000000000000000e+02
5.500000000000000000e+02 1.044000000000000000e+03
8.220000000000000000e+02 1.394000000000000000e+03
6.800000000000000000e+02 1.401000000000000000e+03
7.200000000000000000e+02 1.310000000000000000e+03
7.620000000000000000e+02 1.393000000000000000e+03
8.290000000000000000e+02 1.007000000000000000e+03
5.180000000000000000e+02 1.658000000000000000e+03
5.770000000000000000e+02 1.708000000000000000e+03
7.200000000000000000e+02 1.790000000000000000e+03
4.030000000000000000e+02 1.585000000000000000e+03
6.930000000000000000e+02 1.038000000000000000e+03
7.610000000000000000e+02 1.140000000000000000e+03
8.120000000000000000e+02 1.801000000000000000e+03
6.460000000000000000e+02 1.797000000000000000e+03
3.380000000000000000e+02 1.356000000000000000e+03
7.430000000000000000e+02 1.510000000000000000e+03
7.350000000000000000e+02 1.523000000000000000e+03
7.280000000000000000e+02 1.540000000000000000e+03
7.230000000000000000e+02 1.559000000000000000e+03
6.970000000000000000e+02 1.613000000000000000e+03
6.820000000000000000e+02 1.500000000000000000e+03
6.750000000000000000e+02 1.496000000000000000e+03
6.690000000000000000e+02 1.493000000000000000e+03
6.020000000000000000e+02 1.454000000000000000e+03
4.360000000000000000e+02 1.353000000000000000e+03
7.610000000000000000e+02 1.095000000000000000e+03
7.340000000000000000e+02 1.012000000000000000e+03
7.090000000000000000e+02 1.020000000000000000e+03
6.890000000000000000e+02 1.504000000000000000e+03
4.250000000000000000e+02 1.466000000000000000e+03
7.720000000000000000e+02 1.009000000000000000e+03
6.740000000000000000e+02 1.658000000000000000e+03
8.300000000000000000e+02 1.157000000000000000e+03
7.910000000000000000e+02 1.118000000000000000e+03
8.300000000000000000e+02 1.110000000000000000e+03
7.290000000000000000e+02 1.209000000000000000e+03
8.130000000000000000e+02 1.752000000000000000e+03
8.140000000000000000e+02 1.694000000000000000e+03
7.420000000000000000e+02 1.688000000000000000e+03
5.760000000000000000e+02 1.562000000000000000e+03
6.370000000000000000e+02 1.321000000000000000e+03
6.210000000000000000e+02 1.616000000000000000e+03
5.370000000000000000e+02 1.314000000000000000e+03
5.950000000000000000e+02 1.366000000000000000e+03
4.960000000000000000e+02 1.386000000000000000e+03
7.280000000000000000e+02 1.743000000000000000e+03
7.010000000000000000e+02 1.232000000000000000e+03
5.370000000000000000e+02 1.601000000000000000e+03
5.940000000000000000e+02 1.657000000000000000e+03
5.420000000000000000e+02 1.502000000000000000e+03
3.850000000000000000e+02 1.410000000000000000e+03
4.830000000000000000e+02 1.514000000000000000e+03
3.580000000000000000e+02 1.451000000000000000e+03
5.580000000000000000e+02 1.420000000000000000e+03
7.320000000000000000e+02 1.168000000000000000e+03
7.300000000000000000e+02 1.298000000000000000e+03
7.010000000000000000e+02 1.306000000000000000e+03
7.510000000000000000e+02 1.271000000000000000e+03
6.980000000000000000e+02 9.650000000000000000e+02
6.270000000000000000e+02 9.300000000000000000e+02
5.660000000000000000e+02 9.220000000000000000e+02
5.160000000000000000e+02 9.310000000000000000e+02
4.830000000000000000e+02 9.520000000000000000e+02
4.680000000000000000e+02 1.032000000000000000e+03
3.290000000000000000e+02 1.156000000000000000e+03
5.020000000000000000e+02 1.097000000000000000e+03
5.440000000000000000e+02 1.112000000000000000e+03
6.000000000000000000e+02 1.116000000000000000e+03
6.520000000000000000e+02 1.109000000000000000e+03
6.930000000000000000e+02 1.097000000000000000e+03
7.210000000000000000e+02 1.084000000000000000e+03
3.220000000000000000e+02 1.161000000000000000e+03
7.000000000000000000e+02 1.316000000000000000e+03
7.600000000000000000e+02 1.182000000000000000e+03
7.610000000000000000e+02 1.304000000000000000e+03
7.820000000000000000e+02 1.327000000000000000e+03
7.600000000000000000e+02 1.311000000000000000e+03
7.110000000000000000e+02 1.329000000000000000e+03
7.900000000000000000e+02 1.333000000000000000e+03
7.940000000000000000e+02 1.342000000000000000e+03
7.190000000000000000e+02 1.053000000000000000e+03
7.430000000000000000e+02 1.060000000000000000e+03
7.570000000000000000e+02 1.066000000000000000e+03
5.320000000000000000e+02 1.016000000000000000e+03
4.960000000000000000e+02 9.920000000000000000e+02
8.640000000000000000e+02 1.165000000000000000e+03
1.103000000000000000e+03 1.059000000000000000e+03
8.650000000000000000e+02 1.336000000000000000e+03
1.266000000000000000e+03 9.020000000000000000e+02
9.970000000000000000e+02 1.095000000000000000e+03
1.036000000000000000e+03 1.098000000000000000e+03
1.073000000000000000e+03 1.096000000000000000e+03
1.121000000000000000e+03 1.075000000000000000e+03
9.650000000000000000e+02 1.085000000000000000e+03
1.059000000000000000e+03 9.770000000000000000e+02
1.014000000000000000e+03 9.800000000000000000e+02
1.101000000000000000e+03 9.850000000000000000e+02
1.127000000000000000e+03 1.002000000000000000e+03
1.157000000000000000e+03 1.102000000000000000e+03
9.690000000000000000e+02 1.716000000000000000e+03
1.117000000000000000e+03 1.049000000000000000e+03
1.286000000000000000e+03 1.095000000000000000e+03
1.204000000000000000e+03 1.072000000000000000e+03
1.031000000000000000e+03 1.276000000000000000e+03
8.740000000000000000e+02 1.474000000000000000e+03
8.670000000000000000e+02 1.507000000000000000e+03
9.170000000000000000e+02 1.483000000000000000e+03
9.440000000000000000e+02 1.491000000000000000e+03
9.030000000000000000e+02 1.505000000000000000e+03
9.300000000000000000e+02 1.504000000000000000e+03
1.008000000000000000e+03 1.550000000000000000e+03
8.630000000000000000e+02 1.316000000000000000e+03
8.690000000000000000e+02 1.271000000000000000e+03
1.192000000000000000e+03 9.620000000000000000e+02
9.460000000000000000e+02 1.162000000000000000e+03
9.580000000000000000e+02 1.298000000000000000e+03
9.600000000000000000e+02 1.274000000000000000e+03
1.155000000000000000e+03 1.274000000000000000e+03
8.670000000000000000e+02 1.214000000000000000e+03
1.101000000000000000e+03 9.140000000000000000e+02
1.156000000000000000e+03 9.300000000000000000e+02
1.231000000000000000e+03 8.200000000000000000e+02
9.190000000000000000e+02 9.480000000000000000e+02
9.740000000000000000e+02 9.970000000000000000e+02
1.042000000000000000e+03 1.505000000000000000e+03
1.241000000000000000e+03 1.522000000000000000e+03
9.260000000000000000e+02 1.323000000000000000e+03
8.920000000000000000e+02 1.337000000000000000e+03
9.820000000000000000e+02 1.502000000000000000e+03
9.730000000000000000e+02 1.503000000000000000e+03
1.181000000000000000e+03 9.000000000000000000e+02
9.590000000000000000e+02 1.316000000000000000e+03
1.024000000000000000e+03 9.170000000000000000e+02
1.033000000000000000e+03 8.800000000000000000e+02
1.073000000000000000e+03 7.080000000000000000e+02
1.204000000000000000e+03 8.620000000000000000e+02
1.048000000000000000e+03 7.900000000000000000e+02
1.217000000000000000e+03 9.410000000000000000e+02
1.242000000000000000e+03 9.280000000000000000e+02
8.720000000000000000e+02 1.493000000000000000e+03
9.100000000000000000e+02 1.495000000000000000e+03
9.380000000000000000e+02 1.498000000000000000e+03
9.160000000000000000e+02 1.331000000000000000e+03
9.770000000000000000e+02 1.503000000000000000e+03
9.590000000000000000e+02 1.514000000000000000e+03
9.680000000000000000e+02 1.504000000000000000e+03
9.070000000000000000e+02 1.311000000000000000e+03
9.230000000000000000e+02 1.509000000000000000e+03
8.960000000000000000e+02 1.512000000000000000e+03
8.620000000000000000e+02 1.515000000000000000e+03
8.730000000000000000e+02 1.643000000000000000e+03
8.700000000000000000e+02 1.576000000000000000e+03
8.690000000000000000e+02 1.554000000000000000e+03
8.660000000000000000e+02 1.533000000000000000e+03
8.620000000000000000e+02 1.516000000000000000e+03
9.230000000000000000e+02 1.509000000000000000e+03
9.310000000000000000e+02 1.517000000000000000e+03
9.390000000000000000e+02 1.527000000000000000e+03
9.450000000000000000e+02 1.538000000000000000e+03
9.980000000000000000e+02 1.434000000000000000e+03
1.280000000000000000e+03 1.297000000000000000e+03
9.440000000000000000e+02 1.507000000000000000e+03
9.520000000000000000e+02 1.510000000000000000e+03
8.780000000000000000e+02 1.355000000000000000e+03
9.440000000000000000e+02 1.341000000000000000e+03
8.850000000000000000e+02 1.346000000000000000e+03
9.890000000000000000e+02 1.188000000000000000e+03
1.057000000000000000e+03 1.220000000000000000e+03
9.670000000000000000e+02 1.293000000000000000e+03
1.171000000000000000e+03 7.530000000000000000e+02
1.144000000000000000e+03 8.140000000000000000e+02
1.118000000000000000e+03 8.780000000000000000e+02
9.740000000000000000e+02 1.587000000000000000e+03
9.350000000000000000e+02 8.890000000000000000e+02
9.480000000000000000e+02 7.840000000000000000e+02
9.650000000000000000e+02 6.840000000000000000e+02
1.103000000000000000e+03 1.089000000000000000e+03
1.200000000000000000e+03 1.133000000000000000e+03
9.430000000000000000e+02 1.074000000000000000e+03
1.167000000000000000e+03 1.019000000000000000e+03
9.180000000000000000e+02 1.132000000000000000e+03
9.330000000000000000e+02 1.284000000000000000e+03
1.252000000000000000e+03 1.174000000000000000e+03
1.173000000000000000e+03 1.162000000000000000e+03
1.122000000000000000e+03 1.176000000000000000e+03
1.045000000000000000e+03 1.168000000000000000e+03
9.890000000000000000e+02 1.150000000000000000e+03
9.470000000000000000e+02 1.129000000000000000e+03
8.680000000000000000e+02 1.073000000000000000e+03
1.248000000000000000e+03 1.266000000000000000e+03
1.200000000000000000e+03 1.013000000000000000e+03
8.470000000000000000e+02 1.338000000000000000e+03
9.450000000000000000e+02 1.205000000000000000e+03
1.290000000000000000e+03 1.094000000000000000e+03
9.160000000000000000e+02 1.105000000000000000e+03
9.690000000000000000e+02 1.295000000000000000e+03
1.137000000000000000e+03 1.050000000000000000e+03
9.340000000000000000e+02 1.254000000000000000e+03
1.269000000000000000e+03 1.407000000000000000e+03
9.420000000000000000e+02 1.059000000000000000e+03
9.010000000000000000e+02 1.229000000000000000e+03
1.155000000000000000e+03 1.619000000000000000e+03
1.149000000000000000e+03 1.675000000000000000e+03
1.285000000000000000e+03 1.286000000000000000e+03
1.208000000000000000e+03 1.562000000000000000e+03
1.265000000000000000e+03 1.005000000000000000e+03
9.780000000000000000e+02 1.766000000000000000e+03
8.420000000000000000e+02 1.347000000000000000e+03
9.810000000000000000e+02 1.239000000000000000e+03
1.238000000000000000e+03 1.080000000000000000e+03
1.069000000000000000e+03 1.072000000000000000e+03
1.037000000000000000e+03 1.075000000000000000e+03
9.660000000000000000e+02 1.519000000000000000e+03
1.243000000000000000e+03 1.359000000000000000e+03
9.000000000000000000e+02 1.829000000000000000e+03
1.029000000000000000e+03 1.770000000000000000e+03
1.085000000000000000e+03 1.731000000000000000e+03
1.005000000000000000e+03 1.073000000000000000e+03
9.740000000000000000e+02 1.067000000000000000e+03
9.530000000000000000e+02 1.063000000000000000e+03
1.229000000000000000e+03 1.002000000000000000e+03
9.770000000000000000e+02 1.031000000000000000e+03
1.011000000000000000e+03 1.022000000000000000e+03
1.045000000000000000e+03 1.022000000000000000e+03
1.077000000000000000e+03 1.029000000000000000e+03
1.096000000000000000e+03 1.037000000000000000e+03
1.284000000000000000e+03 9.870000000000000000e+02
1.089000000000000000e+03 1.066000000000000000e+03
9.580000000000000000e+02 1.409000000000000000e+03
9.260000000000000000e+02 1.317000000000000000e+03
8.810000000000000000e+02 1.397000000000000000e+03
1.095000000000000000e+03 1.676000000000000000e+03
1.039000000000000000e+03 1.722000000000000000e+03
9.020000000000000000e+02 1.795000000000000000e+03
1.198000000000000000e+03 1.611000000000000000e+03
9.530000000000000000e+02 1.047000000000000000e+03
8.930000000000000000e+02 1.144000000000000000e+03
9.700000000000000000e+02 1.805000000000000000e+03
1.273000000000000000e+03 1.388000000000000000e+03
8.960000000000000000e+02 1.512000000000000000e+03
9.040000000000000000e+02 1.525000000000000000e+03
9.090000000000000000e+02 1.541000000000000000e+03
9.130000000000000000e+02 1.561000000000000000e+03
9.300000000000000000e+02 1.620000000000000000e+03
9.520000000000000000e+02 1.504000000000000000e+03
9.590000000000000000e+02 1.500000000000000000e+03
9.650000000000000000e+02 1.497000000000000000e+03
1.028000000000000000e+03 1.466000000000000000e+03
1.190000000000000000e+03 1.377000000000000000e+03
8.920000000000000000e+02 1.099000000000000000e+03
9.160000000000000000e+02 1.022000000000000000e+03
9.390000000000000000e+02 1.030000000000000000e+03
9.440000000000000000e+02 1.507000000000000000e+03
1.193000000000000000e+03 1.490000000000000000e+03
8.800000000000000000e+02 1.017000000000000000e+03
9.500000000000000000e+02 1.666000000000000000e+03
8.660000000000000000e+02 1.120000000000000000e+03
9.210000000000000000e+02 1.215000000000000000e+03
8.840000000000000000e+02 1.692000000000000000e+03
1.046000000000000000e+03 1.575000000000000000e+03
1.001000000000000000e+03 1.332000000000000000e+03
1.002000000000000000e+03 1.626000000000000000e+03
1.098000000000000000e+03 1.331000000000000000e+03
1.040000000000000000e+03 1.379000000000000000e+03
1.133000000000000000e+03 1.406000000000000000e+03
8.960000000000000000e+02 1.748000000000000000e+03
9.450000000000000000e+02 1.239000000000000000e+03
1.082000000000000000e+03 1.618000000000000000e+03
1.026000000000000000e+03 1.670000000000000000e+03
1.083000000000000000e+03 1.518000000000000000e+03
1.232000000000000000e+03 1.438000000000000000e+03
1.137000000000000000e+03 1.534000000000000000e+03
1.251000000000000000e+03 1.481000000000000000e+03
1.073000000000000000e+03 1.436000000000000000e+03
9.170000000000000000e+02 1.174000000000000000e+03
9.200000000000000000e+02 1.304000000000000000e+03
9.450000000000000000e+02 1.313000000000000000e+03
9.030000000000000000e+02 1.276000000000000000e+03
9.500000000000000000e+02 9.820000000000000000e+02
1.017000000000000000e+03 9.570000000000000000e+02
1.076000000000000000e+03 9.540000000000000000e+02
1.123000000000000000e+03 9.640000000000000000e+02
1.154000000000000000e+03 9.850000000000000000e+02
1.166000000000000000e+03 1.060000000000000000e+03
1.290000000000000000e+03 1.190000000000000000e+03
1.135000000000000000e+03 1.120000000000000000e+03
1.095000000000000000e+03 1.131000000000000000e+03
1.042000000000000000e+03 1.130000000000000000e+03
9.920000000000000000e+02 1.120000000000000000e+03
9.540000000000000000e+02 1.105000000000000000e+03
9.270000000000000000e+02 1.090000000000000000e+03
1.286000000000000000e+03 1.195000000000000000e+03
9.440000000000000000e+02 1.324000000000000000e+03
8.940000000000000000e+02 1.186000000000000000e+03
8.910000000000000000e+02 1.309000000000000000e+03
8.680000000000000000e+02 1.330000000000000000e+03
8.900000000000000000e+02 1.315000000000000000e+03
9.320000000000000000e+02 1.336000000000000000e+03
8.600000000000000000e+02 1.335000000000000000e+03
8.550000000000000000e+02 1.343000000000000000e+03
9.290000000000000000e+02 1.060000000000000000e+03
9.070000000000000000e+02 1.066000000000000000e+03
8.940000000000000000e+02 1.071000000000000000e+03
1.108000000000000000e+03 1.044000000000000000e+03
1.141000000000000000e+03 1.022000000000000000e+03
6.190000000000000000e+02 1.028000000000000000e+03
6.610000000000000000e+02 1.029000000000000000e+03
6.210000000000000000e+02 9.900000000000000000e+02
5.780000000000000000e+02 1.026000000000000000e+03
6.180000000000000000e+02 1.066000000000000000e+03
1.023000000000000000e+03 1.044000000000000000e+03
1.062000000000000000e+03 1.045000000000000000e+03
1.023000000000000000e+03 1.009000000000000000e+03
9.830000000000000000e+02 1.042000000000000000e+03
1.022000000000000000e+03 1.078000000000000000e+03
0.000000000000000000e+00 0.000000000000000000e+00
1.749000000000000000e+03 0.000000000000000000e+00
1.749000000000000000e+03 2.187000000000000000e+03
0.000000000000000000e+00 2.187000000000000000e+03
8.700000000000000000e+01 0.000000000000000000e+00
8.700000000000000000e+01 2.187000000000000000e+03
0.000000000000000000e+00 1.090000000000000000e+02
1.749000000000000000e+03 1.090000000000000000e+02
1.750000000000000000e+02 0.000000000000000000e+00
1.750000000000000000e+02 2.187000000000000000e+03
0.000000000000000000e+00 2.180000000000000000e+02
1.749000000000000000e+03 2.180000000000000000e+02
2.620000000000000000e+02 0.000000000000000000e+00
2.620000000000000000e+02 2.187000000000000000e+03
0.000000000000000000e+00 3.280000000000000000e+02
1.749000000000000000e+03 3.280000000000000000e+02
3.500000000000000000e+02 0.000000000000000000e+00
3.500000000000000000e+02 2.187000000000000000e+03
0.000000000000000000e+00 4.370000000000000000e+02
1.749000000000000000e+03 4.370000000000000000e+02
4.370000000000000000e+02 0.000000000000000000e+00
4.370000000000000000e+02 2.187000000000000000e+03
0.000000000000000000e+00 5.470000000000000000e+02
1.749000000000000000e+03 5.470000000000000000e+02
5.250000000000000000e+02 0.000000000000000000e+00
5.250000000000000000e+02 2.187000000000000000e+03
0.000000000000000000e+00 6.560000000000000000e+02
1.749000000000000000e+03 6.560000000000000000e+02
6.120000000000000000e+02 0.000000000000000000e+00
6.120000000000000000e+02 2.187000000000000000e+03
0.000000000000000000e+00 7.650000000000000000e+02
1.749000000000000000e+03 7.650000000000000000e+02
7.000000000000000000e+02 0.000000000000000000e+00
7.000000000000000000e+02 2.187000000000000000e+03
0.000000000000000000e+00 8.750000000000000000e+02
1.749000000000000000e+03 8.750000000000000000e+02
7.870000000000000000e+02 0.000000000000000000e+00
7.870000000000000000e+02 2.187000000000000000e+03
0.000000000000000000e+00 9.840000000000000000e+02
1.749000000000000000e+03 9.840000000000000000e+02
8.750000000000000000e+02 0.000000000000000000e+00
8.750000000000000000e+02 2.187000000000000000e+03
0.000000000000000000e+00 1.094000000000000000e+03
1.749000000000000000e+03 1.094000000000000000e+03
9.620000000000000000e+02 0.000000000000000000e+00
9.620000000000000000e+02 2.187000000000000000e+03
0.000000000000000000e+00 1.203000000000000000e+03
1.749000000000000000e+03 1.203000000000000000e+03
1.050000000000000000e+03 0.000000000000000000e+00
1.050000000000000000e+03 2.187000000000000000e+03
0.000000000000000000e+00 1.312000000000000000e+03
1.749000000000000000e+03 1.312000000000000000e+03
1.137000000000000000e+03 0.000000000000000000e+00
1.137000000000000000e+03 2.187000000000000000e+03
0.000000000000000000e+00 1.422000000000000000e+03
1.749000000000000000e+03 1.422000000000000000e+03
1.225000000000000000e+03 0.000000000000000000e+00
1.225000000000000000e+03 2.187000000000000000e+03
0.000000000000000000e+00 1.531000000000000000e+03
1.749000000000000000e+03 1.531000000000000000e+03
1.312000000000000000e+03 0.000000000000000000e+00
1.312000000000000000e+03 2.187000000000000000e+03
0.000000000000000000e+00 1.641000000000000000e+03
1.749000000000000000e+03 1.641000000000000000e+03
1.400000000000000000e+03 0.000000000000000000e+00
1.400000000000000000e+03 2.187000000000000000e+03
0.000000000000000000e+00 1.750000000000000000e+03
1.749000000000000000e+03 1.750000000000000000e+03
1.487000000000000000e+03 0.000000000000000000e+00
1.487000000000000000e+03 2.187000000000000000e+03
0.000000000000000000e+00 1.859000000000000000e+03
1.749000000000000000e+03 1.859000000000000000e+03
1.575000000000000000e+03 0.000000000000000000e+00
1.575000000000000000e+03 2.187000000000000000e+03
0.000000000000000000e+00 1.969000000000000000e+03
1.749000000000000000e+03 1.969000000000000000e+03
1.662000000000000000e+03 0.000000000000000000e+00
1.662000000000000000e+03 2.187000000000000000e+03
0.000000000000000000e+00 2.078000000000000000e+03
1.749000000000000000e+03 2.078000000000000000e+03
