8.160000000000000000e+02 1.624000000000000000e+03
8.940000000000000000e+02 1.431000000000000000e+03
8.890000000000000000e+02 1.473000000000000000e+03
8.470000000000000000e+02 1.249000000000000000e+03
8.940000000000000000e+02 1.378000000000000000e+03
8.910000000000000000e+02 1.304000000000000000e+03
8.830000000000000000e+02 1.123000000000000000e+03
5.400000000000000000e+02 1.097000000000000000e+03
8.790000000000000000e+02 9.960000000000000000e+02
8.780000000000000000e+02 9.280000000000000000e+02
8.760000000000000000e+02 6.790000000000000000e+02
8.160000000000000000e+02 1.642000000000000000e+03
8.190000000000000000e+02 1.659000000000000000e+03
8.240000000000000000e+02 1.671000000000000000e+03
8.250000000000000000e+02 1.671000000000000000e+03
8.230000000000000000e+02 1.690000000000000000e+03
8.230000000000000000e+02 1.713000000000000000e+03
8.260000000000000000e+02 1.736000000000000000e+03
8.880000000000000000e+02 1.781000000000000000e+03
8.920000000000000000e+02 1.456000000000000000e+03
8.380000000000000000e+02 1.450000000000000000e+03
3.400000000000000000e+02 9.000000000000000000e+02
6.700000000000000000e+02 1.133000000000000000e+03
6.240000000000000000e+02 1.141000000000000000e+03
5.780000000000000000e+02 1.141000000000000000e+03
5.170000000000000000e+02 1.114000000000000000e+03
7.100000000000000000e+02 1.118000000000000000e+03
5.950000000000000000e+02 1.009000000000000000e+03
6.480000000000000000e+02 1.010000000000000000e+03
5.470000000000000000e+02 1.019000000000000000e+03
5.160000000000000000e+02 1.037000000000000000e+03
4.740000000000000000e+02 1.146000000000000000e+03
7.040000000000000000e+02 1.857000000000000000e+03
5.210000000000000000e+02 1.085000000000000000e+03
3.230000000000000000e+02 1.118000000000000000e+03
4.150000000000000000e+02 1.111000000000000000e+03
6.400000000000000000e+02 1.361000000000000000e+03
7.660000000000000000e+02 1.612000000000000000e+03
7.780000000000000000e+02 1.657000000000000000e+03
7.270000000000000000e+02 1.625000000000000000e+03
7.030000000000000000e+02 1.640000000000000000e+03
7.470000000000000000e+02 1.656000000000000000e+03
7.250000000000000000e+02 1.658000000000000000e+03
6.600000000000000000e+02 1.685000000000000000e+03
8.510000000000000000e+02 1.429000000000000000e+03
8.440000000000000000e+02 1.377000000000000000e+03
4.460000000000000000e+02 1.000000000000000000e+03
7.370000000000000000e+02 1.231000000000000000e+03
7.260000000000000000e+02 1.401000000000000000e+03
7.220000000000000000e+02 1.370000000000000000e+03
4.980000000000000000e+02 1.349000000000000000e+03
8.460000000000000000e+02 1.309000000000000000e+03
5.600000000000000000e+02 9.470000000000000000e+02
4.930000000000000000e+02 9.660000000000000000e+02
3.910000000000000000e+02 8.130000000000000000e+02
7.760000000000000000e+02 9.780000000000000000e+02
6.950000000000000000e+02 1.025000000000000000e+03
6.220000000000000000e+02 1.638000000000000000e+03
3.840000000000000000e+02 1.594000000000000000e+03
7.610000000000000000e+02 1.431000000000000000e+03
8.020000000000000000e+02 1.448000000000000000e+03
6.820000000000000000e+02 1.666000000000000000e+03
6.930000000000000000e+02 1.666000000000000000e+03
4.660000000000000000e+02 9.330000000000000000e+02
7.220000000000000000e+02 1.420000000000000000e+03
6.530000000000000000e+02 9.460000000000000000e+02
6.440000000000000000e+02 9.050000000000000000e+02
5.950000000000000000e+02 7.000000000000000000e+02
4.300000000000000000e+02 8.690000000000000000e+02
6.260000000000000000e+02 8.000000000000000000e+02
4.160000000000000000e+02 9.730000000000000000e+02
3.790000000000000000e+02 9.390000000000000000e+02
7.700000000000000000e+02 1.637000000000000000e+03
7.360000000000000000e+02 1.642000000000000000e+03
7.130000000000000000e+02 1.650000000000000000e+03
7.720000000000000000e+02 1.440000000000000000e+03
6.880000000000000000e+02 1.666000000000000000e+03
7.020000000000000000e+02 1.674000000000000000e+03
6.980000000000000000e+02 1.665000000000000000e+03
7.900000000000000000e+02 1.421000000000000000e+03
7.350000000000000000e+02 1.664000000000000000e+03
7.570000000000000000e+02 1.665000000000000000e+03
7.870000000000000000e+02 1.668000000000000000e+03
8.220000000000000000e+02 1.777000000000000000e+03
7.770000000000000000e+02 1.730000000000000000e+03
7.760000000000000000e+02 1.707000000000000000e+03
7.800000000000000000e+02 1.685000000000000000e+03
7.880000000000000000e+02 1.668000000000000000e+03
7.370000000000000000e+02 1.664000000000000000e+03
7.270000000000000000e+02 1.672000000000000000e+03
7.180000000000000000e+02 1.683000000000000000e+03
7.110000000000000000e+02 1.696000000000000000e+03
6.760000000000000000e+02 1.554000000000000000e+03
3.230000000000000000e+02 1.337000000000000000e+03
8.910000000000000000e+02 1.465000000000000000e+03
7.200000000000000000e+02 1.664000000000000000e+03
7.100000000000000000e+02 1.669000000000000000e+03
8.200000000000000000e+02 1.468000000000000000e+03
7.380000000000000000e+02 1.450000000000000000e+03
8.110000000000000000e+02 1.458000000000000000e+03
6.870000000000000000e+02 1.260000000000000000e+03
6.100000000000000000e+02 1.293000000000000000e+03
7.130000000000000000e+02 1.391000000000000000e+03
4.720000000000000000e+02 7.440000000000000000e+02
5.080000000000000000e+02 8.210000000000000000e+02
5.430000000000000000e+02 9.060000000000000000e+02
7.030000000000000000e+02 1.720000000000000000e+03
7.610000000000000000e+02 9.100000000000000000e+02
7.450000000000000000e+02 7.980000000000000000e+02
7.250000000000000000e+02 6.800000000000000000e+02
5.400000000000000000e+02 1.132000000000000000e+03
4.200000000000000000e+02 1.181000000000000000e+03
7.370000000000000000e+02 1.105000000000000000e+03
4.670000000000000000e+02 1.056000000000000000e+03
7.720000000000000000e+02 1.199000000000000000e+03
7.590000000000000000e+02 1.387000000000000000e+03
3.720000000000000000e+02 1.217000000000000000e+03
4.560000000000000000e+02 1.218000000000000000e+03
5.190000000000000000e+02 1.238000000000000000e+03
6.110000000000000000e+02 1.229000000000000000e+03
6.780000000000000000e+02 1.205000000000000000e+03
7.280000000000000000e+02 1.181000000000000000e+03
8.370000000000000000e+02 1.134000000000000000e+03
3.840000000000000000e+02 1.325000000000000000e+03
4.270000000000000000e+02 1.048000000000000000e+03
8.650000000000000000e+02 1.454000000000000000e+03
7.400000000000000000e+02 1.285000000000000000e+03
3.040000000000000000e+02 1.110000000000000000e+03
7.670000000000000000e+02 1.154000000000000000e+03
7.080000000000000000e+02 1.392000000000000000e+03
4.980000000000000000e+02 1.086000000000000000e+03
7.570000000000000000e+02 1.350000000000000000e+03
3.460000000000000000e+02 1.462000000000000000e+03
7.360000000000000000e+02 1.087000000000000000e+03
8.010000000000000000e+02 1.324000000000000000e+03
4.900000000000000000e+02 1.728000000000000000e+03
4.910000000000000000e+02 1.785000000000000000e+03
3.360000000000000000e+02 1.333000000000000000e+03
4.330000000000000000e+02 1.653000000000000000e+03
3.490000000000000000e+02 1.020000000000000000e+03
6.900000000000000000e+02 1.913000000000000000e+03
8.690000000000000000e+02 1.463000000000000000e+03
6.960000000000000000e+02 1.322000000000000000e+03
3.720000000000000000e+02 1.117000000000000000e+03
5.840000000000000000e+02 1.112000000000000000e+03
6.230000000000000000e+02 1.113000000000000000e+03
6.950000000000000000e+02 1.680000000000000000e+03
3.960000000000000000e+02 1.428000000000000000e+03
7.800000000000000000e+02 1.989000000000000000e+03
6.260000000000000000e+02 1.914000000000000000e+03
5.620000000000000000e+02 1.861000000000000000e+03
8.770000000000000000e+02 8.030000000000000000e+02
8.860000000000000000e+02 1.997000000000000000e+03
6.620000000000000000e+02 1.105000000000000000e+03
7.000000000000000000e+02 1.095000000000000000e+03
7.240000000000000000e+02 1.090000000000000000e+03
3.900000000000000000e+02 1.034000000000000000e+03
6.910000000000000000e+02 1.063000000000000000e+03
6.480000000000000000e+02 1.058000000000000000e+03
6.080000000000000000e+02 1.060000000000000000e+03
5.700000000000000000e+02 1.067000000000000000e+03
5.460000000000000000e+02 1.075000000000000000e+03
3.130000000000000000e+02 9.930000000000000000e+02
5.580000000000000000e+02 1.105000000000000000e+03
8.890000000000000000e+02 1.513000000000000000e+03
7.230000000000000000e+02 1.527000000000000000e+03
7.630000000000000000e+02 1.424000000000000000e+03
8.180000000000000000e+02 1.514000000000000000e+03
8.800000000000000000e+02 1.057000000000000000e+03
5.530000000000000000e+02 1.800000000000000000e+03
6.180000000000000000e+02 1.858000000000000000e+03
7.800000000000000000e+02 1.949000000000000000e+03
4.350000000000000000e+02 1.702000000000000000e+03
7.220000000000000000e+02 1.076000000000000000e+03
8.060000000000000000e+02 1.219000000000000000e+03
8.870000000000000000e+02 1.958000000000000000e+03
6.960000000000000000e+02 1.959000000000000000e+03
3.560000000000000000e+02 1.447000000000000000e+03
7.590000000000000000e+02 1.665000000000000000e+03
7.480000000000000000e+02 1.678000000000000000e+03
7.410000000000000000e+02 1.695000000000000000e+03
7.390000000000000000e+02 1.716000000000000000e+03
7.560000000000000000e+02 1.753000000000000000e+03
7.090000000000000000e+02 1.662000000000000000e+03
6.980000000000000000e+02 1.658000000000000000e+03
6.890000000000000000e+02 1.653000000000000000e+03
6.400000000000000000e+02 1.593000000000000000e+03
4.610000000000000000e+02 1.459000000000000000e+03
8.050000000000000000e+02 1.163000000000000000e+03
7.710000000000000000e+02 1.052000000000000000e+03
7.400000000000000000e+02 1.058000000000000000e+03
7.200000000000000000e+02 1.664000000000000000e+03
4.540000000000000000e+02 1.582000000000000000e+03
8.170000000000000000e+02 1.054000000000000000e+03
7.280000000000000000e+02 1.803000000000000000e+03
8.890000000000000000e+02 1.242000000000000000e+03
8.410000000000000000e+02 1.194000000000000000e+03
8.860000000000000000e+02 1.184000000000000000e+03
7.710000000000000000e+02 1.301000000000000000e+03
8.880000000000000000e+02 1.902000000000000000e+03
8.870000000000000000e+02 1.837000000000000000e+03
8.070000000000000000e+02 1.832000000000000000e+03
6.130000000000000000e+02 1.704000000000000000e+03
6.700000000000000000e+02 1.431000000000000000e+03
6.650000000000000000e+02 1.760000000000000000e+03
5.650000000000000000e+02 1.420000000000000000e+03
6.280000000000000000e+02 1.483000000000000000e+03
5.250000000000000000e+02 1.502000000000000000e+03
7.900000000000000000e+02 1.895000000000000000e+03
7.390000000000000000e+02 1.328000000000000000e+03
5.710000000000000000e+02 1.743000000000000000e+03
6.360000000000000000e+02 1.804000000000000000e+03
5.740000000000000000e+02 1.640000000000000000e+03
4.100000000000000000e+02 1.517000000000000000e+03
5.140000000000000000e+02 1.643000000000000000e+03
3.840000000000000000e+02 1.553000000000000000e+03
5.910000000000000000e+02 1.549000000000000000e+03
7.740000000000000000e+02 1.251000000000000000e+03
7.750000000000000000e+02 1.412000000000000000e+03
7.410000000000000000e+02 1.419000000000000000e+03
7.990000000000000000e+02 1.381000000000000000e+03
7.310000000000000000e+02 1.013000000000000000e+03
6.510000000000000000e+02 9.880000000000000000e+02
5.820000000000000000e+02 9.860000000000000000e+02
5.260000000000000000e+02 9.980000000000000000e+02
4.870000000000000000e+02 1.021000000000000000e+03
4.620000000000000000e+02 1.099000000000000000e+03
3.220000000000000000e+02 1.223000000000000000e+03
5.020000000000000000e+02 1.168000000000000000e+03
5.510000000000000000e+02 1.182000000000000000e+03
6.150000000000000000e+02 1.181000000000000000e+03
6.750000000000000000e+02 1.166000000000000000e+03
7.220000000000000000e+02 1.147000000000000000e+03
7.540000000000000000e+02 1.131000000000000000e+03
3.100000000000000000e+02 1.222000000000000000e+03
7.400000000000000000e+02 1.430000000000000000e+03
8.080000000000000000e+02 1.270000000000000000e+03
8.120000000000000000e+02 1.420000000000000000e+03
8.370000000000000000e+02 1.444000000000000000e+03
8.110000000000000000e+02 1.426000000000000000e+03
7.530000000000000000e+02 1.445000000000000000e+03
8.480000000000000000e+02 1.450000000000000000e+03
8.510000000000000000e+02 1.459000000000000000e+03
7.520000000000000000e+02 1.089000000000000000e+03
7.790000000000000000e+02 1.103000000000000000e+03
7.950000000000000000e+02 1.115000000000000000e+03
5.330000000000000000e+02 1.080000000000000000e+03
4.960000000000000000e+02 1.058000000000000000e+03
9.290000000000000000e+02 1.249000000000000000e+03
1.199000000000000000e+03 1.115000000000000000e+03
9.420000000000000000e+02 1.450000000000000000e+03
1.365000000000000000e+03 9.090000000000000000e+02
1.069000000000000000e+03 1.149000000000000000e+03
1.116000000000000000e+03 1.155000000000000000e+03
1.160000000000000000e+03 1.155000000000000000e+03
1.218000000000000000e+03 1.133000000000000000e+03
1.029000000000000000e+03 1.135000000000000000e+03
1.145000000000000000e+03 1.022000000000000000e+03
1.091000000000000000e+03 1.022000000000000000e+03
1.194000000000000000e+03 1.034000000000000000e+03
1.223000000000000000e+03 1.054000000000000000e+03
1.257000000000000000e+03 1.163000000000000000e+03
1.058000000000000000e+03 1.855000000000000000e+03
1.216000000000000000e+03 1.104000000000000000e+03
1.387000000000000000e+03 1.126000000000000000e+03
1.310000000000000000e+03 1.133000000000000000e+03
1.115000000000000000e+03 1.361000000000000000e+03
8.760000000000000000e+02 1.611000000000000000e+03
8.740000000000000000e+02 1.657000000000000000e+03
9.400000000000000000e+02 1.627000000000000000e+03
9.830000000000000000e+02 1.644000000000000000e+03
9.250000000000000000e+02 1.658000000000000000e+03
9.670000000000000000e+02 1.662000000000000000e+03
1.097000000000000000e+03 1.680000000000000000e+03
9.350000000000000000e+02 1.429000000000000000e+03
9.400000000000000000e+02 1.377000000000000000e+03
1.289000000000000000e+03 1.021000000000000000e+03
1.018000000000000000e+03 1.231000000000000000e+03
1.045000000000000000e+03 1.400000000000000000e+03
1.045000000000000000e+03 1.370000000000000000e+03
1.246000000000000000e+03 1.349000000000000000e+03
9.350000000000000000e+02 1.309000000000000000e+03
1.185000000000000000e+03 9.650000000000000000e+02
1.248000000000000000e+03 9.850000000000000000e+02
1.323000000000000000e+03 8.220000000000000000e+02
9.780000000000000000e+02 9.900000000000000000e+02
1.043000000000000000e+03 1.038000000000000000e+03
1.133000000000000000e+03 1.633000000000000000e+03
1.331000000000000000e+03 1.595000000000000000e+03
1.011000000000000000e+03 1.430000000000000000e+03
9.730000000000000000e+02 1.448000000000000000e+03
1.042000000000000000e+03 1.672000000000000000e+03
1.030000000000000000e+03 1.672000000000000000e+03
1.273000000000000000e+03 9.550000000000000000e+02
1.046000000000000000e+03 1.420000000000000000e+03
1.096000000000000000e+03 9.620000000000000000e+02
1.106000000000000000e+03 9.230000000000000000e+02
1.144000000000000000e+03 7.060000000000000000e+02
1.291000000000000000e+03 8.800000000000000000e+02
1.116000000000000000e+03 8.070000000000000000e+02
1.315000000000000000e+03 9.990000000000000000e+02
1.336000000000000000e+03 9.490000000000000000e+02
8.750000000000000000e+02 1.637000000000000000e+03
9.320000000000000000e+02 1.644000000000000000e+03
9.740000000000000000e+02 1.653000000000000000e+03
1.000000000000000000e+03 1.439000000000000000e+03
1.035000000000000000e+03 1.672000000000000000e+03
1.008000000000000000e+03 1.680000000000000000e+03
1.023000000000000000e+03 1.672000000000000000e+03
9.880000000000000000e+02 1.421000000000000000e+03
9.610000000000000000e+02 1.668000000000000000e+03
9.210000000000000000e+02 1.667000000000000000e+03
8.740000000000000000e+02 1.669000000000000000e+03
9.490000000000000000e+02 1.776000000000000000e+03
8.850000000000000000e+02 1.734000000000000000e+03
8.790000000000000000e+02 1.710000000000000000e+03
8.760000000000000000e+02 1.687000000000000000e+03
8.730000000000000000e+02 1.669000000000000000e+03
9.600000000000000000e+02 1.670000000000000000e+03
9.680000000000000000e+02 1.678000000000000000e+03
9.770000000000000000e+02 1.689000000000000000e+03
9.860000000000000000e+02 1.702000000000000000e+03
1.085000000000000000e+03 1.551000000000000000e+03
1.380000000000000000e+03 1.343000000000000000e+03
9.920000000000000000e+02 1.671000000000000000e+03
9.990000000000000000e+02 1.675000000000000000e+03
9.560000000000000000e+02 1.468000000000000000e+03
1.029000000000000000e+03 1.448000000000000000e+03
9.650000000000000000e+02 1.458000000000000000e+03
1.065000000000000000e+03 1.260000000000000000e+03
1.140000000000000000e+03 1.293000000000000000e+03
1.052000000000000000e+03 1.391000000000000000e+03
1.254000000000000000e+03 7.520000000000000000e+02
1.221000000000000000e+03 8.320000000000000000e+02
1.202000000000000000e+03 9.260000000000000000e+02
1.058000000000000000e+03 1.716000000000000000e+03
9.960000000000000000e+02 9.260000000000000000e+02
1.005000000000000000e+03 8.020000000000000000e+02
1.023000000000000000e+03 6.840000000000000000e+02
1.197000000000000000e+03 1.148000000000000000e+03
1.308000000000000000e+03 1.198000000000000000e+03
1.003000000000000000e+03 1.123000000000000000e+03
1.266000000000000000e+03 1.076000000000000000e+03
9.860000000000000000e+02 1.199000000000000000e+03
1.016000000000000000e+03 1.387000000000000000e+03
1.353000000000000000e+03 1.222000000000000000e+03
1.276000000000000000e+03 1.229000000000000000e+03
1.218000000000000000e+03 1.244000000000000000e+03
1.128000000000000000e+03 1.234000000000000000e+03
1.063000000000000000e+03 1.213000000000000000e+03
1.014000000000000000e+03 1.189000000000000000e+03
9.270000000000000000e+02 1.134000000000000000e+03
1.346000000000000000e+03 1.328000000000000000e+03
1.302000000000000000e+03 1.071000000000000000e+03
9.190000000000000000e+02 1.454000000000000000e+03
1.019000000000000000e+03 1.285000000000000000e+03
1.395000000000000000e+03 1.117000000000000000e+03
9.780000000000000000e+02 1.162000000000000000e+03
1.054000000000000000e+03 1.391000000000000000e+03
1.237000000000000000e+03 1.107000000000000000e+03
1.015000000000000000e+03 1.350000000000000000e+03
1.363000000000000000e+03 1.466000000000000000e+03
1.001000000000000000e+03 1.106000000000000000e+03
9.750000000000000000e+02 1.324000000000000000e+03
1.250000000000000000e+03 1.725000000000000000e+03
1.242000000000000000e+03 1.781000000000000000e+03
1.382000000000000000e+03 1.338000000000000000e+03
1.300000000000000000e+03 1.652000000000000000e+03
1.364000000000000000e+03 1.029000000000000000e+03
1.071000000000000000e+03 1.910000000000000000e+03
9.130000000000000000e+02 1.463000000000000000e+03
1.061000000000000000e+03 1.321000000000000000e+03
1.348000000000000000e+03 1.144000000000000000e+03
1.156000000000000000e+03 1.127000000000000000e+03
1.117000000000000000e+03 1.129000000000000000e+03
1.018000000000000000e+03 1.686000000000000000e+03
1.337000000000000000e+03 1.430000000000000000e+03
9.870000000000000000e+02 1.986000000000000000e+03
1.123000000000000000e+03 1.908000000000000000e+03
1.180000000000000000e+03 1.855000000000000000e+03
1.078000000000000000e+03 1.123000000000000000e+03
1.040000000000000000e+03 1.114000000000000000e+03
1.014000000000000000e+03 1.110000000000000000e+03
1.333000000000000000e+03 1.061000000000000000e+03
1.048000000000000000e+03 1.075000000000000000e+03
1.090000000000000000e+03 1.065000000000000000e+03
1.131000000000000000e+03 1.065000000000000000e+03
1.169000000000000000e+03 1.075000000000000000e+03
1.193000000000000000e+03 1.087000000000000000e+03
1.389000000000000000e+03 1.000000000000000000e+03
1.182000000000000000e+03 1.122000000000000000e+03
1.044000000000000000e+03 1.524000000000000000e+03
1.011000000000000000e+03 1.424000000000000000e+03
9.580000000000000000e+02 1.513000000000000000e+03
1.192000000000000000e+03 1.798000000000000000e+03
1.134000000000000000e+03 1.855000000000000000e+03
9.880000000000000000e+02 1.948000000000000000e+03
1.289000000000000000e+03 1.700000000000000000e+03
1.016000000000000000e+03 1.093000000000000000e+03
9.600000000000000000e+02 1.219000000000000000e+03
1.062000000000000000e+03 1.954000000000000000e+03
1.366000000000000000e+03 1.450000000000000000e+03
9.190000000000000000e+02 1.668000000000000000e+03
9.260000000000000000e+02 1.682000000000000000e+03
9.330000000000000000e+02 1.700000000000000000e+03
9.400000000000000000e+02 1.720000000000000000e+03
1.010000000000000000e+03 1.751000000000000000e+03
1.000000000000000000e+03 1.667000000000000000e+03
1.008000000000000000e+03 1.663000000000000000e+03
1.016000000000000000e+03 1.658000000000000000e+03
1.117000000000000000e+03 1.589000000000000000e+03
1.281000000000000000e+03 1.459000000000000000e+03
9.550000000000000000e+02 1.163000000000000000e+03
9.730000000000000000e+02 1.066000000000000000e+03
9.990000000000000000e+02 1.074000000000000000e+03
9.930000000000000000e+02 1.670000000000000000e+03
1.285000000000000000e+03 1.581000000000000000e+03
9.360000000000000000e+02 1.062000000000000000e+03
1.034000000000000000e+03 1.800000000000000000e+03
9.290000000000000000e+02 1.194000000000000000e+03
9.950000000000000000e+02 1.302000000000000000e+03
9.620000000000000000e+02 1.831000000000000000e+03
1.139000000000000000e+03 1.701000000000000000e+03
1.090000000000000000e+03 1.430000000000000000e+03
1.091000000000000000e+03 1.756000000000000000e+03
1.186000000000000000e+03 1.419000000000000000e+03
1.129000000000000000e+03 1.481000000000000000e+03
1.224000000000000000e+03 1.500000000000000000e+03
9.790000000000000000e+02 1.893000000000000000e+03
1.024000000000000000e+03 1.327000000000000000e+03
1.178000000000000000e+03 1.739000000000000000e+03
1.119000000000000000e+03 1.801000000000000000e+03
1.177000000000000000e+03 1.637000000000000000e+03
1.324000000000000000e+03 1.517000000000000000e+03
1.232000000000000000e+03 1.641000000000000000e+03
1.342000000000000000e+03 1.555000000000000000e+03
1.163000000000000000e+03 1.546000000000000000e+03
9.880000000000000000e+02 1.252000000000000000e+03
1.002000000000000000e+03 1.412000000000000000e+03
1.031000000000000000e+03 1.419000000000000000e+03
9.810000000000000000e+02 1.381000000000000000e+03
1.012000000000000000e+03 1.026000000000000000e+03
1.092000000000000000e+03 1.002000000000000000e+03
1.161000000000000000e+03 1.001000000000000000e+03
1.216000000000000000e+03 1.015000000000000000e+03
1.251000000000000000e+03 1.040000000000000000e+03
1.268000000000000000e+03 1.120000000000000000e+03
1.391000000000000000e+03 1.231000000000000000e+03
1.231000000000000000e+03 1.182000000000000000e+03
1.185000000000000000e+03 1.193000000000000000e+03
1.123000000000000000e+03 1.191000000000000000e+03
1.064000000000000000e+03 1.178000000000000000e+03
1.018000000000000000e+03 1.160000000000000000e+03
9.870000000000000000e+02 1.143000000000000000e+03
1.388000000000000000e+03 1.229000000000000000e+03
1.030000000000000000e+03 1.430000000000000000e+03
9.630000000000000000e+02 1.270000000000000000e+03
9.690000000000000000e+02 1.420000000000000000e+03
9.440000000000000000e+02 1.444000000000000000e+03
9.690000000000000000e+02 1.426000000000000000e+03
1.016000000000000000e+03 1.444000000000000000e+03
9.350000000000000000e+02 1.450000000000000000e+03
9.290000000000000000e+02 1.458000000000000000e+03
9.860000000000000000e+02 1.106000000000000000e+03
9.640000000000000000e+02 1.115000000000000000e+03
9.520000000000000000e+02 1.123000000000000000e+03
1.206000000000000000e+03 1.096000000000000000e+03
1.240000000000000000e+03 1.077000000000000000e+03
6.110000000000000000e+02 1.080000000000000000e+03
6.590000000000000000e+02 1.076000000000000000e+03
6.080000000000000000e+02 1.037000000000000000e+03
5.620000000000000000e+02 1.083000000000000000e+03
6.130000000000000000e+02 1.122000000000000000e+03
1.114000000000000000e+03 1.095000000000000000e+03
1.162000000000000000e+03 1.096000000000000000e+03
1.115000000000000000e+03 1.052000000000000000e+03
1.066000000000000000e+03 1.093000000000000000e+03
1.113000000000000000e+03 1.137000000000000000e+03
0.000000000000000000e+00 0.000000000000000000e+00
1.749000000000000000e+03 0.000000000000000000e+00
1.749000000000000000e+03 2.187000000000000000e+03
0.000000000000000000e+00 2.187000000000000000e+03
8.700000000000000000e+01 0.000000000000000000e+00
8.700000000000000000e+01 2.187000000000000000e+03
0.000000000000000000e+00 1.090000000000000000e+02
1.749000000000000000e+03 1.090000000000000000e+02
1.750000000000000000e+02 0.000000000000000000e+00
1.750000000000000000e+02 2.187000000000000000e+03
0.000000000000000000e+00 2.180000000000000000e+02
1.749000000000000000e+03 2.180000000000000000e+02
2.620000000000000000e+02 0.000000000000000000e+00
2.620000000000000000e+02 2.187000000000000000e+03
0.000000000000000000e+00 3.280000000000000000e+02
1.749000000000000000e+03 3.280000000000000000e+02
3.500000000000000000e+02 0.000000000000000000e+00
3.500000000000000000e+02 2.187000000000000000e+03
0.000000000000000000e+00 4.370000000000000000e+02
1.749000000000000000e+03 4.370000000000000000e+02
4.370000000000000000e+02 0.000000000000000000e+00
4.370000000000000000e+02 2.187000000000000000e+03
0.000000000000000000e+00 5.470000000000000000e+02
1.749000000000000000e+03 5.470000000000000000e+02
5.250000000000000000e+02 0.000000000000000000e+00
5.250000000000000000e+02 2.187000000000000000e+03
0.000000000000000000e+00 6.560000000000000000e+02
1.749000000000000000e+03 6.560000000000000000e+02
6.120000000000000000e+02 0.000000000000000000e+00
6.120000000000000000e+02 2.187000000000000000e+03
0.000000000000000000e+00 7.650000000000000000e+02
1.749000000000000000e+03 7.650000000000000000e+02
7.000000000000000000e+02 0.000000000000000000e+00
7.000000000000000000e+02 2.187000000000000000e+03
0.000000000000000000e+00 8.750000000000000000e+02
1.749000000000000000e+03 8.750000000000000000e+02
7.870000000000000000e+02 0.000000000000000000e+00
7.870000000000000000e+02 2.187000000000000000e+03
0.000000000000000000e+00 9.840000000000000000e+02
1.749000000000000000e+03 9.840000000000000000e+02
8.750000000000000000e+02 0.000000000000000000e+00
8.750000000000000000e+02 2.187000000000000000e+03
0.000000000000000000e+00 1.094000000000000000e+03
1.749000000000000000e+03 1.094000000000000000e+03
9.620000000000000000e+02 0.000000000000000000e+00
9.620000000000000000e+02 2.187000000000000000e+03
0.000000000000000000e+00 1.203000000000000000e+03
1.749000000000000000e+03 1.203000000000000000e+03
1.050000000000000000e+03 0.000000000000000000e+00
1.050000000000000000e+03 2.187000000000000000e+03
0.000000000000000000e+00 1.312000000000000000e+03
1.749000000000000000e+03 1.312000000000000000e+03
1.137000000000000000e+03 0.000000000000000000e+00
1.137000000000000000e+03 2.187000000000000000e+03
0.000000000000000000e+00 1.422000000000000000e+03
1.749000000000000000e+03 1.422000000000000000e+03
1.225000000000000000e+03 0.000000000000000000e+00
1.225000000000000000e+03 2.187000000000000000e+03
0.000000000000000000e+00 1.531000000000000000e+03
1.749000000000000000e+03 1.531000000000000000e+03
1.312000000000000000e+03 0.000000000000000000e+00
1.312000000000000000e+03 2.187000000000000000e+03
0.000000000000000000e+00 1.641000000000000000e+03
1.749000000000000000e+03 1.641000000000000000e+03
1.400000000000000000e+03 0.000000000000000000e+00
1.400000000000000000e+03 2.187000000000000000e+03
0.000000000000000000e+00 1.750000000000000000e+03
1.749000000000000000e+03 1.750000000000000000e+03
1.487000000000000000e+03 0.000000000000000000e+00
1.487000000000000000e+03 2.187000000000000000e+03
0.000000000000000000e+00 1.859000000000000000e+03
1.749000000000000000e+03 1.859000000000000000e+03
1.575000000000000000e+03 0.000000000000000000e+00
1.575000000000000000e+03 2.187000000000000000e+03
0.000000000000000000e+00 1.969000000000000000e+03
1.749000000000000000e+03 1.969000000000000000e+03
1.662000000000000000e+03 0.000000000000000000e+00
1.662000000000000000e+03 2.187000000000000000e+03
0.000000000000000000e+00 2.078000000000000000e+03
1.749000000000000000e+03 2.078000000000000000e+03
