8.580000000000000000e+02 1.520000000000000000e+03
8.750000000000000000e+02 1.394000000000000000e+03
8.660000000000000000e+02 1.424000000000000000e+03
8.460000000000000000e+02 1.235000000000000000e+03
8.790000000000000000e+02 1.348000000000000000e+03
8.810000000000000000e+02 1.285000000000000000e+03
8.840000000000000000e+02 1.130000000000000000e+03
5.830000000000000000e+02 1.072000000000000000e+03
8.900000000000000000e+02 1.007000000000000000e+03
8.950000000000000000e+02 9.460000000000000000e+02
9.110000000000000000e+02 7.200000000000000000e+02
8.570000000000000000e+02 1.539000000000000000e+03
8.540000000000000000e+02 1.559000000000000000e+03
8.520000000000000000e+02 1.572000000000000000e+03
8.530000000000000000e+02 1.570000000000000000e+03
8.530000000000000000e+02 1.594000000000000000e+03
8.520000000000000000e+02 1.621000000000000000e+03
8.490000000000000000e+02 1.649000000000000000e+03
8.370000000000000000e+02 1.693000000000000000e+03
8.710000000000000000e+02 1.414000000000000000e+03
8.260000000000000000e+02 1.405000000000000000e+03
4.320000000000000000e+02 8.700000000000000000e+02
7.000000000000000000e+02 1.122000000000000000e+03
6.570000000000000000e+02 1.123000000000000000e+03
6.170000000000000000e+02 1.117000000000000000e+03
5.650000000000000000e+02 1.083000000000000000e+03
7.370000000000000000e+02 1.116000000000000000e+03
6.460000000000000000e+02 9.770000000000000000e+02
6.950000000000000000e+02 9.900000000000000000e+02
5.980000000000000000e+02 9.800000000000000000e+02
5.670000000000000000e+02 9.970000000000000000e+02
5.300000000000000000e+02 1.104000000000000000e+03
6.770000000000000000e+02 1.733000000000000000e+03
5.690000000000000000e+02 1.056000000000000000e+03
4.050000000000000000e+02 1.063000000000000000e+03
4.870000000000000000e+02 1.059000000000000000e+03
6.510000000000000000e+02 1.306000000000000000e+03
8.020000000000000000e+02 1.507000000000000000e+03
8.020000000000000000e+02 1.555000000000000000e+03
7.440000000000000000e+02 1.518000000000000000e+03
7.040000000000000000e+02 1.528000000000000000e+03
7.560000000000000000e+02 1.552000000000000000e+03
7.190000000000000000e+02 1.549000000000000000e+03
6.440000000000000000e+02 1.571000000000000000e+03
8.400000000000000000e+02 1.389000000000000000e+03
8.390000000000000000e+02 1.344000000000000000e+03
5.130000000000000000e+02 9.340000000000000000e+02
7.470000000000000000e+02 1.207000000000000000e+03
7.340000000000000000e+02 1.352000000000000000e+03
7.320000000000000000e+02 1.326000000000000000e+03
5.260000000000000000e+02 1.281000000000000000e+03
8.430000000000000000e+02 1.286000000000000000e+03
6.120000000000000000e+02 8.970000000000000000e+02
5.540000000000000000e+02 9.040000000000000000e+02
4.790000000000000000e+02 7.980000000000000000e+02
7.960000000000000000e+02 9.760000000000000000e+02
7.360000000000000000e+02 1.018000000000000000e+03
6.150000000000000000e+02 1.520000000000000000e+03
4.190000000000000000e+02 1.473000000000000000e+03
7.620000000000000000e+02 1.382000000000000000e+03
7.950000000000000000e+02 1.398000000000000000e+03
6.520000000000000000e+02 1.543000000000000000e+03
6.620000000000000000e+02 1.545000000000000000e+03
5.340000000000000000e+02 8.670000000000000000e+02
7.280000000000000000e+02 1.366000000000000000e+03
6.920000000000000000e+02 9.180000000000000000e+02
6.880000000000000000e+02 8.780000000000000000e+02
6.630000000000000000e+02 7.160000000000000000e+02
5.080000000000000000e+02 8.470000000000000000e+02
6.820000000000000000e+02 8.070000000000000000e+02
4.900000000000000000e+02 9.070000000000000000e+02
4.610000000000000000e+02 9.040000000000000000e+02
8.010000000000000000e+02 1.533000000000000000e+03
7.500000000000000000e+02 1.536000000000000000e+03
7.120000000000000000e+02 1.539000000000000000e+03
7.700000000000000000e+02 1.389000000000000000e+03
6.570000000000000000e+02 1.544000000000000000e+03
6.810000000000000000e+02 1.562000000000000000e+03
6.670000000000000000e+02 1.547000000000000000e+03
7.880000000000000000e+02 1.378000000000000000e+03
7.250000000000000000e+02 1.557000000000000000e+03
7.610000000000000000e+02 1.563000000000000000e+03
8.030000000000000000e+02 1.568000000000000000e+03
7.760000000000000000e+02 1.685000000000000000e+03
7.900000000000000000e+02 1.643000000000000000e+03
7.950000000000000000e+02 1.615000000000000000e+03
8.000000000000000000e+02 1.588000000000000000e+03
8.050000000000000000e+02 1.566000000000000000e+03
7.270000000000000000e+02 1.557000000000000000e+03
7.180000000000000000e+02 1.567000000000000000e+03
7.080000000000000000e+02 1.580000000000000000e+03
6.990000000000000000e+02 1.595000000000000000e+03
6.700000000000000000e+02 1.461000000000000000e+03
3.850000000000000000e+02 1.247000000000000000e+03
8.680000000000000000e+02 1.420000000000000000e+03
6.990000000000000000e+02 1.553000000000000000e+03
6.900000000000000000e+02 1.557000000000000000e+03
8.080000000000000000e+02 1.414000000000000000e+03
7.370000000000000000e+02 1.389000000000000000e+03
8.020000000000000000e+02 1.406000000000000000e+03
7.000000000000000000e+02 1.225000000000000000e+03
6.290000000000000000e+02 1.245000000000000000e+03
7.210000000000000000e+02 1.341000000000000000e+03
5.530000000000000000e+02 7.440000000000000000e+02
5.790000000000000000e+02 8.120000000000000000e+02
6.010000000000000000e+02 8.570000000000000000e+02
6.760000000000000000e+02 1.614000000000000000e+03
7.890000000000000000e+02 9.130000000000000000e+02
7.860000000000000000e+02 8.180000000000000000e+02
7.780000000000000000e+02 7.100000000000000000e+02
5.830000000000000000e+02 1.104000000000000000e+03
4.840000000000000000e+02 1.127000000000000000e+03
7.610000000000000000e+02 1.109000000000000000e+03
5.280000000000000000e+02 1.009000000000000000e+03
7.790000000000000000e+02 1.184000000000000000e+03
7.640000000000000000e+02 1.345000000000000000e+03
4.360000000000000000e+02 1.157000000000000000e+03
5.100000000000000000e+02 1.166000000000000000e+03
5.610000000000000000e+02 1.191000000000000000e+03
6.410000000000000000e+02 1.194000000000000000e+03
7.010000000000000000e+02 1.182000000000000000e+03
7.460000000000000000e+02 1.168000000000000000e+03
8.420000000000000000e+02 1.136000000000000000e+03
4.350000000000000000e+02 1.250000000000000000e+03
4.980000000000000000e+02 9.930000000000000000e+02
8.490000000000000000e+02 1.410000000000000000e+03
7.470000000000000000e+02 1.253000000000000000e+03
3.880000000000000000e+02 1.049000000000000000e+03
7.800000000000000000e+02 1.150000000000000000e+03
7.150000000000000000e+02 1.339000000000000000e+03
5.500000000000000000e+02 1.052000000000000000e+03
7.630000000000000000e+02 1.312000000000000000e+03
3.950000000000000000e+02 1.357000000000000000e+03
7.620000000000000000e+02 1.094000000000000000e+03
8.030000000000000000e+02 1.295000000000000000e+03
5.080000000000000000e+02 1.601000000000000000e+03
5.060000000000000000e+02 1.647000000000000000e+03
3.960000000000000000e+02 1.251000000000000000e+03
4.590000000000000000e+02 1.533000000000000000e+03
4.310000000000000000e+02 9.770000000000000000e+02
6.680000000000000000e+02 1.774000000000000000e+03
8.510000000000000000e+02 1.417000000000000000e+03
7.050000000000000000e+02 1.278000000000000000e+03
4.540000000000000000e+02 1.059000000000000000e+03
6.220000000000000000e+02 1.095000000000000000e+03
6.580000000000000000e+02 1.100000000000000000e+03
6.720000000000000000e+02 1.568000000000000000e+03
4.350000000000000000e+02 1.339000000000000000e+03
7.370000000000000000e+02 1.838000000000000000e+03
6.170000000000000000e+02 1.763000000000000000e+03
5.660000000000000000e+02 1.715000000000000000e+03
9.030000000000000000e+02 8.320000000000000000e+02
8.190000000000000000e+02 1.851000000000000000e+03
6.940000000000000000e+02 1.099000000000000000e+03
7.290000000000000000e+02 1.096000000000000000e+03
7.510000000000000000e+02 1.096000000000000000e+03
4.700000000000000000e+02 9.750000000000000000e+02
7.220000000000000000e+02 1.056000000000000000e+03
6.850000000000000000e+02 1.038000000000000000e+03
6.480000000000000000e+02 1.031000000000000000e+03
6.130000000000000000e+02 1.034000000000000000e+03
5.910000000000000000e+02 1.042000000000000000e+03
4.040000000000000000e+02 9.490000000000000000e+02
5.980000000000000000e+02 1.084000000000000000e+03
8.630000000000000000e+02 1.452000000000000000e+03
7.160000000000000000e+02 1.446000000000000000e+03
7.640000000000000000e+02 1.377000000000000000e+03
8.010000000000000000e+02 1.447000000000000000e+03
8.860000000000000000e+02 1.067000000000000000e+03
5.620000000000000000e+02 1.667000000000000000e+03
6.130000000000000000e+02 1.720000000000000000e+03
7.390000000000000000e+02 1.813000000000000000e+03
4.580000000000000000e+02 1.571000000000000000e+03
7.490000000000000000e+02 1.080000000000000000e+03
8.110000000000000000e+02 1.206000000000000000e+03
8.240000000000000000e+02 1.827000000000000000e+03
6.720000000000000000e+02 1.807000000000000000e+03
4.030000000000000000e+02 1.350000000000000000e+03
7.630000000000000000e+02 1.562000000000000000e+03
7.540000000000000000e+02 1.578000000000000000e+03
7.460000000000000000e+02 1.599000000000000000e+03
7.400000000000000000e+02 1.624000000000000000e+03
7.190000000000000000e+02 1.655000000000000000e+03
6.900000000000000000e+02 1.547000000000000000e+03
6.810000000000000000e+02 1.541000000000000000e+03
6.740000000000000000e+02 1.536000000000000000e+03
6.340000000000000000e+02 1.486000000000000000e+03
4.850000000000000000e+02 1.372000000000000000e+03
8.120000000000000000e+02 1.157000000000000000e+03
7.930000000000000000e+02 1.060000000000000000e+03
7.680000000000000000e+02 1.063000000000000000e+03
6.980000000000000000e+02 1.552000000000000000e+03
4.760000000000000000e+02 1.475000000000000000e+03
8.290000000000000000e+02 1.063000000000000000e+03
6.960000000000000000e+02 1.691000000000000000e+03
8.820000000000000000e+02 1.232000000000000000e+03
8.440000000000000000e+02 1.188000000000000000e+03
8.820000000000000000e+02 1.183000000000000000e+03
7.750000000000000000e+02 1.271000000000000000e+03
8.290000000000000000e+02 1.787000000000000000e+03
8.330000000000000000e+02 1.737000000000000000e+03
7.620000000000000000e+02 1.726000000000000000e+03
6.100000000000000000e+02 1.586000000000000000e+03
6.760000000000000000e+02 1.367000000000000000e+03
6.490000000000000000e+02 1.644000000000000000e+03
5.800000000000000000e+02 1.349000000000000000e+03
6.330000000000000000e+02 1.404000000000000000e+03
5.390000000000000000e+02 1.412000000000000000e+03
7.470000000000000000e+02 1.774000000000000000e+03
7.460000000000000000e+02 1.289000000000000000e+03
5.760000000000000000e+02 1.619000000000000000e+03
6.260000000000000000e+02 1.678000000000000000e+03
5.790000000000000000e+02 1.525000000000000000e+03
4.410000000000000000e+02 1.415000000000000000e+03
5.280000000000000000e+02 1.529000000000000000e+03
4.210000000000000000e+02 1.444000000000000000e+03
5.960000000000000000e+02 1.450000000000000000e+03
7.800000000000000000e+02 1.229000000000000000e+03
7.760000000000000000e+02 1.369000000000000000e+03
7.460000000000000000e+02 1.370000000000000000e+03
8.000000000000000000e+02 1.344000000000000000e+03
7.620000000000000000e+02 1.009000000000000000e+03
6.940000000000000000e+02 9.650000000000000000e+02
6.320000000000000000e+02 9.500000000000000000e+02
5.810000000000000000e+02 9.530000000000000000e+02
5.450000000000000000e+02 9.720000000000000000e+02
5.220000000000000000e+02 1.056000000000000000e+03
3.950000000000000000e+02 1.156000000000000000e+03
5.510000000000000000e+02 1.128000000000000000e+03
5.930000000000000000e+02 1.148000000000000000e+03
6.490000000000000000e+02 1.154000000000000000e+03
7.020000000000000000e+02 1.149000000000000000e+03
7.440000000000000000e+02 1.140000000000000000e+03
7.720000000000000000e+02 1.130000000000000000e+03
3.840000000000000000e+02 1.146000000000000000e+03
7.440000000000000000e+02 1.378000000000000000e+03
8.100000000000000000e+02 1.249000000000000000e+03
8.080000000000000000e+02 1.379000000000000000e+03
8.260000000000000000e+02 1.400000000000000000e+03
8.050000000000000000e+02 1.384000000000000000e+03
7.520000000000000000e+02 1.389000000000000000e+03
8.350000000000000000e+02 1.406000000000000000e+03
8.370000000000000000e+02 1.412000000000000000e+03
7.760000000000000000e+02 1.097000000000000000e+03
7.960000000000000000e+02 1.109000000000000000e+03
8.080000000000000000e+02 1.120000000000000000e+03
5.780000000000000000e+02 1.049000000000000000e+03
5.490000000000000000e+02 1.018000000000000000e+03
9.140000000000000000e+02 1.240000000000000000e+03
1.160000000000000000e+03 1.131000000000000000e+03
9.090000000000000000e+02 1.410000000000000000e+03
1.289000000000000000e+03 9.450000000000000000e+02
1.042000000000000000e+03 1.163000000000000000e+03
1.082000000000000000e+03 1.170000000000000000e+03
1.120000000000000000e+03 1.170000000000000000e+03
1.171000000000000000e+03 1.142000000000000000e+03
1.009000000000000000e+03 1.149000000000000000e+03
1.118000000000000000e+03 1.024000000000000000e+03
1.069000000000000000e+03 1.030000000000000000e+03
1.160000000000000000e+03 1.034000000000000000e+03
1.185000000000000000e+03 1.055000000000000000e+03
1.195000000000000000e+03 1.167000000000000000e+03
9.710000000000000000e+02 1.750000000000000000e+03
1.174000000000000000e+03 1.115000000000000000e+03
1.288000000000000000e+03 1.138000000000000000e+03
1.234000000000000000e+03 1.125000000000000000e+03
1.066000000000000000e+03 1.337000000000000000e+03
9.120000000000000000e+02 1.507000000000000000e+03
9.020000000000000000e+02 1.555000000000000000e+03
9.600000000000000000e+02 1.515000000000000000e+03
9.910000000000000000e+02 1.524000000000000000e+03
9.420000000000000000e+02 1.550000000000000000e+03
9.720000000000000000e+02 1.546000000000000000e+03
1.030000000000000000e+03 1.595000000000000000e+03
9.080000000000000000e+02 1.394000000000000000e+03
9.170000000000000000e+02 1.350000000000000000e+03
1.240000000000000000e+03 9.920000000000000000e+02
9.900000000000000000e+02 1.226000000000000000e+03
9.990000000000000000e+02 1.370000000000000000e+03
1.001000000000000000e+03 1.344000000000000000e+03
1.179000000000000000e+03 1.331000000000000000e+03
9.170000000000000000e+02 1.291000000000000000e+03
1.167000000000000000e+03 9.430000000000000000e+02
1.214000000000000000e+03 9.580000000000000000e+02
1.268000000000000000e+03 8.700000000000000000e+02
9.880000000000000000e+02 9.920000000000000000e+02
1.026000000000000000e+03 1.052000000000000000e+03
1.065000000000000000e+03 1.548000000000000000e+03
1.199000000000000000e+03 1.530000000000000000e+03
9.680000000000000000e+02 1.395000000000000000e+03
9.350000000000000000e+02 1.407000000000000000e+03
1.030000000000000000e+03 1.538000000000000000e+03
1.020000000000000000e+03 1.541000000000000000e+03
1.234000000000000000e+03 9.230000000000000000e+02
9.990000000000000000e+02 1.385000000000000000e+03
1.096000000000000000e+03 9.520000000000000000e+02
1.105000000000000000e+03 9.130000000000000000e+02
1.137000000000000000e+03 7.620000000000000000e+02
1.246000000000000000e+03 9.160000000000000000e+02
1.110000000000000000e+03 8.490000000000000000e+02
1.259000000000000000e+03 9.700000000000000000e+02
1.272000000000000000e+03 9.770000000000000000e+02
9.080000000000000000e+02 1.533000000000000000e+03
9.510000000000000000e+02 1.533000000000000000e+03
9.820000000000000000e+02 1.535000000000000000e+03
9.580000000000000000e+02 1.401000000000000000e+03
1.025000000000000000e+03 1.539000000000000000e+03
1.005000000000000000e+03 1.559000000000000000e+03
1.015000000000000000e+03 1.542000000000000000e+03
9.500000000000000000e+02 1.389000000000000000e+03
9.640000000000000000e+02 1.554000000000000000e+03
9.340000000000000000e+02 1.561000000000000000e+03
8.960000000000000000e+02 1.568000000000000000e+03
8.930000000000000000e+02 1.692000000000000000e+03
9.040000000000000000e+02 1.645000000000000000e+03
9.040000000000000000e+02 1.616000000000000000e+03
9.020000000000000000e+02 1.589000000000000000e+03
8.970000000000000000e+02 1.567000000000000000e+03
9.640000000000000000e+02 1.556000000000000000e+03
9.720000000000000000e+02 1.566000000000000000e+03
9.810000000000000000e+02 1.580000000000000000e+03
9.870000000000000000e+02 1.596000000000000000e+03
1.031000000000000000e+03 1.485000000000000000e+03
1.257000000000000000e+03 1.318000000000000000e+03
9.870000000000000000e+02 1.550000000000000000e+03
9.960000000000000000e+02 1.554000000000000000e+03
9.210000000000000000e+02 1.422000000000000000e+03
9.840000000000000000e+02 1.405000000000000000e+03
9.280000000000000000e+02 1.415000000000000000e+03
1.029000000000000000e+03 1.250000000000000000e+03
1.092000000000000000e+03 1.280000000000000000e+03
1.006000000000000000e+03 1.360000000000000000e+03
1.222000000000000000e+03 8.070000000000000000e+02
1.196000000000000000e+03 8.720000000000000000e+02
1.182000000000000000e+03 9.050000000000000000e+02
9.940000000000000000e+02 1.634000000000000000e+03
1.006000000000000000e+03 9.320000000000000000e+02
1.015000000000000000e+03 8.410000000000000000e+02
1.037000000000000000e+03 7.350000000000000000e+02
1.152000000000000000e+03 1.161000000000000000e+03
1.228000000000000000e+03 1.195000000000000000e+03
9.880000000000000000e+02 1.138000000000000000e+03
1.214000000000000000e+03 1.069000000000000000e+03
9.650000000000000000e+02 1.198000000000000000e+03
9.770000000000000000e+02 1.360000000000000000e+03
1.262000000000000000e+03 1.225000000000000000e+03
1.205000000000000000e+03 1.229000000000000000e+03
1.159000000000000000e+03 1.245000000000000000e+03
1.087000000000000000e+03 1.237000000000000000e+03
1.034000000000000000e+03 1.217000000000000000e+03
9.950000000000000000e+02 1.196000000000000000e+03
9.200000000000000000e+02 1.142000000000000000e+03
1.253000000000000000e+03 1.314000000000000000e+03
1.239000000000000000e+03 1.056000000000000000e+03
8.920000000000000000e+02 1.413000000000000000e+03
9.870000000000000000e+02 1.271000000000000000e+03
1.286000000000000000e+03 1.124000000000000000e+03
9.670000000000000000e+02 1.174000000000000000e+03
1.008000000000000000e+03 1.358000000000000000e+03
1.190000000000000000e+03 1.112000000000000000e+03
9.790000000000000000e+02 1.328000000000000000e+03
1.234000000000000000e+03 1.422000000000000000e+03
9.880000000000000000e+02 1.123000000000000000e+03
9.480000000000000000e+02 1.306000000000000000e+03
1.127000000000000000e+03 1.641000000000000000e+03
1.110000000000000000e+03 1.685000000000000000e+03
1.271000000000000000e+03 1.321000000000000000e+03
1.176000000000000000e+03 1.583000000000000000e+03
1.281000000000000000e+03 1.051000000000000000e+03
9.700000000000000000e+02 1.790000000000000000e+03
8.860000000000000000e+02 1.419000000000000000e+03
1.020000000000000000e+03 1.301000000000000000e+03
1.258000000000000000e+03 1.130000000000000000e+03
1.120000000000000000e+03 1.149000000000000000e+03
1.085000000000000000e+03 1.150000000000000000e+03
1.012000000000000000e+03 1.566000000000000000e+03
1.238000000000000000e+03 1.400000000000000000e+03
8.970000000000000000e+02 1.845000000000000000e+03
1.007000000000000000e+03 1.784000000000000000e+03
1.054000000000000000e+03 1.743000000000000000e+03
1.051000000000000000e+03 1.142000000000000000e+03
1.018000000000000000e+03 1.132000000000000000e+03
9.970000000000000000e+02 1.127000000000000000e+03
1.259000000000000000e+03 1.043000000000000000e+03
1.030000000000000000e+03 1.094000000000000000e+03
1.068000000000000000e+03 1.083000000000000000e+03
1.105000000000000000e+03 1.082000000000000000e+03
1.138000000000000000e+03 1.090000000000000000e+03
1.157000000000000000e+03 1.100000000000000000e+03
1.294000000000000000e+03 1.025000000000000000e+03
1.144000000000000000e+03 1.142000000000000000e+03
9.950000000000000000e+02 1.464000000000000000e+03
9.680000000000000000e+02 1.391000000000000000e+03
9.220000000000000000e+02 1.455000000000000000e+03
1.073000000000000000e+03 1.698000000000000000e+03
1.023000000000000000e+03 1.744000000000000000e+03
9.040000000000000000e+02 1.822000000000000000e+03
1.156000000000000000e+03 1.619000000000000000e+03
1.002000000000000000e+03 1.111000000000000000e+03
9.420000000000000000e+02 1.216000000000000000e+03
9.570000000000000000e+02 1.821000000000000000e+03
1.249000000000000000e+03 1.415000000000000000e+03
9.340000000000000000e+02 1.561000000000000000e+03
9.420000000000000000e+02 1.578000000000000000e+03
9.470000000000000000e+02 1.600000000000000000e+03
9.500000000000000000e+02 1.626000000000000000e+03
9.500000000000000000e+02 1.669000000000000000e+03
9.970000000000000000e+02 1.542000000000000000e+03
1.006000000000000000e+03 1.537000000000000000e+03
1.013000000000000000e+03 1.531000000000000000e+03
1.057000000000000000e+03 1.513000000000000000e+03
1.197000000000000000e+03 1.425000000000000000e+03
9.420000000000000000e+02 1.168000000000000000e+03
9.680000000000000000e+02 1.083000000000000000e+03
9.880000000000000000e+02 1.092000000000000000e+03
9.880000000000000000e+02 1.548000000000000000e+03
1.181000000000000000e+03 1.525000000000000000e+03
9.370000000000000000e+02 1.078000000000000000e+03
9.610000000000000000e+02 1.706000000000000000e+03
9.170000000000000000e+02 1.194000000000000000e+03
9.660000000000000000e+02 1.286000000000000000e+03
8.990000000000000000e+02 1.734000000000000000e+03
1.053000000000000000e+03 1.614000000000000000e+03
1.037000000000000000e+03 1.392000000000000000e+03
1.010000000000000000e+03 1.666000000000000000e+03
1.124000000000000000e+03 1.390000000000000000e+03
1.069000000000000000e+03 1.435000000000000000e+03
1.147000000000000000e+03 1.456000000000000000e+03
9.050000000000000000e+02 1.783000000000000000e+03
9.870000000000000000e+02 1.307000000000000000e+03
1.074000000000000000e+03 1.650000000000000000e+03
1.023000000000000000e+03 1.702000000000000000e+03
1.092000000000000000e+03 1.559000000000000000e+03
1.218000000000000000e+03 1.472000000000000000e+03
1.132000000000000000e+03 1.570000000000000000e+03
1.219000000000000000e+03 1.503000000000000000e+03
1.094000000000000000e+03 1.485000000000000000e+03
9.630000000000000000e+02 1.243000000000000000e+03
9.630000000000000000e+02 1.382000000000000000e+03
9.860000000000000000e+02 1.386000000000000000e+03
9.490000000000000000e+02 1.355000000000000000e+03
1.008000000000000000e+03 1.035000000000000000e+03
1.079000000000000000e+03 1.001000000000000000e+03
1.137000000000000000e+03 9.960000000000000000e+02
1.182000000000000000e+03 1.007000000000000000e+03
1.208000000000000000e+03 1.030000000000000000e+03
1.208000000000000000e+03 1.117000000000000000e+03
1.283000000000000000e+03 1.230000000000000000e+03
1.175000000000000000e+03 1.188000000000000000e+03
1.136000000000000000e+03 1.201000000000000000e+03
1.084000000000000000e+03 1.199000000000000000e+03
1.036000000000000000e+03 1.186000000000000000e+03
9.990000000000000000e+02 1.170000000000000000e+03
9.750000000000000000e+02 1.156000000000000000e+03
1.272000000000000000e+03 1.220000000000000000e+03
9.840000000000000000e+02 1.394000000000000000e+03
9.420000000000000000e+02 1.259000000000000000e+03
9.360000000000000000e+02 1.388000000000000000e+03
9.130000000000000000e+02 1.406000000000000000e+03
9.350000000000000000e+02 1.393000000000000000e+03
9.730000000000000000e+02 1.403000000000000000e+03
9.050000000000000000e+02 1.411000000000000000e+03
8.990000000000000000e+02 1.417000000000000000e+03
9.750000000000000000e+02 1.124000000000000000e+03
9.570000000000000000e+02 1.132000000000000000e+03
9.460000000000000000e+02 1.140000000000000000e+03
1.167000000000000000e+03 1.108000000000000000e+03
1.196000000000000000e+03 1.078000000000000000e+03
6.550000000000000000e+02 1.062000000000000000e+03
6.970000000000000000e+02 1.065000000000000000e+03
6.580000000000000000e+02 1.020000000000000000e+03
6.110000000000000000e+02 1.058000000000000000e+03
6.510000000000000000e+02 1.103000000000000000e+03
1.087000000000000000e+03 1.110000000000000000e+03
1.130000000000000000e+03 1.113000000000000000e+03
1.089000000000000000e+03 1.071000000000000000e+03
1.045000000000000000e+03 1.108000000000000000e+03
1.086000000000000000e+03 1.150000000000000000e+03
0.000000000000000000e+00 0.000000000000000000e+00
1.749000000000000000e+03 0.000000000000000000e+00
1.749000000000000000e+03 2.187000000000000000e+03
0.000000000000000000e+00 2.187000000000000000e+03
8.700000000000000000e+01 0.000000000000000000e+00
8.700000000000000000e+01 2.187000000000000000e+03
0.000000000000000000e+00 1.090000000000000000e+02
1.749000000000000000e+03 1.090000000000000000e+02
1.750000000000000000e+02 0.000000000000000000e+00
1.750000000000000000e+02 2.187000000000000000e+03
0.000000000000000000e+00 2.180000000000000000e+02
1.749000000000000000e+03 2.180000000000000000e+02
2.620000000000000000e+02 0.000000000000000000e+00
2.620000000000000000e+02 2.187000000000000000e+03
0.000000000000000000e+00 3.280000000000000000e+02
1.749000000000000000e+03 3.280000000000000000e+02
3.500000000000000000e+02 0.000000000000000000e+00
3.500000000000000000e+02 2.187000000000000000e+03
0.000000000000000000e+00 4.370000000000000000e+02
1.749000000000000000e+03 4.370000000000000000e+02
4.370000000000000000e+02 0.000000000000000000e+00
4.370000000000000000e+02 2.187000000000000000e+03
0.000000000000000000e+00 5.470000000000000000e+02
1.749000000000000000e+03 5.470000000000000000e+02
5.250000000000000000e+02 0.000000000000000000e+00
5.250000000000000000e+02 2.187000000000000000e+03
0.000000000000000000e+00 6.560000000000000000e+02
1.749000000000000000e+03 6.560000000000000000e+02
6.120000000000000000e+02 0.000000000000000000e+00
6.120000000000000000e+02 2.187000000000000000e+03
0.000000000000000000e+00 7.650000000000000000e+02
1.749000000000000000e+03 7.650000000000000000e+02
7.000000000000000000e+02 0.000000000000000000e+00
7.000000000000000000e+02 2.187000000000000000e+03
0.000000000000000000e+00 8.750000000000000000e+02
1.749000000000000000e+03 8.750000000000000000e+02
7.870000000000000000e+02 0.000000000000000000e+00
7.870000000000000000e+02 2.187000000000000000e+03
0.000000000000000000e+00 9.840000000000000000e+02
1.749000000000000000e+03 9.840000000000000000e+02
8.750000000000000000e+02 0.000000000000000000e+00
8.750000000000000000e+02 2.187000000000000000e+03
0.000000000000000000e+00 1.094000000000000000e+03
1.749000000000000000e+03 1.094000000000000000e+03
9.620000000000000000e+02 0.000000000000000000e+00
9.620000000000000000e+02 2.187000000000000000e+03
0.000000000000000000e+00 1.203000000000000000e+03
1.749000000000000000e+03 1.203000000000000000e+03
1.050000000000000000e+03 0.000000000000000000e+00
1.050000000000000000e+03 2.187000000000000000e+03
0.000000000000000000e+00 1.312000000000000000e+03
1.749000000000000000e+03 1.312000000000000000e+03
1.137000000000000000e+03 0.000000000000000000e+00
1.137000000000000000e+03 2.187000000000000000e+03
0.000000000000000000e+00 1.422000000000000000e+03
1.749000000000000000e+03 1.422000000000000000e+03
1.225000000000000000e+03 0.000000000000000000e+00
1.225000000000000000e+03 2.187000000000000000e+03
0.000000000000000000e+00 1.531000000000000000e+03
1.749000000000000000e+03 1.531000000000000000e+03
1.312000000000000000e+03 0.000000000000000000e+00
1.312000000000000000e+03 2.187000000000000000e+03
0.000000000000000000e+00 1.641000000000000000e+03
1.749000000000000000e+03 1.641000000000000000e+03
1.400000000000000000e+03 0.000000000000000000e+00
1.400000000000000000e+03 2.187000000000000000e+03
0.000000000000000000e+00 1.750000000000000000e+03
1.749000000000000000e+03 1.750000000000000000e+03
1.487000000000000000e+03 0.000000000000000000e+00
1.487000000000000000e+03 2.187000000000000000e+03
0.000000000000000000e+00 1.859000000000000000e+03
1.749000000000000000e+03 1.859000000000000000e+03
1.575000000000000000e+03 0.000000000000000000e+00
1.575000000000000000e+03 2.187000000000000000e+03
0.000000000000000000e+00 1.969000000000000000e+03
1.749000000000000000e+03 1.969000000000000000e+03
1.662000000000000000e+03 0.000000000000000000e+00
1.662000000000000000e+03 2.187000000000000000e+03
0.000000000000000000e+00 2.078000000000000000e+03
1.749000000000000000e+03 2.078000000000000000e+03
