8.700000000000000000e+02 1.529000000000000000e+03
8.750000000000000000e+02 1.372000000000000000e+03
8.720000000000000000e+02 1.412000000000000000e+03
8.350000000000000000e+02 1.187000000000000000e+03
8.750000000000000000e+02 1.318000000000000000e+03
8.750000000000000000e+02 1.243000000000000000e+03
8.760000000000000000e+02 1.057000000000000000e+03
5.350000000000000000e+02 1.038000000000000000e+03
8.770000000000000000e+02 9.130000000000000000e+02
8.780000000000000000e+02 8.380000000000000000e+02
8.810000000000000000e+02 5.710000000000000000e+02
8.700000000000000000e+02 1.552000000000000000e+03
8.690000000000000000e+02 1.575000000000000000e+03
8.690000000000000000e+02 1.590000000000000000e+03
8.680000000000000000e+02 1.591000000000000000e+03
8.680000000000000000e+02 1.622000000000000000e+03
8.680000000000000000e+02 1.658000000000000000e+03
8.670000000000000000e+02 1.693000000000000000e+03
8.680000000000000000e+02 1.713000000000000000e+03
8.740000000000000000e+02 1.396000000000000000e+03
8.300000000000000000e+02 1.389000000000000000e+03
3.230000000000000000e+02 8.030000000000000000e+02
6.720000000000000000e+02 1.082000000000000000e+03
6.210000000000000000e+02 1.087000000000000000e+03
5.720000000000000000e+02 1.083000000000000000e+03
5.110000000000000000e+02 1.055000000000000000e+03
7.180000000000000000e+02 1.069000000000000000e+03
5.960000000000000000e+02 9.330000000000000000e+02
6.560000000000000000e+02 9.380000000000000000e+02
5.420000000000000000e+02 9.440000000000000000e+02
5.080000000000000000e+02 9.660000000000000000e+02
4.650000000000000000e+02 1.083000000000000000e+03
6.980000000000000000e+02 1.779000000000000000e+03
5.170000000000000000e+02 1.026000000000000000e+03
3.130000000000000000e+02 1.036000000000000000e+03
4.100000000000000000e+02 1.043000000000000000e+03
6.370000000000000000e+02 1.300000000000000000e+03
8.150000000000000000e+02 1.518000000000000000e+03
8.190000000000000000e+02 1.573000000000000000e+03
7.590000000000000000e+02 1.535000000000000000e+03
7.200000000000000000e+02 1.553000000000000000e+03
7.760000000000000000e+02 1.574000000000000000e+03
7.400000000000000000e+02 1.576000000000000000e+03
6.650000000000000000e+02 1.614000000000000000e+03
8.360000000000000000e+02 1.369000000000000000e+03
8.300000000000000000e+02 1.317000000000000000e+03
4.340000000000000000e+02 9.160000000000000000e+02
7.340000000000000000e+02 1.169000000000000000e+03
7.310000000000000000e+02 1.341000000000000000e+03
7.290000000000000000e+02 1.311000000000000000e+03
4.900000000000000000e+02 1.288000000000000000e+03
8.330000000000000000e+02 1.248000000000000000e+03
5.520000000000000000e+02 8.630000000000000000e+02
4.820000000000000000e+02 8.800000000000000000e+02
3.720000000000000000e+02 7.110000000000000000e+02
7.750000000000000000e+02 9.110000000000000000e+02
7.080000000000000000e+02 9.590000000000000000e+02
6.310000000000000000e+02 1.566000000000000000e+03
3.930000000000000000e+02 1.518000000000000000e+03
7.660000000000000000e+02 1.371000000000000000e+03
8.010000000000000000e+02 1.387000000000000000e+03
6.730000000000000000e+02 1.581000000000000000e+03
6.840000000000000000e+02 1.581000000000000000e+03
4.550000000000000000e+02 8.430000000000000000e+02
7.300000000000000000e+02 1.361000000000000000e+03
6.480000000000000000e+02 8.690000000000000000e+02
6.390000000000000000e+02 8.240000000000000000e+02
5.820000000000000000e+02 5.930000000000000000e+02
4.110000000000000000e+02 7.710000000000000000e+02
6.130000000000000000e+02 7.010000000000000000e+02
4.060000000000000000e+02 8.870000000000000000e+02
3.600000000000000000e+02 8.440000000000000000e+02
8.160000000000000000e+02 1.548000000000000000e+03
7.670000000000000000e+02 1.556000000000000000e+03
7.300000000000000000e+02 1.565000000000000000e+03
7.760000000000000000e+02 1.379000000000000000e+03
6.780000000000000000e+02 1.581000000000000000e+03
6.990000000000000000e+02 1.598000000000000000e+03
6.900000000000000000e+02 1.582000000000000000e+03
7.870000000000000000e+02 1.361000000000000000e+03
7.480000000000000000e+02 1.584000000000000000e+03
7.830000000000000000e+02 1.586000000000000000e+03
8.230000000000000000e+02 1.588000000000000000e+03
8.080000000000000000e+02 1.709000000000000000e+03
8.060000000000000000e+02 1.688000000000000000e+03
8.100000000000000000e+02 1.653000000000000000e+03
8.160000000000000000e+02 1.616000000000000000e+03
8.220000000000000000e+02 1.589000000000000000e+03
7.470000000000000000e+02 1.585000000000000000e+03
7.360000000000000000e+02 1.598000000000000000e+03
7.230000000000000000e+02 1.616000000000000000e+03
7.130000000000000000e+02 1.635000000000000000e+03
6.810000000000000000e+02 1.486000000000000000e+03
3.260000000000000000e+02 1.257000000000000000e+03
8.730000000000000000e+02 1.404000000000000000e+03
7.210000000000000000e+02 1.583000000000000000e+03
7.100000000000000000e+02 1.590000000000000000e+03
8.150000000000000000e+02 1.407000000000000000e+03
7.450000000000000000e+02 1.388000000000000000e+03
8.090000000000000000e+02 1.397000000000000000e+03
6.830000000000000000e+02 1.198000000000000000e+03
6.020000000000000000e+02 1.232000000000000000e+03
7.210000000000000000e+02 1.332000000000000000e+03
4.540000000000000000e+02 6.380000000000000000e+02
4.910000000000000000e+02 7.200000000000000000e+02
5.350000000000000000e+02 8.190000000000000000e+02
7.000000000000000000e+02 1.651000000000000000e+03
7.590000000000000000e+02 8.390000000000000000e+02
7.380000000000000000e+02 7.010000000000000000e+02
7.200000000000000000e+02 5.730000000000000000e+02
5.330000000000000000e+02 1.073000000000000000e+03
4.100000000000000000e+02 1.116000000000000000e+03
7.480000000000000000e+02 1.056000000000000000e+03
4.590000000000000000e+02 9.850000000000000000e+02
7.680000000000000000e+02 1.136000000000000000e+03
7.580000000000000000e+02 1.327000000000000000e+03
3.640000000000000000e+02 1.146000000000000000e+03
4.410000000000000000e+02 1.155000000000000000e+03
5.020000000000000000e+02 1.176000000000000000e+03
6.000000000000000000e+02 1.172000000000000000e+03
6.740000000000000000e+02 1.153000000000000000e+03
7.290000000000000000e+02 1.130000000000000000e+03
8.310000000000000000e+02 1.069000000000000000e+03
3.790000000000000000e+02 1.259000000000000000e+03
4.190000000000000000e+02 9.740000000000000000e+02
8.500000000000000000e+02 1.393000000000000000e+03
7.410000000000000000e+02 1.224000000000000000e+03
2.960000000000000000e+02 1.022000000000000000e+03
7.690000000000000000e+02 1.103000000000000000e+03
7.160000000000000000e+02 1.331000000000000000e+03
4.920000000000000000e+02 1.026000000000000000e+03
7.570000000000000000e+02 1.290000000000000000e+03
3.530000000000000000e+02 1.385000000000000000e+03
7.500000000000000000e+02 1.037000000000000000e+03
7.930000000000000000e+02 1.263000000000000000e+03
4.980000000000000000e+02 1.655000000000000000e+03
5.000000000000000000e+02 1.706000000000000000e+03
3.350000000000000000e+02 1.261000000000000000e+03
4.400000000000000000e+02 1.583000000000000000e+03
3.330000000000000000e+02 9.320000000000000000e+02
6.880000000000000000e+02 1.826000000000000000e+03
8.540000000000000000e+02 1.401000000000000000e+03
6.970000000000000000e+02 1.260000000000000000e+03
3.700000000000000000e+02 1.049000000000000000e+03
5.810000000000000000e+02 1.054000000000000000e+03
6.230000000000000000e+02 1.057000000000000000e+03
6.890000000000000000e+02 1.606000000000000000e+03
3.950000000000000000e+02 1.363000000000000000e+03
7.710000000000000000e+02 1.892000000000000000e+03
6.310000000000000000e+02 1.822000000000000000e+03
5.710000000000000000e+02 1.775000000000000000e+03
8.790000000000000000e+02 7.060000000000000000e+02
8.680000000000000000e+02 1.901000000000000000e+03
6.660000000000000000e+02 1.053000000000000000e+03
7.080000000000000000e+02 1.045000000000000000e+03
7.360000000000000000e+02 1.041000000000000000e+03
3.850000000000000000e+02 9.570000000000000000e+02
7.020000000000000000e+02 1.003000000000000000e+03
6.550000000000000000e+02 9.910000000000000000e+02
6.110000000000000000e+02 9.910000000000000000e+02
5.690000000000000000e+02 1.000000000000000000e+03
5.430000000000000000e+02 1.011000000000000000e+03
2.990000000000000000e+02 9.010000000000000000e+02
5.530000000000000000e+02 1.046000000000000000e+03
8.720000000000000000e+02 1.448000000000000000e+03
7.270000000000000000e+02 1.461000000000000000e+03
7.660000000000000000e+02 1.365000000000000000e+03
8.100000000000000000e+02 1.449000000000000000e+03
8.770000000000000000e+02 9.840000000000000000e+02
5.610000000000000000e+02 1.722000000000000000e+03
6.220000000000000000e+02 1.775000000000000000e+03
7.690000000000000000e+02 1.863000000000000000e+03
4.440000000000000000e+02 1.626000000000000000e+03
7.350000000000000000e+02 1.023000000000000000e+03
8.000000000000000000e+02 1.156000000000000000e+03
8.690000000000000000e+02 1.872000000000000000e+03
6.960000000000000000e+02 1.864000000000000000e+03
3.590000000000000000e+02 1.376000000000000000e+03
7.820000000000000000e+02 1.587000000000000000e+03
7.710000000000000000e+02 1.608000000000000000e+03
7.610000000000000000e+02 1.636000000000000000e+03
7.530000000000000000e+02 1.667000000000000000e+03
7.480000000000000000e+02 1.685000000000000000e+03
7.110000000000000000e+02 1.579000000000000000e+03
7.000000000000000000e+02 1.573000000000000000e+03
6.920000000000000000e+02 1.567000000000000000e+03
6.470000000000000000e+02 1.522000000000000000e+03
4.590000000000000000e+02 1.397000000000000000e+03
8.000000000000000000e+02 1.098000000000000000e+03
7.810000000000000000e+02 9.960000000000000000e+02
7.530000000000000000e+02 1.002000000000000000e+03
7.210000000000000000e+02 1.583000000000000000e+03
4.580000000000000000e+02 1.516000000000000000e+03
8.190000000000000000e+02 9.960000000000000000e+02
7.210000000000000000e+02 1.730000000000000000e+03
8.760000000000000000e+02 1.180000000000000000e+03
8.320000000000000000e+02 1.131000000000000000e+03
8.760000000000000000e+02 1.121000000000000000e+03
7.690000000000000000e+02 1.240000000000000000e+03
8.690000000000000000e+02 1.825000000000000000e+03
8.680000000000000000e+02 1.765000000000000000e+03
7.920000000000000000e+02 1.760000000000000000e+03
6.170000000000000000e+02 1.633000000000000000e+03
6.750000000000000000e+02 1.370000000000000000e+03
6.650000000000000000e+02 1.688000000000000000e+03
5.610000000000000000e+02 1.359000000000000000e+03
6.300000000000000000e+02 1.420000000000000000e+03
5.240000000000000000e+02 1.439000000000000000e+03
7.760000000000000000e+02 1.818000000000000000e+03
7.430000000000000000e+02 1.267000000000000000e+03
5.760000000000000000e+02 1.670000000000000000e+03
6.370000000000000000e+02 1.727000000000000000e+03
5.800000000000000000e+02 1.571000000000000000e+03
4.120000000000000000e+02 1.450000000000000000e+03
5.190000000000000000e+02 1.576000000000000000e+03
3.890000000000000000e+02 1.483000000000000000e+03
5.940000000000000000e+02 1.483000000000000000e+03
7.710000000000000000e+02 1.189000000000000000e+03
7.720000000000000000e+02 1.352000000000000000e+03
7.460000000000000000e+02 1.360000000000000000e+03
7.910000000000000000e+02 1.321000000000000000e+03
7.390000000000000000e+02 9.470000000000000000e+02
6.530000000000000000e+02 9.130000000000000000e+02
5.780000000000000000e+02 9.080000000000000000e+02
5.170000000000000000e+02 9.200000000000000000e+02
4.760000000000000000e+02 9.450000000000000000e+02
4.560000000000000000e+02 1.035000000000000000e+03
3.170000000000000000e+02 1.147000000000000000e+03
4.910000000000000000e+02 1.107000000000000000e+03
5.410000000000000000e+02 1.123000000000000000e+03
6.090000000000000000e+02 1.125000000000000000e+03
6.750000000000000000e+02 1.114000000000000000e+03
7.260000000000000000e+02 1.097000000000000000e+03
7.610000000000000000e+02 1.081000000000000000e+03
3.080000000000000000e+02 1.138000000000000000e+03
7.460000000000000000e+02 1.371000000000000000e+03
8.000000000000000000e+02 1.209000000000000000e+03
8.030000000000000000e+02 1.359000000000000000e+03
8.270000000000000000e+02 1.382000000000000000e+03
8.040000000000000000e+02 1.366000000000000000e+03
7.590000000000000000e+02 1.384000000000000000e+03
8.360000000000000000e+02 1.389000000000000000e+03
8.400000000000000000e+02 1.397000000000000000e+03
7.660000000000000000e+02 1.039000000000000000e+03
7.880000000000000000e+02 1.052000000000000000e+03
7.990000000000000000e+02 1.063000000000000000e+03
5.290000000000000000e+02 1.019000000000000000e+03
4.880000000000000000e+02 9.910000000000000000e+02
9.160000000000000000e+02 1.187000000000000000e+03
1.213000000000000000e+03 1.039000000000000000e+03
9.170000000000000000e+02 1.389000000000000000e+03
1.417000000000000000e+03 8.070000000000000000e+02
1.082000000000000000e+03 1.083000000000000000e+03
1.130000000000000000e+03 1.086000000000000000e+03
1.177000000000000000e+03 1.083000000000000000e+03
1.236000000000000000e+03 1.059000000000000000e+03
1.039000000000000000e+03 1.074000000000000000e+03
1.155000000000000000e+03 9.270000000000000000e+02
1.098000000000000000e+03 9.340000000000000000e+02
1.207000000000000000e+03 9.380000000000000000e+02
1.240000000000000000e+03 9.620000000000000000e+02
1.280000000000000000e+03 1.088000000000000000e+03
1.039000000000000000e+03 1.779000000000000000e+03
1.230000000000000000e+03 1.029000000000000000e+03
1.426000000000000000e+03 1.040000000000000000e+03
1.335000000000000000e+03 1.051000000000000000e+03
1.108000000000000000e+03 1.302000000000000000e+03
9.260000000000000000e+02 1.519000000000000000e+03
9.190000000000000000e+02 1.573000000000000000e+03
9.800000000000000000e+02 1.535000000000000000e+03
1.016000000000000000e+03 1.553000000000000000e+03
9.620000000000000000e+02 1.574000000000000000e+03
9.960000000000000000e+02 1.576000000000000000e+03
1.071000000000000000e+03 1.614000000000000000e+03
9.130000000000000000e+02 1.369000000000000000e+03
9.200000000000000000e+02 1.317000000000000000e+03
1.316000000000000000e+03 9.070000000000000000e+02
1.014000000000000000e+03 1.170000000000000000e+03
1.016000000000000000e+03 1.342000000000000000e+03
1.019000000000000000e+03 1.312000000000000000e+03
1.254000000000000000e+03 1.292000000000000000e+03
9.180000000000000000e+02 1.248000000000000000e+03
1.201000000000000000e+03 8.460000000000000000e+02
1.270000000000000000e+03 8.640000000000000000e+02
1.375000000000000000e+03 7.150000000000000000e+02
9.800000000000000000e+02 9.120000000000000000e+02
1.048000000000000000e+03 9.610000000000000000e+02
1.106000000000000000e+03 1.566000000000000000e+03
1.343000000000000000e+03 1.520000000000000000e+03
9.810000000000000000e+02 1.372000000000000000e+03
9.450000000000000000e+02 1.387000000000000000e+03
1.062000000000000000e+03 1.580000000000000000e+03
1.050000000000000000e+03 1.581000000000000000e+03
1.297000000000000000e+03 8.250000000000000000e+02
1.017000000000000000e+03 1.362000000000000000e+03
1.106000000000000000e+03 8.590000000000000000e+02
1.114000000000000000e+03 8.110000000000000000e+02
1.176000000000000000e+03 5.970000000000000000e+02
1.339000000000000000e+03 7.740000000000000000e+02
1.144000000000000000e+03 7.030000000000000000e+02
1.344000000000000000e+03 8.800000000000000000e+02
1.384000000000000000e+03 8.480000000000000000e+02
9.230000000000000000e+02 1.548000000000000000e+03
9.710000000000000000e+02 1.556000000000000000e+03
1.007000000000000000e+03 1.565000000000000000e+03
9.700000000000000000e+02 1.380000000000000000e+03
1.056000000000000000e+03 1.581000000000000000e+03
1.035000000000000000e+03 1.597000000000000000e+03
1.044000000000000000e+03 1.582000000000000000e+03
9.610000000000000000e+02 1.361000000000000000e+03
9.880000000000000000e+02 1.584000000000000000e+03
9.540000000000000000e+02 1.585000000000000000e+03
9.140000000000000000e+02 1.588000000000000000e+03
9.290000000000000000e+02 1.710000000000000000e+03
9.280000000000000000e+02 1.688000000000000000e+03
9.250000000000000000e+02 1.652000000000000000e+03
9.200000000000000000e+02 1.616000000000000000e+03
9.140000000000000000e+02 1.588000000000000000e+03
9.880000000000000000e+02 1.584000000000000000e+03
9.990000000000000000e+02 1.597000000000000000e+03
1.010000000000000000e+03 1.614000000000000000e+03
1.020000000000000000e+03 1.633000000000000000e+03
1.059000000000000000e+03 1.487000000000000000e+03
1.407000000000000000e+03 1.262000000000000000e+03
1.014000000000000000e+03 1.583000000000000000e+03
1.024000000000000000e+03 1.589000000000000000e+03
9.300000000000000000e+02 1.407000000000000000e+03
1.000000000000000000e+03 1.389000000000000000e+03
9.370000000000000000e+02 1.398000000000000000e+03
1.064000000000000000e+03 1.199000000000000000e+03
1.144000000000000000e+03 1.234000000000000000e+03
1.026000000000000000e+03 1.333000000000000000e+03
1.299000000000000000e+03 6.430000000000000000e+02
1.263000000000000000e+03 7.230000000000000000e+02
1.218000000000000000e+03 7.980000000000000000e+02
1.036000000000000000e+03 1.651000000000000000e+03
9.970000000000000000e+02 8.350000000000000000e+02
1.020000000000000000e+03 7.030000000000000000e+02
1.041000000000000000e+03 5.750000000000000000e+02
1.214000000000000000e+03 1.075000000000000000e+03
1.333000000000000000e+03 1.123000000000000000e+03
1.011000000000000000e+03 1.064000000000000000e+03
1.288000000000000000e+03 9.850000000000000000e+02
9.820000000000000000e+02 1.136000000000000000e+03
9.900000000000000000e+02 1.328000000000000000e+03
1.379000000000000000e+03 1.150000000000000000e+03
1.302000000000000000e+03 1.158000000000000000e+03
1.242000000000000000e+03 1.177000000000000000e+03
1.148000000000000000e+03 1.174000000000000000e+03
1.077000000000000000e+03 1.156000000000000000e+03
1.024000000000000000e+03 1.134000000000000000e+03
9.220000000000000000e+02 1.069000000000000000e+03
1.363000000000000000e+03 1.263000000000000000e+03
1.327000000000000000e+03 9.750000000000000000e+02
8.980000000000000000e+02 1.393000000000000000e+03
1.007000000000000000e+03 1.225000000000000000e+03
1.438000000000000000e+03 1.026000000000000000e+03
9.840000000000000000e+02 1.106000000000000000e+03
1.029000000000000000e+03 1.332000000000000000e+03
1.255000000000000000e+03 1.030000000000000000e+03
9.910000000000000000e+02 1.291000000000000000e+03
1.382000000000000000e+03 1.388000000000000000e+03
1.009000000000000000e+03 1.046000000000000000e+03
9.560000000000000000e+02 1.264000000000000000e+03
1.241000000000000000e+03 1.656000000000000000e+03
1.237000000000000000e+03 1.705000000000000000e+03
1.404000000000000000e+03 1.265000000000000000e+03
1.299000000000000000e+03 1.585000000000000000e+03
1.407000000000000000e+03 9.360000000000000000e+02
1.049000000000000000e+03 1.826000000000000000e+03
8.920000000000000000e+02 1.401000000000000000e+03
1.050000000000000000e+03 1.262000000000000000e+03
1.376000000000000000e+03 1.060000000000000000e+03
1.169000000000000000e+03 1.051000000000000000e+03
1.130000000000000000e+03 1.054000000000000000e+03
1.044000000000000000e+03 1.605000000000000000e+03
1.347000000000000000e+03 1.367000000000000000e+03
9.640000000000000000e+02 1.891000000000000000e+03
1.104000000000000000e+03 1.819000000000000000e+03
1.166000000000000000e+03 1.773000000000000000e+03
1.090000000000000000e+03 1.053000000000000000e+03
1.050000000000000000e+03 1.049000000000000000e+03
1.023000000000000000e+03 1.049000000000000000e+03
1.361000000000000000e+03 9.620000000000000000e+02
1.058000000000000000e+03 1.006000000000000000e+03
1.101000000000000000e+03 9.890000000000000000e+02
1.142000000000000000e+03 9.860000000000000000e+02
1.182000000000000000e+03 9.950000000000000000e+02
1.206000000000000000e+03 1.009000000000000000e+03
1.437000000000000000e+03 9.050000000000000000e+02
1.195000000000000000e+03 1.045000000000000000e+03
1.016000000000000000e+03 1.462000000000000000e+03
9.810000000000000000e+02 1.365000000000000000e+03
9.340000000000000000e+02 1.450000000000000000e+03
1.177000000000000000e+03 1.722000000000000000e+03
1.115000000000000000e+03 1.774000000000000000e+03
9.670000000000000000e+02 1.863000000000000000e+03
1.293000000000000000e+03 1.626000000000000000e+03
1.025000000000000000e+03 1.030000000000000000e+03
9.510000000000000000e+02 1.157000000000000000e+03
1.039000000000000000e+03 1.861000000000000000e+03
1.380000000000000000e+03 1.380000000000000000e+03
9.540000000000000000e+02 1.585000000000000000e+03
9.650000000000000000e+02 1.607000000000000000e+03
9.740000000000000000e+02 1.634000000000000000e+03
9.800000000000000000e+02 1.665000000000000000e+03
9.890000000000000000e+02 1.685000000000000000e+03
1.024000000000000000e+03 1.578000000000000000e+03
1.034000000000000000e+03 1.573000000000000000e+03
1.043000000000000000e+03 1.567000000000000000e+03
1.091000000000000000e+03 1.523000000000000000e+03
1.284000000000000000e+03 1.400000000000000000e+03
9.510000000000000000e+02 1.099000000000000000e+03
9.780000000000000000e+02 1.001000000000000000e+03
1.005000000000000000e+03 1.008000000000000000e+03
1.014000000000000000e+03 1.583000000000000000e+03
1.283000000000000000e+03 1.519000000000000000e+03
9.360000000000000000e+02 9.980000000000000000e+02
1.016000000000000000e+03 1.730000000000000000e+03
9.190000000000000000e+02 1.131000000000000000e+03
9.790000000000000000e+02 1.241000000000000000e+03
9.440000000000000000e+02 1.760000000000000000e+03
1.119000000000000000e+03 1.634000000000000000e+03
1.069000000000000000e+03 1.372000000000000000e+03
1.072000000000000000e+03 1.688000000000000000e+03
1.183000000000000000e+03 1.362000000000000000e+03
1.112000000000000000e+03 1.422000000000000000e+03
1.218000000000000000e+03 1.442000000000000000e+03
9.600000000000000000e+02 1.817000000000000000e+03
1.005000000000000000e+03 1.268000000000000000e+03
1.162000000000000000e+03 1.670000000000000000e+03
1.101000000000000000e+03 1.727000000000000000e+03
1.158000000000000000e+03 1.573000000000000000e+03
1.329000000000000000e+03 1.454000000000000000e+03
1.220000000000000000e+03 1.577000000000000000e+03
1.350000000000000000e+03 1.486000000000000000e+03
1.146000000000000000e+03 1.485000000000000000e+03
9.780000000000000000e+02 1.190000000000000000e+03
9.760000000000000000e+02 1.352000000000000000e+03
1.002000000000000000e+03 1.360000000000000000e+03
9.580000000000000000e+02 1.321000000000000000e+03
1.017000000000000000e+03 9.490000000000000000e+02
1.100000000000000000e+03 9.070000000000000000e+02
1.174000000000000000e+03 8.970000000000000000e+02
1.233000000000000000e+03 9.100000000000000000e+02
1.272000000000000000e+03 9.390000000000000000e+02
1.290000000000000000e+03 1.040000000000000000e+03
1.421000000000000000e+03 1.152000000000000000e+03
1.254000000000000000e+03 1.111000000000000000e+03
1.205000000000000000e+03 1.124000000000000000e+03
1.140000000000000000e+03 1.127000000000000000e+03
1.078000000000000000e+03 1.117000000000000000e+03
1.028000000000000000e+03 1.103000000000000000e+03
9.950000000000000000e+02 1.086000000000000000e+03
1.425000000000000000e+03 1.143000000000000000e+03
1.000000000000000000e+03 1.371000000000000000e+03
9.500000000000000000e+02 1.209000000000000000e+03
9.450000000000000000e+02 1.359000000000000000e+03
9.210000000000000000e+02 1.382000000000000000e+03
9.440000000000000000e+02 1.366000000000000000e+03
9.870000000000000000e+02 1.385000000000000000e+03
9.120000000000000000e+02 1.389000000000000000e+03
9.060000000000000000e+02 1.397000000000000000e+03
9.930000000000000000e+02 1.047000000000000000e+03
9.700000000000000000e+02 1.057000000000000000e+03
9.560000000000000000e+02 1.065000000000000000e+03
1.220000000000000000e+03 1.020000000000000000e+03
1.259000000000000000e+03 9.910000000000000000e+02
6.250000000000000000e+02 1.022000000000000000e+03
6.810000000000000000e+02 1.022000000000000000e+03
6.240000000000000000e+02 9.730000000000000000e+02
5.690000000000000000e+02 1.022000000000000000e+03
6.260000000000000000e+02 1.071000000000000000e+03
1.128000000000000000e+03 1.021000000000000000e+03
1.180000000000000000e+03 1.020000000000000000e+03
1.128000000000000000e+03 9.720000000000000000e+02
1.076000000000000000e+03 1.021000000000000000e+03
1.128000000000000000e+03 1.069000000000000000e+03
0.000000000000000000e+00 0.000000000000000000e+00
1.749000000000000000e+03 0.000000000000000000e+00
1.749000000000000000e+03 2.187000000000000000e+03
0.000000000000000000e+00 2.187000000000000000e+03
8.700000000000000000e+01 0.000000000000000000e+00
8.700000000000000000e+01 2.187000000000000000e+03
0.000000000000000000e+00 1.090000000000000000e+02
1.749000000000000000e+03 1.090000000000000000e+02
1.750000000000000000e+02 0.000000000000000000e+00
1.750000000000000000e+02 2.187000000000000000e+03
0.000000000000000000e+00 2.180000000000000000e+02
1.749000000000000000e+03 2.180000000000000000e+02
2.620000000000000000e+02 0.000000000000000000e+00
2.620000000000000000e+02 2.187000000000000000e+03
0.000000000000000000e+00 3.280000000000000000e+02
1.749000000000000000e+03 3.280000000000000000e+02
3.500000000000000000e+02 0.000000000000000000e+00
3.500000000000000000e+02 2.187000000000000000e+03
0.000000000000000000e+00 4.370000000000000000e+02
1.749000000000000000e+03 4.370000000000000000e+02
4.370000000000000000e+02 0.000000000000000000e+00
4.370000000000000000e+02 2.187000000000000000e+03
0.000000000000000000e+00 5.470000000000000000e+02
1.749000000000000000e+03 5.470000000000000000e+02
5.250000000000000000e+02 0.000000000000000000e+00
5.250000000000000000e+02 2.187000000000000000e+03
0.000000000000000000e+00 6.560000000000000000e+02
1.749000000000000000e+03 6.560000000000000000e+02
6.120000000000000000e+02 0.000000000000000000e+00
6.120000000000000000e+02 2.187000000000000000e+03
0.000000000000000000e+00 7.650000000000000000e+02
1.749000000000000000e+03 7.650000000000000000e+02
7.000000000000000000e+02 0.000000000000000000e+00
7.000000000000000000e+02 2.187000000000000000e+03
0.000000000000000000e+00 8.750000000000000000e+02
1.749000000000000000e+03 8.750000000000000000e+02
7.870000000000000000e+02 0.000000000000000000e+00
7.870000000000000000e+02 2.187000000000000000e+03
0.000000000000000000e+00 9.840000000000000000e+02
1.749000000000000000e+03 9.840000000000000000e+02
8.750000000000000000e+02 0.000000000000000000e+00
8.750000000000000000e+02 2.187000000000000000e+03
0.000000000000000000e+00 1.094000000000000000e+03
1.749000000000000000e+03 1.094000000000000000e+03
9.620000000000000000e+02 0.000000000000000000e+00
9.620000000000000000e+02 2.187000000000000000e+03
0.000000000000000000e+00 1.203000000000000000e+03
1.749000000000000000e+03 1.203000000000000000e+03
1.050000000000000000e+03 0.000000000000000000e+00
1.050000000000000000e+03 2.187000000000000000e+03
0.000000000000000000e+00 1.312000000000000000e+03
1.749000000000000000e+03 1.312000000000000000e+03
1.137000000000000000e+03 0.000000000000000000e+00
1.137000000000000000e+03 2.187000000000000000e+03
0.000000000000000000e+00 1.422000000000000000e+03
1.749000000000000000e+03 1.422000000000000000e+03
1.225000000000000000e+03 0.000000000000000000e+00
1.225000000000000000e+03 2.187000000000000000e+03
0.000000000000000000e+00 1.531000000000000000e+03
1.749000000000000000e+03 1.531000000000000000e+03
1.312000000000000000e+03 0.000000000000000000e+00
1.312000000000000000e+03 2.187000000000000000e+03
0.000000000000000000e+00 1.641000000000000000e+03
1.749000000000000000e+03 1.641000000000000000e+03
1.400000000000000000e+03 0.000000000000000000e+00
1.400000000000000000e+03 2.187000000000000000e+03
0.000000000000000000e+00 1.750000000000000000e+03
1.749000000000000000e+03 1.750000000000000000e+03
1.487000000000000000e+03 0.000000000000000000e+00
1.487000000000000000e+03 2.187000000000000000e+03
0.000000000000000000e+00 1.859000000000000000e+03
1.749000000000000000e+03 1.859000000000000000e+03
1.575000000000000000e+03 0.000000000000000000e+00
1.575000000000000000e+03 2.187000000000000000e+03
0.000000000000000000e+00 1.969000000000000000e+03
1.749000000000000000e+03 1.969000000000000000e+03
1.662000000000000000e+03 0.000000000000000000e+00
1.662000000000000000e+03 2.187000000000000000e+03
0.000000000000000000e+00 2.078000000000000000e+03
1.749000000000000000e+03 2.078000000000000000e+03
