8.670000000000000000e+02 1.413000000000000000e+03
8.560000000000000000e+02 1.292000000000000000e+03
8.560000000000000000e+02 1.322000000000000000e+03
8.280000000000000000e+02 1.165000000000000000e+03
8.560000000000000000e+02 1.254000000000000000e+03
8.570000000000000000e+02 1.203000000000000000e+03
8.570000000000000000e+02 1.077000000000000000e+03
6.120000000000000000e+02 1.050000000000000000e+03
8.570000000000000000e+02 9.810000000000000000e+02
8.570000000000000000e+02 9.300000000000000000e+02
8.580000000000000000e+02 7.370000000000000000e+02
8.670000000000000000e+02 1.424000000000000000e+03
8.660000000000000000e+02 1.434000000000000000e+03
8.650000000000000000e+02 1.441000000000000000e+03
8.650000000000000000e+02 1.441000000000000000e+03
8.650000000000000000e+02 1.453000000000000000e+03
8.650000000000000000e+02 1.469000000000000000e+03
8.650000000000000000e+02 1.486000000000000000e+03
8.550000000000000000e+02 1.530000000000000000e+03
8.560000000000000000e+02 1.310000000000000000e+03
8.250000000000000000e+02 1.306000000000000000e+03
4.770000000000000000e+02 8.990000000000000000e+02
7.100000000000000000e+02 1.090000000000000000e+03
6.740000000000000000e+02 1.092000000000000000e+03
6.400000000000000000e+02 1.089000000000000000e+03
5.980000000000000000e+02 1.064000000000000000e+03
7.410000000000000000e+02 1.083000000000000000e+03
6.580000000000000000e+02 9.770000000000000000e+02
7.000000000000000000e+02 9.840000000000000000e+02
6.210000000000000000e+02 9.830000000000000000e+02
5.970000000000000000e+02 9.980000000000000000e+02
5.680000000000000000e+02 1.089000000000000000e+03
7.260000000000000000e+02 1.582000000000000000e+03
6.000000000000000000e+02 1.037000000000000000e+03
4.620000000000000000e+02 1.063000000000000000e+03
5.300000000000000000e+02 1.062000000000000000e+03
6.820000000000000000e+02 1.247000000000000000e+03
8.270000000000000000e+02 1.408000000000000000e+03
8.290000000000000000e+02 1.434000000000000000e+03
7.880000000000000000e+02 1.419000000000000000e+03
7.590000000000000000e+02 1.429000000000000000e+03
7.970000000000000000e+02 1.435000000000000000e+03
7.700000000000000000e+02 1.438000000000000000e+03
7.010000000000000000e+02 1.468000000000000000e+03
8.280000000000000000e+02 1.291000000000000000e+03
8.240000000000000000e+02 1.254000000000000000e+03
5.490000000000000000e+02 9.730000000000000000e+02
7.530000000000000000e+02 1.155000000000000000e+03
7.530000000000000000e+02 1.275000000000000000e+03
7.510000000000000000e+02 1.254000000000000000e+03
5.740000000000000000e+02 1.240000000000000000e+03
8.260000000000000000e+02 1.206000000000000000e+03
6.300000000000000000e+02 9.380000000000000000e+02
5.820000000000000000e+02 9.480000000000000000e+02
5.110000000000000000e+02 8.360000000000000000e+02
7.850000000000000000e+02 9.790000000000000000e+02
7.360000000000000000e+02 1.003000000000000000e+03
6.750000000000000000e+02 1.434000000000000000e+03
5.020000000000000000e+02 1.406000000000000000e+03
7.790000000000000000e+02 1.296000000000000000e+03
8.050000000000000000e+02 1.306000000000000000e+03
7.200000000000000000e+02 1.444000000000000000e+03
7.270000000000000000e+02 1.444000000000000000e+03
5.650000000000000000e+02 9.250000000000000000e+02
7.520000000000000000e+02 1.289000000000000000e+03
6.970000000000000000e+02 9.460000000000000000e+02
6.900000000000000000e+02 9.170000000000000000e+02
6.530000000000000000e+02 7.540000000000000000e+02
5.370000000000000000e+02 8.760000000000000000e+02
6.750000000000000000e+02 8.300000000000000000e+02
5.300000000000000000e+02 9.560000000000000000e+02
5.010000000000000000e+02 9.260000000000000000e+02
8.280000000000000000e+02 1.422000000000000000e+03
7.920000000000000000e+02 1.428000000000000000e+03
7.640000000000000000e+02 1.434000000000000000e+03
7.870000000000000000e+02 1.302000000000000000e+03
7.240000000000000000e+02 1.444000000000000000e+03
7.410000000000000000e+02 1.450000000000000000e+03
7.310000000000000000e+02 1.444000000000000000e+03
7.930000000000000000e+02 1.287000000000000000e+03
7.740000000000000000e+02 1.442000000000000000e+03
8.000000000000000000e+02 1.440000000000000000e+03
8.310000000000000000e+02 1.440000000000000000e+03
8.100000000000000000e+02 1.529000000000000000e+03
8.240000000000000000e+02 1.484000000000000000e+03
8.260000000000000000e+02 1.467000000000000000e+03
8.280000000000000000e+02 1.452000000000000000e+03
8.300000000000000000e+02 1.440000000000000000e+03
7.730000000000000000e+02 1.442000000000000000e+03
7.680000000000000000e+02 1.447000000000000000e+03
7.620000000000000000e+02 1.455000000000000000e+03
7.580000000000000000e+02 1.465000000000000000e+03
7.140000000000000000e+02 1.377000000000000000e+03
4.630000000000000000e+02 1.220000000000000000e+03
8.560000000000000000e+02 1.316000000000000000e+03
7.530000000000000000e+02 1.443000000000000000e+03
7.470000000000000000e+02 1.446000000000000000e+03
8.150000000000000000e+02 1.320000000000000000e+03
7.630000000000000000e+02 1.309000000000000000e+03
8.100000000000000000e+02 1.313000000000000000e+03
7.160000000000000000e+02 1.175000000000000000e+03
6.560000000000000000e+02 1.199000000000000000e+03
7.450000000000000000e+02 1.269000000000000000e+03
5.670000000000000000e+02 7.860000000000000000e+02
5.920000000000000000e+02 8.420000000000000000e+02
6.190000000000000000e+02 9.090000000000000000e+02
7.290000000000000000e+02 1.493000000000000000e+03
7.730000000000000000e+02 9.310000000000000000e+02
7.600000000000000000e+02 8.300000000000000000e+02
7.460000000000000000e+02 7.400000000000000000e+02
6.130000000000000000e+02 1.080000000000000000e+03
5.300000000000000000e+02 1.116000000000000000e+03
7.610000000000000000e+02 1.075000000000000000e+03
5.650000000000000000e+02 1.016000000000000000e+03
7.780000000000000000e+02 1.132000000000000000e+03
7.720000000000000000e+02 1.264000000000000000e+03
4.890000000000000000e+02 1.139000000000000000e+03
5.510000000000000000e+02 1.145000000000000000e+03
5.950000000000000000e+02 1.161000000000000000e+03
6.630000000000000000e+02 1.157000000000000000e+03
7.130000000000000000e+02 1.143000000000000000e+03
7.510000000000000000e+02 1.127000000000000000e+03
8.240000000000000000e+02 1.085000000000000000e+03
4.950000000000000000e+02 1.219000000000000000e+03
5.380000000000000000e+02 1.012000000000000000e+03
8.390000000000000000e+02 1.308000000000000000e+03
7.580000000000000000e+02 1.193000000000000000e+03
4.520000000000000000e+02 1.054000000000000000e+03
7.790000000000000000e+02 1.108000000000000000e+03
7.410000000000000000e+02 1.269000000000000000e+03
5.860000000000000000e+02 1.040000000000000000e+03
7.710000000000000000e+02 1.238000000000000000e+03
4.780000000000000000e+02 1.311000000000000000e+03
7.620000000000000000e+02 1.062000000000000000e+03
7.970000000000000000e+02 1.218000000000000000e+03
5.770000000000000000e+02 1.501000000000000000e+03
5.790000000000000000e+02 1.538000000000000000e+03
4.660000000000000000e+02 1.221000000000000000e+03
5.330000000000000000e+02 1.450000000000000000e+03
4.800000000000000000e+02 9.890000000000000000e+02
7.210000000000000000e+02 1.614000000000000000e+03
8.430000000000000000e+02 1.314000000000000000e+03
7.260000000000000000e+02 1.219000000000000000e+03
5.020000000000000000e+02 1.068000000000000000e+03
6.440000000000000000e+02 1.066000000000000000e+03
6.740000000000000000e+02 1.070000000000000000e+03
7.360000000000000000e+02 1.454000000000000000e+03
5.040000000000000000e+02 1.293000000000000000e+03
7.840000000000000000e+02 1.657000000000000000e+03
6.810000000000000000e+02 1.613000000000000000e+03
6.340000000000000000e+02 1.584000000000000000e+03
8.570000000000000000e+02 8.320000000000000000e+02
8.540000000000000000e+02 1.662000000000000000e+03
7.040000000000000000e+02 1.069000000000000000e+03
7.330000000000000000e+02 1.065000000000000000e+03
7.520000000000000000e+02 1.064000000000000000e+03
5.140000000000000000e+02 1.005000000000000000e+03
7.280000000000000000e+02 1.029000000000000000e+03
6.970000000000000000e+02 1.014000000000000000e+03
6.660000000000000000e+02 1.010000000000000000e+03
6.350000000000000000e+02 1.015000000000000000e+03
6.170000000000000000e+02 1.024000000000000000e+03
4.590000000000000000e+02 9.690000000000000000e+02
6.250000000000000000e+02 1.058000000000000000e+03
8.560000000000000000e+02 1.348000000000000000e+03
7.490000000000000000e+02 1.359000000000000000e+03
7.790000000000000000e+02 1.291000000000000000e+03
8.110000000000000000e+02 1.350000000000000000e+03
8.570000000000000000e+02 1.027000000000000000e+03
6.260000000000000000e+02 1.546000000000000000e+03
6.720000000000000000e+02 1.580000000000000000e+03
7.810000000000000000e+02 1.638000000000000000e+03
5.380000000000000000e+02 1.482000000000000000e+03
7.510000000000000000e+02 1.049000000000000000e+03
8.020000000000000000e+02 1.145000000000000000e+03
8.540000000000000000e+02 1.643000000000000000e+03
7.290000000000000000e+02 1.639000000000000000e+03
4.790000000000000000e+02 1.303000000000000000e+03
8.000000000000000000e+02 1.440000000000000000e+03
7.950000000000000000e+02 1.450000000000000000e+03
7.910000000000000000e+02 1.462000000000000000e+03
7.880000000000000000e+02 1.477000000000000000e+03
7.650000000000000000e+02 1.514000000000000000e+03
7.470000000000000000e+02 1.441000000000000000e+03
7.410000000000000000e+02 1.439000000000000000e+03
7.370000000000000000e+02 1.437000000000000000e+03
6.880000000000000000e+02 1.403000000000000000e+03
5.490000000000000000e+02 1.317000000000000000e+03
8.010000000000000000e+02 1.106000000000000000e+03
7.870000000000000000e+02 1.035000000000000000e+03
7.660000000000000000e+02 1.037000000000000000e+03
7.530000000000000000e+02 1.443000000000000000e+03
5.470000000000000000e+02 1.402000000000000000e+03
8.150000000000000000e+02 1.036000000000000000e+03
7.430000000000000000e+02 1.548000000000000000e+03
8.570000000000000000e+02 1.160000000000000000e+03
8.250000000000000000e+02 1.128000000000000000e+03
8.570000000000000000e+02 1.120000000000000000e+03
7.790000000000000000e+02 1.204000000000000000e+03
8.540000000000000000e+02 1.612000000000000000e+03
8.540000000000000000e+02 1.569000000000000000e+03
7.970000000000000000e+02 1.567000000000000000e+03
6.670000000000000000e+02 1.483000000000000000e+03
7.100000000000000000e+02 1.297000000000000000e+03
7.020000000000000000e+02 1.521000000000000000e+03
6.250000000000000000e+02 1.289000000000000000e+03
6.760000000000000000e+02 1.331000000000000000e+03
5.970000000000000000e+02 1.346000000000000000e+03
7.850000000000000000e+02 1.607000000000000000e+03
7.600000000000000000e+02 1.224000000000000000e+03
6.370000000000000000e+02 1.509000000000000000e+03
6.810000000000000000e+02 1.548000000000000000e+03
6.390000000000000000e+02 1.439000000000000000e+03
5.140000000000000000e+02 1.356000000000000000e+03
5.940000000000000000e+02 1.444000000000000000e+03
4.980000000000000000e+02 1.380000000000000000e+03
6.490000000000000000e+02 1.376000000000000000e+03
7.810000000000000000e+02 1.169000000000000000e+03
7.830000000000000000e+02 1.281000000000000000e+03
7.640000000000000000e+02 1.287000000000000000e+03
7.960000000000000000e+02 1.258000000000000000e+03
7.590000000000000000e+02 1.000000000000000000e+03
7.000000000000000000e+02 9.710000000000000000e+02
6.470000000000000000e+02 9.640000000000000000e+02
6.050000000000000000e+02 9.710000000000000000e+02
5.770000000000000000e+02 9.880000000000000000e+02
5.620000000000000000e+02 1.051000000000000000e+03
4.590000000000000000e+02 1.141000000000000000e+03
5.860000000000000000e+02 1.107000000000000000e+03
6.210000000000000000e+02 1.120000000000000000e+03
6.680000000000000000e+02 1.121000000000000000e+03
7.130000000000000000e+02 1.114000000000000000e+03
7.480000000000000000e+02 1.103000000000000000e+03
7.720000000000000000e+02 1.093000000000000000e+03
4.550000000000000000e+02 1.136000000000000000e+03
7.650000000000000000e+02 1.296000000000000000e+03
8.010000000000000000e+02 1.181000000000000000e+03
8.040000000000000000e+02 1.285000000000000000e+03
8.220000000000000000e+02 1.301000000000000000e+03
8.050000000000000000e+02 1.290000000000000000e+03
7.740000000000000000e+02 1.305000000000000000e+03
8.280000000000000000e+02 1.305000000000000000e+03
8.320000000000000000e+02 1.312000000000000000e+03
7.740000000000000000e+02 1.064000000000000000e+03
7.910000000000000000e+02 1.073000000000000000e+03
8.000000000000000000e+02 1.081000000000000000e+03
6.080000000000000000e+02 1.031000000000000000e+03
5.840000000000000000e+02 1.016000000000000000e+03
8.860000000000000000e+02 1.165000000000000000e+03
1.104000000000000000e+03 1.050000000000000000e+03
8.880000000000000000e+02 1.306000000000000000e+03
1.233000000000000000e+03 9.010000000000000000e+02
1.007000000000000000e+03 1.089000000000000000e+03
1.041000000000000000e+03 1.092000000000000000e+03
1.074000000000000000e+03 1.089000000000000000e+03
1.118000000000000000e+03 1.063000000000000000e+03
9.780000000000000000e+02 1.081000000000000000e+03
1.054000000000000000e+03 9.750000000000000000e+02
1.014000000000000000e+03 9.810000000000000000e+02
1.092000000000000000e+03 9.810000000000000000e+02
1.116000000000000000e+03 9.960000000000000000e+02
1.146000000000000000e+03 1.088000000000000000e+03
9.800000000000000000e+02 1.582000000000000000e+03
1.117000000000000000e+03 1.036000000000000000e+03
1.250000000000000000e+03 1.066000000000000000e+03
1.184000000000000000e+03 1.060000000000000000e+03
1.030000000000000000e+03 1.247000000000000000e+03
9.050000000000000000e+02 1.405000000000000000e+03
9.000000000000000000e+02 1.432000000000000000e+03
9.390000000000000000e+02 1.413000000000000000e+03
9.620000000000000000e+02 1.421000000000000000e+03
9.280000000000000000e+02 1.431000000000000000e+03
9.500000000000000000e+02 1.432000000000000000e+03
1.008000000000000000e+03 1.466000000000000000e+03
8.840000000000000000e+02 1.291000000000000000e+03
8.890000000000000000e+02 1.254000000000000000e+03
1.158000000000000000e+03 9.720000000000000000e+02
9.590000000000000000e+02 1.155000000000000000e+03
9.590000000000000000e+02 1.274000000000000000e+03
9.620000000000000000e+02 1.253000000000000000e+03
1.137000000000000000e+03 1.240000000000000000e+03
8.870000000000000000e+02 1.206000000000000000e+03
1.073000000000000000e+03 9.380000000000000000e+02
1.123000000000000000e+03 9.480000000000000000e+02
1.201000000000000000e+03 8.380000000000000000e+02
9.250000000000000000e+02 9.790000000000000000e+02
9.800000000000000000e+02 1.000000000000000000e+03
1.035000000000000000e+03 1.432000000000000000e+03
1.203000000000000000e+03 1.406000000000000000e+03
9.330000000000000000e+02 1.295000000000000000e+03
9.070000000000000000e+02 1.306000000000000000e+03
9.920000000000000000e+02 1.434000000000000000e+03
9.850000000000000000e+02 1.434000000000000000e+03
1.140000000000000000e+03 9.240000000000000000e+02
9.600000000000000000e+02 1.288000000000000000e+03
1.008000000000000000e+03 9.460000000000000000e+02
1.012000000000000000e+03 9.170000000000000000e+02
1.063000000000000000e+03 7.560000000000000000e+02
1.177000000000000000e+03 8.790000000000000000e+02
1.040000000000000000e+03 8.320000000000000000e+02
1.178000000000000000e+03 9.550000000000000000e+02
1.212000000000000000e+03 9.290000000000000000e+02
9.030000000000000000e+02 1.420000000000000000e+03
9.330000000000000000e+02 1.423000000000000000e+03
9.560000000000000000e+02 1.427000000000000000e+03
9.250000000000000000e+02 1.301000000000000000e+03
9.880000000000000000e+02 1.434000000000000000e+03
9.730000000000000000e+02 1.442000000000000000e+03
9.810000000000000000e+02 1.435000000000000000e+03
9.200000000000000000e+02 1.287000000000000000e+03
9.450000000000000000e+02 1.435000000000000000e+03
9.220000000000000000e+02 1.436000000000000000e+03
8.960000000000000000e+02 1.438000000000000000e+03
9.000000000000000000e+02 1.529000000000000000e+03
9.020000000000000000e+02 1.482000000000000000e+03
9.020000000000000000e+02 1.465000000000000000e+03
9.000000000000000000e+02 1.450000000000000000e+03
8.960000000000000000e+02 1.438000000000000000e+03
9.450000000000000000e+02 1.436000000000000000e+03
9.510000000000000000e+02 1.442000000000000000e+03
9.570000000000000000e+02 1.449000000000000000e+03
9.610000000000000000e+02 1.459000000000000000e+03
9.970000000000000000e+02 1.375000000000000000e+03
1.244000000000000000e+03 1.222000000000000000e+03
9.610000000000000000e+02 1.436000000000000000e+03
9.680000000000000000e+02 1.438000000000000000e+03
8.970000000000000000e+02 1.320000000000000000e+03
9.480000000000000000e+02 1.308000000000000000e+03
9.020000000000000000e+02 1.313000000000000000e+03
9.960000000000000000e+02 1.175000000000000000e+03
1.055000000000000000e+03 1.199000000000000000e+03
9.670000000000000000e+02 1.268000000000000000e+03
1.147000000000000000e+03 7.880000000000000000e+02
1.122000000000000000e+03 8.450000000000000000e+02
1.083000000000000000e+03 9.090000000000000000e+02
9.800000000000000000e+02 1.491000000000000000e+03
9.330000000000000000e+02 9.310000000000000000e+02
9.550000000000000000e+02 8.310000000000000000e+02
9.690000000000000000e+02 7.400000000000000000e+02
1.102000000000000000e+03 1.080000000000000000e+03
1.184000000000000000e+03 1.115000000000000000e+03
9.580000000000000000e+02 1.074000000000000000e+03
1.148000000000000000e+03 1.015000000000000000e+03
9.350000000000000000e+02 1.131000000000000000e+03
9.400000000000000000e+02 1.264000000000000000e+03
1.222000000000000000e+03 1.142000000000000000e+03
1.159000000000000000e+03 1.144000000000000000e+03
1.114000000000000000e+03 1.161000000000000000e+03
1.048000000000000000e+03 1.155000000000000000e+03
1.000000000000000000e+03 1.140000000000000000e+03
9.650000000000000000e+02 1.124000000000000000e+03
8.900000000000000000e+02 1.085000000000000000e+03
1.214000000000000000e+03 1.221000000000000000e+03
1.174000000000000000e+03 1.012000000000000000e+03
8.730000000000000000e+02 1.308000000000000000e+03
9.540000000000000000e+02 1.193000000000000000e+03
1.257000000000000000e+03 1.056000000000000000e+03
9.380000000000000000e+02 1.106000000000000000e+03
9.710000000000000000e+02 1.269000000000000000e+03
1.131000000000000000e+03 1.038000000000000000e+03
9.420000000000000000e+02 1.238000000000000000e+03
1.229000000000000000e+03 1.313000000000000000e+03
9.570000000000000000e+02 1.061000000000000000e+03
9.160000000000000000e+02 1.218000000000000000e+03
1.128000000000000000e+03 1.500000000000000000e+03
1.125000000000000000e+03 1.536000000000000000e+03
1.243000000000000000e+03 1.223000000000000000e+03
1.173000000000000000e+03 1.451000000000000000e+03
1.232000000000000000e+03 9.920000000000000000e+02
9.850000000000000000e+02 1.613000000000000000e+03
8.700000000000000000e+02 1.314000000000000000e+03
9.860000000000000000e+02 1.219000000000000000e+03
1.215000000000000000e+03 1.065000000000000000e+03
1.070000000000000000e+03 1.068000000000000000e+03
1.041000000000000000e+03 1.071000000000000000e+03
9.780000000000000000e+02 1.447000000000000000e+03
1.205000000000000000e+03 1.295000000000000000e+03
9.230000000000000000e+02 1.656000000000000000e+03
1.024000000000000000e+03 1.611000000000000000e+03
1.071000000000000000e+03 1.582000000000000000e+03
1.012000000000000000e+03 1.069000000000000000e+03
9.850000000000000000e+02 1.065000000000000000e+03
9.660000000000000000e+02 1.063000000000000000e+03
1.199000000000000000e+03 1.002000000000000000e+03
9.890000000000000000e+02 1.025000000000000000e+03
1.019000000000000000e+03 1.009000000000000000e+03
1.050000000000000000e+03 1.004000000000000000e+03
1.081000000000000000e+03 1.010000000000000000e+03
1.099000000000000000e+03 1.020000000000000000e+03
1.250000000000000000e+03 9.710000000000000000e+02
1.090000000000000000e+03 1.060000000000000000e+03
9.640000000000000000e+02 1.357000000000000000e+03
9.340000000000000000e+02 1.291000000000000000e+03
9.010000000000000000e+02 1.349000000000000000e+03
1.079000000000000000e+03 1.546000000000000000e+03
1.033000000000000000e+03 1.580000000000000000e+03
9.250000000000000000e+02 1.638000000000000000e+03
1.168000000000000000e+03 1.481000000000000000e+03
9.670000000000000000e+02 1.047000000000000000e+03
9.120000000000000000e+02 1.145000000000000000e+03
9.760000000000000000e+02 1.637000000000000000e+03
1.228000000000000000e+03 1.305000000000000000e+03
9.230000000000000000e+02 1.437000000000000000e+03
9.280000000000000000e+02 1.446000000000000000e+03
9.320000000000000000e+02 1.458000000000000000e+03
9.350000000000000000e+02 1.473000000000000000e+03
9.440000000000000000e+02 1.513000000000000000e+03
9.680000000000000000e+02 1.433000000000000000e+03
9.740000000000000000e+02 1.430000000000000000e+03
9.790000000000000000e+02 1.428000000000000000e+03
1.022000000000000000e+03 1.401000000000000000e+03
1.161000000000000000e+03 1.318000000000000000e+03
9.120000000000000000e+02 1.106000000000000000e+03
9.310000000000000000e+02 1.033000000000000000e+03
9.530000000000000000e+02 1.035000000000000000e+03
9.620000000000000000e+02 1.435000000000000000e+03
1.160000000000000000e+03 1.402000000000000000e+03
9.000000000000000000e+02 1.035000000000000000e+03
9.650000000000000000e+02 1.548000000000000000e+03
8.880000000000000000e+02 1.128000000000000000e+03
9.340000000000000000e+02 1.204000000000000000e+03
9.110000000000000000e+02 1.567000000000000000e+03
1.041000000000000000e+03 1.482000000000000000e+03
1.001000000000000000e+03 1.296000000000000000e+03
1.006000000000000000e+03 1.520000000000000000e+03
1.086000000000000000e+03 1.289000000000000000e+03
1.035000000000000000e+03 1.331000000000000000e+03
1.113000000000000000e+03 1.346000000000000000e+03
9.220000000000000000e+02 1.608000000000000000e+03
9.520000000000000000e+02 1.223000000000000000e+03
1.070000000000000000e+03 1.509000000000000000e+03
1.025000000000000000e+03 1.547000000000000000e+03
1.070000000000000000e+03 1.438000000000000000e+03
1.194000000000000000e+03 1.356000000000000000e+03
1.114000000000000000e+03 1.443000000000000000e+03
1.209000000000000000e+03 1.381000000000000000e+03
1.061000000000000000e+03 1.375000000000000000e+03
9.320000000000000000e+02 1.169000000000000000e+03
9.300000000000000000e+02 1.281000000000000000e+03
9.480000000000000000e+02 1.287000000000000000e+03
9.170000000000000000e+02 1.258000000000000000e+03
9.560000000000000000e+02 9.990000000000000000e+02
1.010000000000000000e+03 9.710000000000000000e+02
1.061000000000000000e+03 9.630000000000000000e+02
1.103000000000000000e+03 9.700000000000000000e+02
1.133000000000000000e+03 9.860000000000000000e+02
1.153000000000000000e+03 1.050000000000000000e+03
1.251000000000000000e+03 1.144000000000000000e+03
1.127000000000000000e+03 1.106000000000000000e+03
1.091000000000000000e+03 1.120000000000000000e+03
1.045000000000000000e+03 1.120000000000000000e+03
1.003000000000000000e+03 1.112000000000000000e+03
9.700000000000000000e+02 1.101000000000000000e+03
9.470000000000000000e+02 1.091000000000000000e+03
1.253000000000000000e+03 1.138000000000000000e+03
9.470000000000000000e+02 1.295000000000000000e+03
9.120000000000000000e+02 1.181000000000000000e+03
9.080000000000000000e+02 1.285000000000000000e+03
8.910000000000000000e+02 1.301000000000000000e+03
9.080000000000000000e+02 1.290000000000000000e+03
9.380000000000000000e+02 1.304000000000000000e+03
8.840000000000000000e+02 1.305000000000000000e+03
8.800000000000000000e+02 1.311000000000000000e+03
9.450000000000000000e+02 1.063000000000000000e+03
9.280000000000000000e+02 1.071000000000000000e+03
9.160000000000000000e+02 1.079000000000000000e+03
1.109000000000000000e+03 1.029000000000000000e+03
1.130000000000000000e+03 1.014000000000000000e+03
6.740000000000000000e+02 1.039000000000000000e+03
7.100000000000000000e+02 1.039000000000000000e+03
6.740000000000000000e+02 1.006000000000000000e+03
6.370000000000000000e+02 1.039000000000000000e+03
6.730000000000000000e+02 1.073000000000000000e+03
1.044000000000000000e+03 1.036000000000000000e+03
1.081000000000000000e+03 1.036000000000000000e+03
1.043000000000000000e+03 9.990000000000000000e+02
1.007000000000000000e+03 1.036000000000000000e+03
1.046000000000000000e+03 1.073000000000000000e+03
0.000000000000000000e+00 0.000000000000000000e+00
1.749000000000000000e+03 0.000000000000000000e+00
1.749000000000000000e+03 2.187000000000000000e+03
0.000000000000000000e+00 2.187000000000000000e+03
8.700000000000000000e+01 0.000000000000000000e+00
8.700000000000000000e+01 2.187000000000000000e+03
0.000000000000000000e+00 1.090000000000000000e+02
1.749000000000000000e+03 1.090000000000000000e+02
1.750000000000000000e+02 0.000000000000000000e+00
1.750000000000000000e+02 2.187000000000000000e+03
0.000000000000000000e+00 2.180000000000000000e+02
1.749000000000000000e+03 2.180000000000000000e+02
2.620000000000000000e+02 0.000000000000000000e+00
2.620000000000000000e+02 2.187000000000000000e+03
0.000000000000000000e+00 3.280000000000000000e+02
1.749000000000000000e+03 3.280000000000000000e+02
3.500000000000000000e+02 0.000000000000000000e+00
3.500000000000000000e+02 2.187000000000000000e+03
0.000000000000000000e+00 4.370000000000000000e+02
1.749000000000000000e+03 4.370000000000000000e+02
4.370000000000000000e+02 0.000000000000000000e+00
4.370000000000000000e+02 2.187000000000000000e+03
0.000000000000000000e+00 5.470000000000000000e+02
1.749000000000000000e+03 5.470000000000000000e+02
5.250000000000000000e+02 0.000000000000000000e+00
5.250000000000000000e+02 2.187000000000000000e+03
0.000000000000000000e+00 6.560000000000000000e+02
1.749000000000000000e+03 6.560000000000000000e+02
6.120000000000000000e+02 0.000000000000000000e+00
6.120000000000000000e+02 2.187000000000000000e+03
0.000000000000000000e+00 7.650000000000000000e+02
1.749000000000000000e+03 7.650000000000000000e+02
7.000000000000000000e+02 0.000000000000000000e+00
7.000000000000000000e+02 2.187000000000000000e+03
0.000000000000000000e+00 8.750000000000000000e+02
1.749000000000000000e+03 8.750000000000000000e+02
7.870000000000000000e+02 0.000000000000000000e+00
7.870000000000000000e+02 2.187000000000000000e+03
0.000000000000000000e+00 9.840000000000000000e+02
1.749000000000000000e+03 9.840000000000000000e+02
8.750000000000000000e+02 0.000000000000000000e+00
8.750000000000000000e+02 2.187000000000000000e+03
0.000000000000000000e+00 1.094000000000000000e+03
1.749000000000000000e+03 1.094000000000000000e+03
9.620000000000000000e+02 0.000000000000000000e+00
9.620000000000000000e+02 2.187000000000000000e+03
0.000000000000000000e+00 1.203000000000000000e+03
1.749000000000000000e+03 1.203000000000000000e+03
1.050000000000000000e+03 0.000000000000000000e+00
1.050000000000000000e+03 2.187000000000000000e+03
0.000000000000000000e+00 1.312000000000000000e+03
1.749000000000000000e+03 1.312000000000000000e+03
1.137000000000000000e+03 0.000000000000000000e+00
1.137000000000000000e+03 2.187000000000000000e+03
0.000000000000000000e+00 1.422000000000000000e+03
1.749000000000000000e+03 1.422000000000000000e+03
1.225000000000000000e+03 0.000000000000000000e+00
1.225000000000000000e+03 2.187000000000000000e+03
0.000000000000000000e+00 1.531000000000000000e+03
1.749000000000000000e+03 1.531000000000000000e+03
1.312000000000000000e+03 0.000000000000000000e+00
1.312000000000000000e+03 2.187000000000000000e+03
0.000000000000000000e+00 1.641000000000000000e+03
1.749000000000000000e+03 1.641000000000000000e+03
1.400000000000000000e+03 0.000000000000000000e+00
1.400000000000000000e+03 2.187000000000000000e+03
0.000000000000000000e+00 1.750000000000000000e+03
1.749000000000000000e+03 1.750000000000000000e+03
1.487000000000000000e+03 0.000000000000000000e+00
1.487000000000000000e+03 2.187000000000000000e+03
0.000000000000000000e+00 1.859000000000000000e+03
1.749000000000000000e+03 1.859000000000000000e+03
1.575000000000000000e+03 0.000000000000000000e+00
1.575000000000000000e+03 2.187000000000000000e+03
0.000000000000000000e+00 1.969000000000000000e+03
1.749000000000000000e+03 1.969000000000000000e+03
1.662000000000000000e+03 0.000000000000000000e+00
1.662000000000000000e+03 2.187000000000000000e+03
0.000000000000000000e+00 2.078000000000000000e+03
1.749000000000000000e+03 2.078000000000000000e+03
