8.770000000000000000e+02 1.569000000000000000e+03
8.810000000000000000e+02 1.418000000000000000e+03
8.770000000000000000e+02 1.461000000000000000e+03
8.400000000000000000e+02 1.246000000000000000e+03
8.820000000000000000e+02 1.366000000000000000e+03
8.800000000000000000e+02 1.297000000000000000e+03
8.760000000000000000e+02 1.128000000000000000e+03
5.390000000000000000e+02 1.104000000000000000e+03
8.740000000000000000e+02 1.025000000000000000e+03
8.740000000000000000e+02 9.620000000000000000e+02
8.740000000000000000e+02 6.920000000000000000e+02
8.770000000000000000e+02 1.587000000000000000e+03
8.760000000000000000e+02 1.604000000000000000e+03
8.760000000000000000e+02 1.615000000000000000e+03
8.780000000000000000e+02 1.661000000000000000e+03
8.780000000000000000e+02 1.682000000000000000e+03
8.790000000000000000e+02 1.710000000000000000e+03
8.790000000000000000e+02 1.737000000000000000e+03
8.760000000000000000e+02 1.803000000000000000e+03
8.800000000000000000e+02 1.443000000000000000e+03
8.330000000000000000e+02 1.439000000000000000e+03
3.560000000000000000e+02 9.180000000000000000e+02
6.700000000000000000e+02 1.140000000000000000e+03
6.260000000000000000e+02 1.146000000000000000e+03
5.820000000000000000e+02 1.148000000000000000e+03
5.210000000000000000e+02 1.122000000000000000e+03
7.070000000000000000e+02 1.130000000000000000e+03
5.990000000000000000e+02 1.021000000000000000e+03
6.530000000000000000e+02 1.026000000000000000e+03
5.520000000000000000e+02 1.030000000000000000e+03
5.210000000000000000e+02 1.047000000000000000e+03
4.850000000000000000e+02 1.155000000000000000e+03
7.030000000000000000e+02 1.866000000000000000e+03
5.200000000000000000e+02 1.091000000000000000e+03
3.450000000000000000e+02 1.135000000000000000e+03
4.320000000000000000e+02 1.124000000000000000e+03
6.490000000000000000e+02 1.364000000000000000e+03
8.230000000000000000e+02 1.558000000000000000e+03
8.290000000000000000e+02 1.602000000000000000e+03
7.700000000000000000e+02 1.577000000000000000e+03
7.360000000000000000e+02 1.600000000000000000e+03
7.890000000000000000e+02 1.607000000000000000e+03
7.580000000000000000e+02 1.617000000000000000e+03
6.690000000000000000e+02 1.698000000000000000e+03
8.420000000000000000e+02 1.416000000000000000e+03
8.370000000000000000e+02 1.367000000000000000e+03
4.650000000000000000e+02 1.024000000000000000e+03
7.390000000000000000e+02 1.235000000000000000e+03
7.320000000000000000e+02 1.396000000000000000e+03
7.290000000000000000e+02 1.367000000000000000e+03
5.150000000000000000e+02 1.358000000000000000e+03
8.380000000000000000e+02 1.302000000000000000e+03
5.780000000000000000e+02 9.820000000000000000e+02
5.110000000000000000e+02 9.950000000000000000e+02
4.060000000000000000e+02 8.310000000000000000e+02
7.790000000000000000e+02 1.025000000000000000e+03
6.980000000000000000e+02 1.043000000000000000e+03
6.360000000000000000e+02 1.646000000000000000e+03
4.010000000000000000e+02 1.612000000000000000e+03
7.650000000000000000e+02 1.425000000000000000e+03
8.020000000000000000e+02 1.439000000000000000e+03
7.010000000000000000e+02 1.642000000000000000e+03
7.130000000000000000e+02 1.641000000000000000e+03
4.890000000000000000e+02 9.670000000000000000e+02
7.290000000000000000e+02 1.416000000000000000e+03
6.660000000000000000e+02 9.900000000000000000e+02
6.590000000000000000e+02 9.540000000000000000e+02
6.060000000000000000e+02 7.160000000000000000e+02
4.470000000000000000e+02 8.910000000000000000e+02
6.380000000000000000e+02 8.220000000000000000e+02
4.390000000000000000e+02 1.003000000000000000e+03
3.950000000000000000e+02 9.590000000000000000e+02
8.250000000000000000e+02 1.582000000000000000e+03
7.790000000000000000e+02 1.594000000000000000e+03
7.470000000000000000e+02 1.609000000000000000e+03
7.760000000000000000e+02 1.433000000000000000e+03
7.070000000000000000e+02 1.642000000000000000e+03
7.260000000000000000e+02 1.656000000000000000e+03
7.190000000000000000e+02 1.640000000000000000e+03
7.890000000000000000e+02 1.412000000000000000e+03
7.670000000000000000e+02 1.622000000000000000e+03
7.970000000000000000e+02 1.615000000000000000e+03
8.340000000000000000e+02 1.613000000000000000e+03
8.120000000000000000e+02 1.799000000000000000e+03
8.230000000000000000e+02 1.731000000000000000e+03
8.260000000000000000e+02 1.703000000000000000e+03
8.300000000000000000e+02 1.676000000000000000e+03
8.350000000000000000e+02 1.656000000000000000e+03
7.690000000000000000e+02 1.647000000000000000e+03
7.600000000000000000e+02 1.657000000000000000e+03
7.490000000000000000e+02 1.671000000000000000e+03
7.390000000000000000e+02 1.687000000000000000e+03
6.850000000000000000e+02 1.553000000000000000e+03
3.430000000000000000e+02 1.356000000000000000e+03
8.790000000000000000e+02 1.452000000000000000e+03
7.470000000000000000e+02 1.644000000000000000e+03
7.370000000000000000e+02 1.649000000000000000e+03
8.170000000000000000e+02 1.458000000000000000e+03
7.440000000000000000e+02 1.445000000000000000e+03
8.090000000000000000e+02 1.449000000000000000e+03
6.920000000000000000e+02 1.263000000000000000e+03
6.190000000000000000e+02 1.298000000000000000e+03
7.200000000000000000e+02 1.389000000000000000e+03
4.870000000000000000e+02 7.620000000000000000e+02
5.250000000000000000e+02 8.440000000000000000e+02
5.640000000000000000e+02 9.470000000000000000e+02
7.040000000000000000e+02 1.737000000000000000e+03
7.670000000000000000e+02 9.670000000000000000e+02
7.500000000000000000e+02 8.170000000000000000e+02
7.300000000000000000e+02 6.950000000000000000e+02
5.430000000000000000e+02 1.140000000000000000e+03
4.370000000000000000e+02 1.190000000000000000e+03
7.310000000000000000e+02 1.120000000000000000e+03
4.790000000000000000e+02 1.070000000000000000e+03
7.720000000000000000e+02 1.203000000000000000e+03
7.610000000000000000e+02 1.380000000000000000e+03
3.920000000000000000e+02 1.231000000000000000e+03
4.700000000000000000e+02 1.226000000000000000e+03
5.310000000000000000e+02 1.245000000000000000e+03
6.180000000000000000e+02 1.234000000000000000e+03
6.810000000000000000e+02 1.212000000000000000e+03
7.270000000000000000e+02 1.190000000000000000e+03
8.320000000000000000e+02 1.139000000000000000e+03
4.050000000000000000e+02 1.338000000000000000e+03
4.440000000000000000e+02 1.067000000000000000e+03
8.560000000000000000e+02 1.441000000000000000e+03
7.430000000000000000e+02 1.286000000000000000e+03
3.240000000000000000e+02 1.129000000000000000e+03
7.630000000000000000e+02 1.168000000000000000e+03
7.160000000000000000e+02 1.391000000000000000e+03
5.020000000000000000e+02 1.095000000000000000e+03
7.590000000000000000e+02 1.345000000000000000e+03
3.650000000000000000e+02 1.480000000000000000e+03
7.290000000000000000e+02 1.103000000000000000e+03
7.980000000000000000e+02 1.318000000000000000e+03
5.060000000000000000e+02 1.741000000000000000e+03
5.030000000000000000e+02 1.799000000000000000e+03
3.560000000000000000e+02 1.350000000000000000e+03
4.510000000000000000e+02 1.669000000000000000e+03
3.670000000000000000e+02 1.038000000000000000e+03
6.920000000000000000e+02 1.918000000000000000e+03
8.590000000000000000e+02 1.450000000000000000e+03
7.020000000000000000e+02 1.323000000000000000e+03
3.940000000000000000e+02 1.131000000000000000e+03
5.860000000000000000e+02 1.117000000000000000e+03
6.250000000000000000e+02 1.118000000000000000e+03
7.170000000000000000e+02 1.664000000000000000e+03
4.170000000000000000e+02 1.441000000000000000e+03
7.770000000000000000e+02 1.988000000000000000e+03
6.320000000000000000e+02 1.917000000000000000e+03
5.710000000000000000e+02 1.869000000000000000e+03
8.740000000000000000e+02 8.200000000000000000e+02
8.780000000000000000e+02 1.997000000000000000e+03
6.610000000000000000e+02 1.113000000000000000e+03
6.960000000000000000e+02 1.107000000000000000e+03
7.180000000000000000e+02 1.105000000000000000e+03
4.120000000000000000e+02 1.056000000000000000e+03
6.870000000000000000e+02 1.069000000000000000e+03
6.480000000000000000e+02 1.055000000000000000e+03
6.080000000000000000e+02 1.052000000000000000e+03
5.680000000000000000e+02 1.061000000000000000e+03
5.440000000000000000e+02 1.073000000000000000e+03
3.310000000000000000e+02 1.011000000000000000e+03
5.590000000000000000e+02 1.112000000000000000e+03
8.760000000000000000e+02 1.501000000000000000e+03
7.280000000000000000e+02 1.521000000000000000e+03
7.660000000000000000e+02 1.417000000000000000e+03
8.130000000000000000e+02 1.504000000000000000e+03
8.750000000000000000e+02 1.073000000000000000e+03
5.650000000000000000e+02 1.810000000000000000e+03
6.250000000000000000e+02 1.865000000000000000e+03
7.760000000000000000e+02 1.955000000000000000e+03
4.500000000000000000e+02 1.719000000000000000e+03
7.150000000000000000e+02 1.090000000000000000e+03
8.030000000000000000e+02 1.220000000000000000e+03
8.780000000000000000e+02 1.964000000000000000e+03
6.990000000000000000e+02 1.960000000000000000e+03
3.750000000000000000e+02 1.463000000000000000e+03
7.990000000000000000e+02 1.651000000000000000e+03
7.900000000000000000e+02 1.666000000000000000e+03
7.820000000000000000e+02 1.688000000000000000e+03
7.760000000000000000e+02 1.713000000000000000e+03
7.510000000000000000e+02 1.773000000000000000e+03
7.340000000000000000e+02 1.629000000000000000e+03
7.230000000000000000e+02 1.625000000000000000e+03
7.140000000000000000e+02 1.621000000000000000e+03
6.530000000000000000e+02 1.595000000000000000e+03
4.820000000000000000e+02 1.469000000000000000e+03
8.030000000000000000e+02 1.167000000000000000e+03
7.690000000000000000e+02 1.078000000000000000e+03
7.360000000000000000e+02 1.078000000000000000e+03
7.440000000000000000e+02 1.630000000000000000e+03
4.750000000000000000e+02 1.595000000000000000e+03
8.130000000000000000e+02 1.083000000000000000e+03
7.260000000000000000e+02 1.817000000000000000e+03
8.780000000000000000e+02 1.238000000000000000e+03
8.350000000000000000e+02 1.195000000000000000e+03
8.770000000000000000e+02 1.184000000000000000e+03
7.710000000000000000e+02 1.300000000000000000e+03
8.780000000000000000e+02 1.913000000000000000e+03
8.770000000000000000e+02 1.853000000000000000e+03
7.980000000000000000e+02 1.848000000000000000e+03
6.220000000000000000e+02 1.716000000000000000e+03
6.790000000000000000e+02 1.432000000000000000e+03
6.690000000000000000e+02 1.773000000000000000e+03
5.800000000000000000e+02 1.426000000000000000e+03
6.400000000000000000e+02 1.485000000000000000e+03
5.440000000000000000e+02 1.509000000000000000e+03
7.830000000000000000e+02 1.905000000000000000e+03
7.430000000000000000e+02 1.327000000000000000e+03
5.820000000000000000e+02 1.753000000000000000e+03
6.410000000000000000e+02 1.813000000000000000e+03
5.890000000000000000e+02 1.649000000000000000e+03
4.300000000000000000e+02 1.530000000000000000e+03
5.310000000000000000e+02 1.655000000000000000e+03
4.020000000000000000e+02 1.569000000000000000e+03
6.060000000000000000e+02 1.554000000000000000e+03
7.740000000000000000e+02 1.252000000000000000e+03
7.760000000000000000e+02 1.403000000000000000e+03
7.460000000000000000e+02 1.413000000000000000e+03
7.960000000000000000e+02 1.371000000000000000e+03
7.340000000000000000e+02 1.043000000000000000e+03
6.590000000000000000e+02 1.016000000000000000e+03
5.920000000000000000e+02 1.009000000000000000e+03
5.360000000000000000e+02 1.018000000000000000e+03
4.980000000000000000e+02 1.037000000000000000e+03
4.730000000000000000e+02 1.110000000000000000e+03
3.440000000000000000e+02 1.241000000000000000e+03
5.110000000000000000e+02 1.176000000000000000e+03
5.590000000000000000e+02 1.190000000000000000e+03
6.210000000000000000e+02 1.187000000000000000e+03
6.760000000000000000e+02 1.173000000000000000e+03
7.190000000000000000e+02 1.158000000000000000e+03
7.500000000000000000e+02 1.145000000000000000e+03
3.320000000000000000e+02 1.242000000000000000e+03
7.460000000000000000e+02 1.425000000000000000e+03
8.040000000000000000e+02 1.268000000000000000e+03
8.080000000000000000e+02 1.408000000000000000e+03
8.310000000000000000e+02 1.432000000000000000e+03
8.080000000000000000e+02 1.415000000000000000e+03
7.580000000000000000e+02 1.439000000000000000e+03
8.410000000000000000e+02 1.437000000000000000e+03
8.440000000000000000e+02 1.446000000000000000e+03
7.460000000000000000e+02 1.107000000000000000e+03
7.740000000000000000e+02 1.122000000000000000e+03
7.910000000000000000e+02 1.134000000000000000e+03
5.300000000000000000e+02 1.083000000000000000e+03
5.020000000000000000e+02 1.068000000000000000e+03
9.160000000000000000e+02 1.246000000000000000e+03
1.182000000000000000e+03 1.106000000000000000e+03
9.230000000000000000e+02 1.438000000000000000e+03
1.354000000000000000e+03 9.240000000000000000e+02
1.057000000000000000e+03 1.147000000000000000e+03
1.101000000000000000e+03 1.150000000000000000e+03
1.144000000000000000e+03 1.151000000000000000e+03
1.200000000000000000e+03 1.126000000000000000e+03
1.020000000000000000e+03 1.138000000000000000e+03
1.126000000000000000e+03 1.025000000000000000e+03
1.074000000000000000e+03 1.030000000000000000e+03
1.172000000000000000e+03 1.034000000000000000e+03
1.201000000000000000e+03 1.052000000000000000e+03
1.237000000000000000e+03 1.160000000000000000e+03
1.045000000000000000e+03 1.864000000000000000e+03
1.199000000000000000e+03 1.095000000000000000e+03
1.370000000000000000e+03 1.140000000000000000e+03
1.287000000000000000e+03 1.133000000000000000e+03
1.094000000000000000e+03 1.365000000000000000e+03
9.290000000000000000e+02 1.563000000000000000e+03
9.230000000000000000e+02 1.607000000000000000e+03
9.810000000000000000e+02 1.587000000000000000e+03
1.013000000000000000e+03 1.611000000000000000e+03
9.620000000000000000e+02 1.616000000000000000e+03
9.920000000000000000e+02 1.628000000000000000e+03
1.072000000000000000e+03 1.694000000000000000e+03
9.190000000000000000e+02 1.416000000000000000e+03
9.250000000000000000e+02 1.366000000000000000e+03
1.258000000000000000e+03 1.029000000000000000e+03
1.004000000000000000e+03 1.235000000000000000e+03
1.020000000000000000e+03 1.395000000000000000e+03
1.021000000000000000e+03 1.367000000000000000e+03
1.222000000000000000e+03 1.359000000000000000e+03
9.210000000000000000e+02 1.302000000000000000e+03
1.155000000000000000e+03 9.830000000000000000e+02
1.216000000000000000e+03 9.980000000000000000e+02
1.311000000000000000e+03 8.380000000000000000e+02
9.600000000000000000e+02 1.023000000000000000e+03
1.029000000000000000e+03 1.048000000000000000e+03
1.103000000000000000e+03 1.642000000000000000e+03
1.318000000000000000e+03 1.614000000000000000e+03
9.860000000000000000e+02 1.424000000000000000e+03
9.510000000000000000e+02 1.438000000000000000e+03
1.050000000000000000e+03 1.655000000000000000e+03
1.038000000000000000e+03 1.653000000000000000e+03
1.238000000000000000e+03 9.720000000000000000e+02
1.021000000000000000e+03 1.416000000000000000e+03
1.071000000000000000e+03 9.890000000000000000e+02
1.079000000000000000e+03 9.530000000000000000e+02
1.134000000000000000e+03 7.210000000000000000e+02
1.278000000000000000e+03 8.980000000000000000e+02
1.102000000000000000e+03 8.260000000000000000e+02
1.282000000000000000e+03 1.011000000000000000e+03
1.324000000000000000e+03 9.660000000000000000e+02
9.270000000000000000e+02 1.587000000000000000e+03
9.720000000000000000e+02 1.603000000000000000e+03
1.003000000000000000e+03 1.620000000000000000e+03
9.750000000000000000e+02 1.432000000000000000e+03
1.044000000000000000e+03 1.654000000000000000e+03
1.026000000000000000e+03 1.667000000000000000e+03
1.032000000000000000e+03 1.652000000000000000e+03
9.660000000000000000e+02 1.411000000000000000e+03
9.820000000000000000e+02 1.632000000000000000e+03
9.530000000000000000e+02 1.623000000000000000e+03
9.180000000000000000e+02 1.617000000000000000e+03
9.370000000000000000e+02 1.798000000000000000e+03
9.340000000000000000e+02 1.734000000000000000e+03
9.310000000000000000e+02 1.707000000000000000e+03
9.260000000000000000e+02 1.680000000000000000e+03
9.200000000000000000e+02 1.660000000000000000e+03
9.830000000000000000e+02 1.657000000000000000e+03
9.940000000000000000e+02 1.666000000000000000e+03
1.005000000000000000e+03 1.680000000000000000e+03
1.015000000000000000e+03 1.695000000000000000e+03
1.058000000000000000e+03 1.551000000000000000e+03
1.364000000000000000e+03 1.361000000000000000e+03
1.004000000000000000e+03 1.655000000000000000e+03
1.016000000000000000e+03 1.660000000000000000e+03
9.370000000000000000e+02 1.458000000000000000e+03
1.004000000000000000e+03 1.444000000000000000e+03
9.440000000000000000e+02 1.448000000000000000e+03
1.049000000000000000e+03 1.264000000000000000e+03
1.121000000000000000e+03 1.299000000000000000e+03
1.029000000000000000e+03 1.388000000000000000e+03
1.242000000000000000e+03 7.680000000000000000e+02
1.207000000000000000e+03 8.500000000000000000e+02
1.168000000000000000e+03 9.490000000000000000e+02
1.039000000000000000e+03 1.734000000000000000e+03
9.760000000000000000e+02 9.640000000000000000e+02
9.960000000000000000e+02 8.190000000000000000e+02
1.016000000000000000e+03 6.980000000000000000e+02
1.179000000000000000e+03 1.143000000000000000e+03
1.285000000000000000e+03 1.196000000000000000e+03
9.950000000000000000e+02 1.128000000000000000e+03
1.242000000000000000e+03 1.076000000000000000e+03
9.730000000000000000e+02 1.203000000000000000e+03
9.930000000000000000e+02 1.379000000000000000e+03
1.333000000000000000e+03 1.235000000000000000e+03
1.255000000000000000e+03 1.229000000000000000e+03
1.198000000000000000e+03 1.246000000000000000e+03
1.113000000000000000e+03 1.237000000000000000e+03
1.050000000000000000e+03 1.216000000000000000e+03
1.004000000000000000e+03 1.195000000000000000e+03
9.180000000000000000e+02 1.140000000000000000e+03
1.324000000000000000e+03 1.341000000000000000e+03
1.275000000000000000e+03 1.075000000000000000e+03
9.040000000000000000e+02 1.440000000000000000e+03
1.003000000000000000e+03 1.286000000000000000e+03
1.379000000000000000e+03 1.134000000000000000e+03
9.690000000000000000e+02 1.171000000000000000e+03
1.031000000000000000e+03 1.390000000000000000e+03
1.217000000000000000e+03 1.100000000000000000e+03
9.940000000000000000e+02 1.345000000000000000e+03
1.348000000000000000e+03 1.484000000000000000e+03
9.960000000000000000e+02 1.112000000000000000e+03
9.580000000000000000e+02 1.318000000000000000e+03
1.230000000000000000e+03 1.740000000000000000e+03
1.229000000000000000e+03 1.797000000000000000e+03
1.364000000000000000e+03 1.354000000000000000e+03
1.281000000000000000e+03 1.669000000000000000e+03
1.349000000000000000e+03 1.044000000000000000e+03
1.057000000000000000e+03 1.915000000000000000e+03
8.980000000000000000e+02 1.449000000000000000e+03
1.042000000000000000e+03 1.323000000000000000e+03
1.324000000000000000e+03 1.142000000000000000e+03
1.140000000000000000e+03 1.120000000000000000e+03
1.103000000000000000e+03 1.122000000000000000e+03
1.036000000000000000e+03 1.674000000000000000e+03
1.314000000000000000e+03 1.444000000000000000e+03
9.760000000000000000e+02 1.986000000000000000e+03
1.112000000000000000e+03 1.914000000000000000e+03
1.168000000000000000e+03 1.866000000000000000e+03
1.066000000000000000e+03 1.119000000000000000e+03
1.030000000000000000e+03 1.115000000000000000e+03
1.007000000000000000e+03 1.114000000000000000e+03
1.305000000000000000e+03 1.066000000000000000e+03
1.038000000000000000e+03 1.078000000000000000e+03
1.077000000000000000e+03 1.063000000000000000e+03
1.117000000000000000e+03 1.060000000000000000e+03
1.155000000000000000e+03 1.067000000000000000e+03
1.177000000000000000e+03 1.078000000000000000e+03
1.374000000000000000e+03 1.017000000000000000e+03
1.165000000000000000e+03 1.114000000000000000e+03
1.019000000000000000e+03 1.520000000000000000e+03
9.860000000000000000e+02 1.416000000000000000e+03
9.390000000000000000e+02 1.503000000000000000e+03
1.175000000000000000e+03 1.808000000000000000e+03
1.119000000000000000e+03 1.862000000000000000e+03
9.770000000000000000e+02 1.953000000000000000e+03
1.276000000000000000e+03 1.719000000000000000e+03
1.010000000000000000e+03 1.098000000000000000e+03
9.470000000000000000e+02 1.220000000000000000e+03
1.050000000000000000e+03 1.956000000000000000e+03
1.348000000000000000e+03 1.467000000000000000e+03
9.550000000000000000e+02 1.658000000000000000e+03
9.650000000000000000e+02 1.673000000000000000e+03
9.740000000000000000e+02 1.694000000000000000e+03
9.810000000000000000e+02 1.718000000000000000e+03
9.950000000000000000e+02 1.771000000000000000e+03
1.016000000000000000e+03 1.640000000000000000e+03
1.027000000000000000e+03 1.637000000000000000e+03
1.036000000000000000e+03 1.633000000000000000e+03
1.087000000000000000e+03 1.593000000000000000e+03
1.254000000000000000e+03 1.471000000000000000e+03
9.450000000000000000e+02 1.168000000000000000e+03
9.620000000000000000e+02 1.081000000000000000e+03
9.900000000000000000e+02 1.084000000000000000e+03
1.006000000000000000e+03 1.642000000000000000e+03
1.260000000000000000e+03 1.595000000000000000e+03
9.240000000000000000e+02 1.084000000000000000e+03
1.021000000000000000e+03 1.814000000000000000e+03
9.170000000000000000e+02 1.195000000000000000e+03
9.780000000000000000e+02 1.300000000000000000e+03
9.520000000000000000e+02 1.847000000000000000e+03
1.117000000000000000e+03 1.713000000000000000e+03
1.065000000000000000e+03 1.431000000000000000e+03
1.074000000000000000e+03 1.770000000000000000e+03
1.161000000000000000e+03 1.426000000000000000e+03
1.102000000000000000e+03 1.485000000000000000e+03
1.195000000000000000e+03 1.510000000000000000e+03
9.680000000000000000e+02 1.904000000000000000e+03
1.004000000000000000e+03 1.326000000000000000e+03
1.158000000000000000e+03 1.751000000000000000e+03
1.103000000000000000e+03 1.811000000000000000e+03
1.150000000000000000e+03 1.647000000000000000e+03
1.301000000000000000e+03 1.532000000000000000e+03
1.206000000000000000e+03 1.654000000000000000e+03
1.324000000000000000e+03 1.572000000000000000e+03
1.134000000000000000e+03 1.553000000000000000e+03
9.740000000000000000e+02 1.252000000000000000e+03
9.800000000000000000e+02 1.402000000000000000e+03
1.006000000000000000e+03 1.412000000000000000e+03
9.620000000000000000e+02 1.371000000000000000e+03
9.970000000000000000e+02 1.044000000000000000e+03
1.071000000000000000e+03 1.016000000000000000e+03
1.136000000000000000e+03 1.011000000000000000e+03
1.190000000000000000e+03 1.021000000000000000e+03
1.225000000000000000e+03 1.042000000000000000e+03
1.246000000000000000e+03 1.117000000000000000e+03
1.373000000000000000e+03 1.245000000000000000e+03
1.212000000000000000e+03 1.180000000000000000e+03
1.167000000000000000e+03 1.193000000000000000e+03
1.108000000000000000e+03 1.191000000000000000e+03
1.052000000000000000e+03 1.179000000000000000e+03
1.009000000000000000e+03 1.165000000000000000e+03
9.790000000000000000e+02 1.151000000000000000e+03
1.372000000000000000e+03 1.247000000000000000e+03
1.004000000000000000e+03 1.424000000000000000e+03
9.490000000000000000e+02 1.268000000000000000e+03
9.500000000000000000e+02 1.408000000000000000e+03
9.270000000000000000e+02 1.431000000000000000e+03
9.500000000000000000e+02 1.415000000000000000e+03
9.920000000000000000e+02 1.438000000000000000e+03
9.180000000000000000e+02 1.437000000000000000e+03
9.120000000000000000e+02 1.446000000000000000e+03
9.800000000000000000e+02 1.115000000000000000e+03
9.560000000000000000e+02 1.127000000000000000e+03
9.430000000000000000e+02 1.136000000000000000e+03
1.190000000000000000e+03 1.088000000000000000e+03
1.218000000000000000e+03 1.073000000000000000e+03
6.140000000000000000e+02 1.083000000000000000e+03
6.620000000000000000e+02 1.081000000000000000e+03
6.120000000000000000e+02 1.041000000000000000e+03
5.650000000000000000e+02 1.085000000000000000e+03
6.150000000000000000e+02 1.124000000000000000e+03
1.111000000000000000e+03 1.094000000000000000e+03
1.160000000000000000e+03 1.095000000000000000e+03
1.112000000000000000e+03 1.053000000000000000e+03
1.062000000000000000e+03 1.093000000000000000e+03
1.110000000000000000e+03 1.135000000000000000e+03
0.000000000000000000e+00 0.000000000000000000e+00
1.749000000000000000e+03 0.000000000000000000e+00
1.749000000000000000e+03 2.187000000000000000e+03
0.000000000000000000e+00 2.187000000000000000e+03
8.700000000000000000e+01 0.000000000000000000e+00
8.700000000000000000e+01 2.187000000000000000e+03
0.000000000000000000e+00 1.090000000000000000e+02
1.749000000000000000e+03 1.090000000000000000e+02
1.750000000000000000e+02 0.000000000000000000e+00
1.750000000000000000e+02 2.187000000000000000e+03
0.000000000000000000e+00 2.180000000000000000e+02
1.749000000000000000e+03 2.180000000000000000e+02
2.620000000000000000e+02 0.000000000000000000e+00
2.620000000000000000e+02 2.187000000000000000e+03
0.000000000000000000e+00 3.280000000000000000e+02
1.749000000000000000e+03 3.280000000000000000e+02
3.500000000000000000e+02 0.000000000000000000e+00
3.500000000000000000e+02 2.187000000000000000e+03
0.000000000000000000e+00 4.370000000000000000e+02
1.749000000000000000e+03 4.370000000000000000e+02
4.370000000000000000e+02 0.000000000000000000e+00
4.370000000000000000e+02 2.187000000000000000e+03
0.000000000000000000e+00 5.470000000000000000e+02
1.749000000000000000e+03 5.470000000000000000e+02
5.250000000000000000e+02 0.000000000000000000e+00
5.250000000000000000e+02 2.187000000000000000e+03
0.000000000000000000e+00 6.560000000000000000e+02
1.749000000000000000e+03 6.560000000000000000e+02
6.120000000000000000e+02 0.000000000000000000e+00
6.120000000000000000e+02 2.187000000000000000e+03
0.000000000000000000e+00 7.650000000000000000e+02
1.749000000000000000e+03 7.650000000000000000e+02
7.000000000000000000e+02 0.000000000000000000e+00
7.000000000000000000e+02 2.187000000000000000e+03
0.000000000000000000e+00 8.750000000000000000e+02
1.749000000000000000e+03 8.750000000000000000e+02
7.870000000000000000e+02 0.000000000000000000e+00
7.870000000000000000e+02 2.187000000000000000e+03
0.000000000000000000e+00 9.840000000000000000e+02
1.749000000000000000e+03 9.840000000000000000e+02
8.750000000000000000e+02 0.000000000000000000e+00
8.750000000000000000e+02 2.187000000000000000e+03
0.000000000000000000e+00 1.094000000000000000e+03
1.749000000000000000e+03 1.094000000000000000e+03
9.620000000000000000e+02 0.000000000000000000e+00
9.620000000000000000e+02 2.187000000000000000e+03
0.000000000000000000e+00 1.203000000000000000e+03
1.749000000000000000e+03 1.203000000000000000e+03
1.050000000000000000e+03 0.000000000000000000e+00
1.050000000000000000e+03 2.187000000000000000e+03
0.000000000000000000e+00 1.312000000000000000e+03
1.749000000000000000e+03 1.312000000000000000e+03
1.137000000000000000e+03 0.000000000000000000e+00
1.137000000000000000e+03 2.187000000000000000e+03
0.000000000000000000e+00 1.422000000000000000e+03
1.749000000000000000e+03 1.422000000000000000e+03
1.225000000000000000e+03 0.000000000000000000e+00
1.225000000000000000e+03 2.187000000000000000e+03
0.000000000000000000e+00 1.531000000000000000e+03
1.749000000000000000e+03 1.531000000000000000e+03
1.312000000000000000e+03 0.000000000000000000e+00
1.312000000000000000e+03 2.187000000000000000e+03
0.000000000000000000e+00 1.641000000000000000e+03
1.749000000000000000e+03 1.641000000000000000e+03
1.400000000000000000e+03 0.000000000000000000e+00
1.400000000000000000e+03 2.187000000000000000e+03
0.000000000000000000e+00 1.750000000000000000e+03
1.749000000000000000e+03 1.750000000000000000e+03
1.487000000000000000e+03 0.000000000000000000e+00
1.487000000000000000e+03 2.187000000000000000e+03
0.000000000000000000e+00 1.859000000000000000e+03
1.749000000000000000e+03 1.859000000000000000e+03
1.575000000000000000e+03 0.000000000000000000e+00
1.575000000000000000e+03 2.187000000000000000e+03
0.000000000000000000e+00 1.969000000000000000e+03
1.749000000000000000e+03 1.969000000000000000e+03
1.662000000000000000e+03 0.000000000000000000e+00
1.662000000000000000e+03 2.187000000000000000e+03
0.000000000000000000e+00 2.078000000000000000e+03
1.749000000000000000e+03 2.078000000000000000e+03
