8.160000000000000000e+02 1.561000000000000000e+03
8.330000000000000000e+02 1.404000000000000000e+03
8.330000000000000000e+02 1.446000000000000000e+03
8.000000000000000000e+02 1.238000000000000000e+03
8.340000000000000000e+02 1.354000000000000000e+03
8.360000000000000000e+02 1.287000000000000000e+03
8.430000000000000000e+02 1.126000000000000000e+03
5.320000000000000000e+02 1.111000000000000000e+03
8.470000000000000000e+02 1.004000000000000000e+03
8.480000000000000000e+02 9.390000000000000000e+02
8.550000000000000000e+02 7.020000000000000000e+02
8.160000000000000000e+02 1.578000000000000000e+03
8.170000000000000000e+02 1.595000000000000000e+03
8.190000000000000000e+02 1.605000000000000000e+03
8.160000000000000000e+02 1.641000000000000000e+03
8.140000000000000000e+02 1.657000000000000000e+03
8.130000000000000000e+02 1.677000000000000000e+03
8.120000000000000000e+02 1.699000000000000000e+03
8.270000000000000000e+02 1.747000000000000000e+03
8.330000000000000000e+02 1.428000000000000000e+03
7.880000000000000000e+02 1.423000000000000000e+03
3.830000000000000000e+02 9.240000000000000000e+02
6.540000000000000000e+02 1.150000000000000000e+03
6.130000000000000000e+02 1.153000000000000000e+03
5.720000000000000000e+02 1.152000000000000000e+03
5.150000000000000000e+02 1.128000000000000000e+03
6.890000000000000000e+02 1.143000000000000000e+03
5.860000000000000000e+02 1.017000000000000000e+03
6.360000000000000000e+02 1.024000000000000000e+03
5.390000000000000000e+02 1.025000000000000000e+03
5.100000000000000000e+02 1.045000000000000000e+03
4.820000000000000000e+02 1.155000000000000000e+03
6.670000000000000000e+02 1.805000000000000000e+03
5.150000000000000000e+02 1.100000000000000000e+03
3.680000000000000000e+02 1.130000000000000000e+03
4.340000000000000000e+02 1.122000000000000000e+03
6.140000000000000000e+02 1.344000000000000000e+03
7.560000000000000000e+02 1.550000000000000000e+03
7.630000000000000000e+02 1.590000000000000000e+03
7.030000000000000000e+02 1.555000000000000000e+03
6.680000000000000000e+02 1.564000000000000000e+03
7.200000000000000000e+02 1.586000000000000000e+03
6.880000000000000000e+02 1.585000000000000000e+03
6.210000000000000000e+02 1.637000000000000000e+03
7.950000000000000000e+02 1.402000000000000000e+03
7.900000000000000000e+02 1.353000000000000000e+03
4.500000000000000000e+02 1.003000000000000000e+03
7.090000000000000000e+02 1.229000000000000000e+03
6.880000000000000000e+02 1.376000000000000000e+03
6.870000000000000000e+02 1.349000000000000000e+03
4.870000000000000000e+02 1.332000000000000000e+03
7.950000000000000000e+02 1.291000000000000000e+03
5.500000000000000000e+02 9.520000000000000000e+02
4.890000000000000000e+02 9.680000000000000000e+02
4.190000000000000000e+02 8.380000000000000000e+02
7.440000000000000000e+02 1.000000000000000000e+03
6.790000000000000000e+02 1.047000000000000000e+03
5.870000000000000000e+02 1.585000000000000000e+03
4.270000000000000000e+02 1.570000000000000000e+03
7.200000000000000000e+02 1.405000000000000000e+03
7.570000000000000000e+02 1.421000000000000000e+03
6.310000000000000000e+02 1.587000000000000000e+03
6.420000000000000000e+02 1.589000000000000000e+03
4.660000000000000000e+02 9.370000000000000000e+02
6.850000000000000000e+02 1.395000000000000000e+03
6.330000000000000000e+02 9.590000000000000000e+02
6.250000000000000000e+02 9.200000000000000000e+02
5.940000000000000000e+02 7.230000000000000000e+02
4.450000000000000000e+02 8.840000000000000000e+02
6.150000000000000000e+02 8.150000000000000000e+02
4.260000000000000000e+02 9.800000000000000000e+02
4.060000000000000000e+02 9.530000000000000000e+02
7.580000000000000000e+02 1.572000000000000000e+03
7.110000000000000000e+02 1.571000000000000000e+03
6.780000000000000000e+02 1.575000000000000000e+03
7.300000000000000000e+02 1.413000000000000000e+03
6.370000000000000000e+02 1.588000000000000000e+03
6.540000000000000000e+02 1.613000000000000000e+03
6.480000000000000000e+02 1.591000000000000000e+03
7.440000000000000000e+02 1.395000000000000000e+03
6.980000000000000000e+02 1.592000000000000000e+03
7.290000000000000000e+02 1.595000000000000000e+03
7.690000000000000000e+02 1.601000000000000000e+03
7.650000000000000000e+02 1.742000000000000000e+03
7.530000000000000000e+02 1.693000000000000000e+03
7.550000000000000000e+02 1.670000000000000000e+03
7.600000000000000000e+02 1.651000000000000000e+03
7.670000000000000000e+02 1.636000000000000000e+03
6.960000000000000000e+02 1.618000000000000000e+03
6.870000000000000000e+02 1.625000000000000000e+03
6.760000000000000000e+02 1.635000000000000000e+03
6.680000000000000000e+02 1.648000000000000000e+03
6.360000000000000000e+02 1.513000000000000000e+03
3.790000000000000000e+02 1.338000000000000000e+03
8.330000000000000000e+02 1.438000000000000000e+03
6.740000000000000000e+02 1.607000000000000000e+03
6.640000000000000000e+02 1.609000000000000000e+03
7.710000000000000000e+02 1.440000000000000000e+03
6.990000000000000000e+02 1.422000000000000000e+03
7.650000000000000000e+02 1.431000000000000000e+03
6.610000000000000000e+02 1.254000000000000000e+03
5.890000000000000000e+02 1.282000000000000000e+03
6.780000000000000000e+02 1.369000000000000000e+03
4.860000000000000000e+02 7.680000000000000000e+02
5.110000000000000000e+02 8.350000000000000000e+02
5.340000000000000000e+02 9.150000000000000000e+02
6.570000000000000000e+02 1.677000000000000000e+03
7.300000000000000000e+02 9.360000000000000000e+02
7.250000000000000000e+02 8.140000000000000000e+02
7.130000000000000000e+02 7.030000000000000000e+02
5.360000000000000000e+02 1.143000000000000000e+03
4.390000000000000000e+02 1.186000000000000000e+03
7.120000000000000000e+02 1.134000000000000000e+03
4.710000000000000000e+02 1.066000000000000000e+03
7.410000000000000000e+02 1.199000000000000000e+03
7.170000000000000000e+02 1.363000000000000000e+03
3.960000000000000000e+02 1.217000000000000000e+03
4.680000000000000000e+02 1.218000000000000000e+03
5.230000000000000000e+02 1.235000000000000000e+03
6.050000000000000000e+02 1.230000000000000000e+03
6.650000000000000000e+02 1.214000000000000000e+03
7.100000000000000000e+02 1.195000000000000000e+03
8.000000000000000000e+02 1.138000000000000000e+03
4.010000000000000000e+02 1.314000000000000000e+03
4.390000000000000000e+02 1.058000000000000000e+03
8.090000000000000000e+02 1.426000000000000000e+03
7.090000000000000000e+02 1.276000000000000000e+03
3.630000000000000000e+02 1.127000000000000000e+03
7.440000000000000000e+02 1.172000000000000000e+03
6.760000000000000000e+02 1.370000000000000000e+03
4.960000000000000000e+02 1.101000000000000000e+03
7.170000000000000000e+02 1.330000000000000000e+03
3.970000000000000000e+02 1.451000000000000000e+03
7.110000000000000000e+02 1.118000000000000000e+03
7.560000000000000000e+02 1.306000000000000000e+03
5.000000000000000000e+02 1.683000000000000000e+03
5.110000000000000000e+02 1.738000000000000000e+03
3.740000000000000000e+02 1.328000000000000000e+03
4.530000000000000000e+02 1.618000000000000000e+03
3.850000000000000000e+02 1.035000000000000000e+03
6.610000000000000000e+02 1.851000000000000000e+03
8.140000000000000000e+02 1.435000000000000000e+03
6.670000000000000000e+02 1.308000000000000000e+03
4.000000000000000000e+02 1.129000000000000000e+03
5.750000000000000000e+02 1.123000000000000000e+03
6.110000000000000000e+02 1.126000000000000000e+03
6.460000000000000000e+02 1.618000000000000000e+03
4.090000000000000000e+02 1.409000000000000000e+03
7.390000000000000000e+02 1.916000000000000000e+03
6.180000000000000000e+02 1.849000000000000000e+03
5.680000000000000000e+02 1.803000000000000000e+03
8.510000000000000000e+02 8.190000000000000000e+02
8.280000000000000000e+02 1.927000000000000000e+03
6.450000000000000000e+02 1.124000000000000000e+03
6.780000000000000000e+02 1.121000000000000000e+03
7.000000000000000000e+02 1.120000000000000000e+03
4.110000000000000000e+02 1.047000000000000000e+03
6.700000000000000000e+02 1.083000000000000000e+03
6.330000000000000000e+02 1.067000000000000000e+03
5.960000000000000000e+02 1.062000000000000000e+03
5.600000000000000000e+02 1.069000000000000000e+03
5.370000000000000000e+02 1.081000000000000000e+03
3.660000000000000000e+02 1.015000000000000000e+03
5.500000000000000000e+02 1.118000000000000000e+03
8.310000000000000000e+02 1.483000000000000000e+03
6.810000000000000000e+02 1.490000000000000000e+03
7.210000000000000000e+02 1.399000000000000000e+03
7.650000000000000000e+02 1.481000000000000000e+03
8.450000000000000000e+02 1.066000000000000000e+03
5.540000000000000000e+02 1.748000000000000000e+03
6.050000000000000000e+02 1.800000000000000000e+03
7.350000000000000000e+02 1.887000000000000000e+03
4.670000000000000000e+02 1.666000000000000000e+03
6.980000000000000000e+02 1.105000000000000000e+03
7.690000000000000000e+02 1.214000000000000000e+03
8.270000000000000000e+02 1.898000000000000000e+03
6.720000000000000000e+02 1.889000000000000000e+03
3.910000000000000000e+02 1.432000000000000000e+03
7.270000000000000000e+02 1.628000000000000000e+03
7.180000000000000000e+02 1.639000000000000000e+03
7.100000000000000000e+02 1.655000000000000000e+03
7.050000000000000000e+02 1.676000000000000000e+03
7.040000000000000000e+02 1.715000000000000000e+03
6.630000000000000000e+02 1.586000000000000000e+03
6.530000000000000000e+02 1.580000000000000000e+03
6.450000000000000000e+02 1.574000000000000000e+03
6.020000000000000000e+02 1.545000000000000000e+03
4.560000000000000000e+02 1.434000000000000000e+03
7.720000000000000000e+02 1.165000000000000000e+03
7.440000000000000000e+02 1.081000000000000000e+03
7.160000000000000000e+02 1.088000000000000000e+03
6.730000000000000000e+02 1.590000000000000000e+03
4.580000000000000000e+02 1.549000000000000000e+03
7.850000000000000000e+02 1.079000000000000000e+03
6.850000000000000000e+02 1.757000000000000000e+03
8.380000000000000000e+02 1.232000000000000000e+03
8.000000000000000000e+02 1.190000000000000000e+03
8.410000000000000000e+02 1.181000000000000000e+03
7.340000000000000000e+02 1.288000000000000000e+03
8.270000000000000000e+02 1.852000000000000000e+03
8.270000000000000000e+02 1.796000000000000000e+03
7.530000000000000000e+02 1.789000000000000000e+03
5.890000000000000000e+02 1.656000000000000000e+03
6.390000000000000000e+02 1.406000000000000000e+03
6.330000000000000000e+02 1.713000000000000000e+03
5.440000000000000000e+02 1.397000000000000000e+03
5.990000000000000000e+02 1.452000000000000000e+03
5.080000000000000000e+02 1.471000000000000000e+03
7.400000000000000000e+02 1.843000000000000000e+03
7.050000000000000000e+02 1.312000000000000000e+03
5.600000000000000000e+02 1.694000000000000000e+03
6.130000000000000000e+02 1.752000000000000000e+03
5.530000000000000000e+02 1.593000000000000000e+03
4.230000000000000000e+02 1.491000000000000000e+03
5.070000000000000000e+02 1.601000000000000000e+03
4.140000000000000000e+02 1.529000000000000000e+03
5.630000000000000000e+02 1.508000000000000000e+03
7.400000000000000000e+02 1.244000000000000000e+03
7.300000000000000000e+02 1.386000000000000000e+03
7.010000000000000000e+02 1.394000000000000000e+03
7.510000000000000000e+02 1.356000000000000000e+03
7.080000000000000000e+02 1.036000000000000000e+03
6.350000000000000000e+02 1.001000000000000000e+03
5.710000000000000000e+02 9.930000000000000000e+02
5.190000000000000000e+02 1.004000000000000000e+03
4.840000000000000000e+02 1.028000000000000000e+03
4.700000000000000000e+02 1.112000000000000000e+03
3.660000000000000000e+02 1.228000000000000000e+03
5.060000000000000000e+02 1.175000000000000000e+03
5.510000000000000000e+02 1.188000000000000000e+03
6.080000000000000000e+02 1.189000000000000000e+03
6.610000000000000000e+02 1.180000000000000000e+03
7.020000000000000000e+02 1.168000000000000000e+03
7.300000000000000000e+02 1.155000000000000000e+03
3.690000000000000000e+02 1.232000000000000000e+03
7.010000000000000000e+02 1.404000000000000000e+03
7.660000000000000000e+02 1.259000000000000000e+03
7.620000000000000000e+02 1.393000000000000000e+03
7.860000000000000000e+02 1.416000000000000000e+03
7.620000000000000000e+02 1.400000000000000000e+03
7.130000000000000000e+02 1.418000000000000000e+03
7.950000000000000000e+02 1.422000000000000000e+03
7.990000000000000000e+02 1.431000000000000000e+03
7.270000000000000000e+02 1.120000000000000000e+03
7.520000000000000000e+02 1.130000000000000000e+03
7.680000000000000000e+02 1.137000000000000000e+03
5.240000000000000000e+02 1.091000000000000000e+03
4.930000000000000000e+02 1.069000000000000000e+03
8.770000000000000000e+02 1.240000000000000000e+03
1.172000000000000000e+03 1.117000000000000000e+03
8.790000000000000000e+02 1.425000000000000000e+03
1.320000000000000000e+03 9.400000000000000000e+02
1.048000000000000000e+03 1.148000000000000000e+03
1.090000000000000000e+03 1.153000000000000000e+03
1.131000000000000000e+03 1.155000000000000000e+03
1.189000000000000000e+03 1.136000000000000000e+03
1.012000000000000000e+03 1.140000000000000000e+03
1.116000000000000000e+03 1.021000000000000000e+03
1.065000000000000000e+03 1.028000000000000000e+03
1.164000000000000000e+03 1.029000000000000000e+03
1.194000000000000000e+03 1.050000000000000000e+03
1.220000000000000000e+03 1.165000000000000000e+03
9.950000000000000000e+02 1.813000000000000000e+03
1.189000000000000000e+03 1.107000000000000000e+03
1.332000000000000000e+03 1.150000000000000000e+03
1.266000000000000000e+03 1.133000000000000000e+03
1.066000000000000000e+03 1.354000000000000000e+03
8.820000000000000000e+02 1.553000000000000000e+03
8.790000000000000000e+02 1.593000000000000000e+03
9.500000000000000000e+02 1.562000000000000000e+03
9.970000000000000000e+02 1.572000000000000000e+03
9.350000000000000000e+02 1.591000000000000000e+03
9.780000000000000000e+02 1.591000000000000000e+03
1.041000000000000000e+03 1.647000000000000000e+03
8.710000000000000000e+02 1.403000000000000000e+03
8.780000000000000000e+02 1.354000000000000000e+03
1.251000000000000000e+03 1.006000000000000000e+03
9.770000000000000000e+02 1.234000000000000000e+03
9.860000000000000000e+02 1.383000000000000000e+03
9.890000000000000000e+02 1.356000000000000000e+03
1.198000000000000000e+03 1.348000000000000000e+03
8.770000000000000000e+02 1.292000000000000000e+03
1.152000000000000000e+03 9.530000000000000000e+02
1.213000000000000000e+03 9.690000000000000000e+02
1.286000000000000000e+03 8.520000000000000000e+02
9.520000000000000000e+02 1.003000000000000000e+03
1.021000000000000000e+03 1.049000000000000000e+03
1.078000000000000000e+03 1.598000000000000000e+03
1.271000000000000000e+03 1.590000000000000000e+03
9.520000000000000000e+02 1.410000000000000000e+03
9.130000000000000000e+02 1.425000000000000000e+03
1.056000000000000000e+03 1.593000000000000000e+03
1.043000000000000000e+03 1.595000000000000000e+03
1.234000000000000000e+03 9.380000000000000000e+02
9.890000000000000000e+02 1.402000000000000000e+03
1.067000000000000000e+03 9.610000000000000000e+02
1.075000000000000000e+03 9.210000000000000000e+02
1.115000000000000000e+03 7.320000000000000000e+02
1.257000000000000000e+03 8.980000000000000000e+02
1.086000000000000000e+03 8.230000000000000000e+02
1.272000000000000000e+03 9.870000000000000000e+02
1.295000000000000000e+03 9.690000000000000000e+02
8.810000000000000000e+02 1.575000000000000000e+03
9.420000000000000000e+02 1.577000000000000000e+03
9.880000000000000000e+02 1.582000000000000000e+03
9.410000000000000000e+02 1.418000000000000000e+03
1.049000000000000000e+03 1.594000000000000000e+03
1.020000000000000000e+03 1.619000000000000000e+03
1.037000000000000000e+03 1.596000000000000000e+03
9.260000000000000000e+02 1.399000000000000000e+03
9.710000000000000000e+02 1.597000000000000000e+03
9.280000000000000000e+02 1.600000000000000000e+03
8.770000000000000000e+02 1.603000000000000000e+03
8.920000000000000000e+02 1.745000000000000000e+03
8.780000000000000000e+02 1.696000000000000000e+03
8.770000000000000000e+02 1.673000000000000000e+03
8.750000000000000000e+02 1.654000000000000000e+03
8.730000000000000000e+02 1.639000000000000000e+03
9.670000000000000000e+02 1.624000000000000000e+03
9.750000000000000000e+02 1.631000000000000000e+03
9.840000000000000000e+02 1.641000000000000000e+03
9.910000000000000000e+02 1.654000000000000000e+03
1.029000000000000000e+03 1.522000000000000000e+03
1.323000000000000000e+03 1.359000000000000000e+03
1.001000000000000000e+03 1.613000000000000000e+03
1.010000000000000000e+03 1.615000000000000000e+03
8.970000000000000000e+02 1.444000000000000000e+03
9.720000000000000000e+02 1.429000000000000000e+03
9.040000000000000000e+02 1.435000000000000000e+03
1.024000000000000000e+03 1.262000000000000000e+03
1.096000000000000000e+03 1.293000000000000000e+03
9.970000000000000000e+02 1.376000000000000000e+03
1.222000000000000000e+03 7.800000000000000000e+02
1.191000000000000000e+03 8.470000000000000000e+02
1.166000000000000000e+03 9.140000000000000000e+02
1.003000000000000000e+03 1.685000000000000000e+03
9.670000000000000000e+02 9.390000000000000000e+02
9.760000000000000000e+02 8.190000000000000000e+02
9.960000000000000000e+02 7.080000000000000000e+02
1.167000000000000000e+03 1.150000000000000000e+03
1.262000000000000000e+03 1.199000000000000000e+03
9.880000000000000000e+02 1.130000000000000000e+03
1.232000000000000000e+03 1.072000000000000000e+03
9.460000000000000000e+02 1.203000000000000000e+03
9.550000000000000000e+02 1.368000000000000000e+03
1.299000000000000000e+03 1.237000000000000000e+03
1.235000000000000000e+03 1.230000000000000000e+03
1.181000000000000000e+03 1.245000000000000000e+03
1.097000000000000000e+03 1.235000000000000000e+03
1.035000000000000000e+03 1.215000000000000000e+03
9.890000000000000000e+02 1.194000000000000000e+03
8.860000000000000000e+02 1.139000000000000000e+03
1.292000000000000000e+03 1.334000000000000000e+03
1.262000000000000000e+03 1.066000000000000000e+03
8.560000000000000000e+02 1.427000000000000000e+03
9.740000000000000000e+02 1.281000000000000000e+03
1.340000000000000000e+03 1.146000000000000000e+03
9.540000000000000000e+02 1.169000000000000000e+03
1.001000000000000000e+03 1.377000000000000000e+03
1.208000000000000000e+03 1.109000000000000000e+03
9.580000000000000000e+02 1.335000000000000000e+03
1.304000000000000000e+03 1.472000000000000000e+03
9.880000000000000000e+02 1.114000000000000000e+03
9.180000000000000000e+02 1.309000000000000000e+03
1.182000000000000000e+03 1.700000000000000000e+03
1.175000000000000000e+03 1.754000000000000000e+03
1.323000000000000000e+03 1.350000000000000000e+03
1.236000000000000000e+03 1.637000000000000000e+03
1.314000000000000000e+03 1.053000000000000000e+03
1.002000000000000000e+03 1.860000000000000000e+03
8.520000000000000000e+02 1.436000000000000000e+03
1.014000000000000000e+03 1.316000000000000000e+03
1.298000000000000000e+03 1.143000000000000000e+03
1.130000000000000000e+03 1.125000000000000000e+03
1.094000000000000000e+03 1.125000000000000000e+03
1.029000000000000000e+03 1.625000000000000000e+03
1.282000000000000000e+03 1.430000000000000000e+03
9.200000000000000000e+02 1.921000000000000000e+03
1.054000000000000000e+03 1.859000000000000000e+03
1.111000000000000000e+03 1.816000000000000000e+03
1.058000000000000000e+03 1.121000000000000000e+03
1.024000000000000000e+03 1.117000000000000000e+03
1.000000000000000000e+03 1.117000000000000000e+03
1.287000000000000000e+03 1.057000000000000000e+03
1.031000000000000000e+03 1.087000000000000000e+03
1.070000000000000000e+03 1.075000000000000000e+03
1.107000000000000000e+03 1.072000000000000000e+03
1.144000000000000000e+03 1.079000000000000000e+03
1.167000000000000000e+03 1.090000000000000000e+03
1.336000000000000000e+03 1.032000000000000000e+03
1.155000000000000000e+03 1.122000000000000000e+03
9.860000000000000000e+02 1.497000000000000000e+03
9.510000000000000000e+02 1.404000000000000000e+03
8.990000000000000000e+02 1.485000000000000000e+03
1.123000000000000000e+03 1.763000000000000000e+03
1.065000000000000000e+03 1.812000000000000000e+03
9.220000000000000000e+02 1.892000000000000000e+03
1.226000000000000000e+03 1.684000000000000000e+03
1.002000000000000000e+03 1.103000000000000000e+03
9.130000000000000000e+02 1.217000000000000000e+03
9.920000000000000000e+02 1.896000000000000000e+03
1.306000000000000000e+03 1.454000000000000000e+03
9.240000000000000000e+02 1.633000000000000000e+03
9.300000000000000000e+02 1.644000000000000000e+03
9.350000000000000000e+02 1.660000000000000000e+03
9.390000000000000000e+02 1.681000000000000000e+03
9.550000000000000000e+02 1.720000000000000000e+03
1.015000000000000000e+03 1.592000000000000000e+03
1.024000000000000000e+03 1.587000000000000000e+03
1.033000000000000000e+03 1.581000000000000000e+03
1.062000000000000000e+03 1.556000000000000000e+03
1.229000000000000000e+03 1.453000000000000000e+03
9.150000000000000000e+02 1.168000000000000000e+03
9.530000000000000000e+02 1.079000000000000000e+03
9.820000000000000000e+02 1.085000000000000000e+03
1.006000000000000000e+03 1.596000000000000000e+03
1.227000000000000000e+03 1.568000000000000000e+03
9.100000000000000000e+02 1.076000000000000000e+03
9.760000000000000000e+02 1.764000000000000000e+03
8.820000000000000000e+02 1.192000000000000000e+03
9.450000000000000000e+02 1.293000000000000000e+03
9.040000000000000000e+02 1.793000000000000000e+03
1.078000000000000000e+03 1.668000000000000000e+03
1.035000000000000000e+03 1.416000000000000000e+03
1.032000000000000000e+03 1.722000000000000000e+03
1.136000000000000000e+03 1.411000000000000000e+03
1.074000000000000000e+03 1.464000000000000000e+03
1.171000000000000000e+03 1.487000000000000000e+03
9.170000000000000000e+02 1.847000000000000000e+03
9.740000000000000000e+02 1.318000000000000000e+03
1.113000000000000000e+03 1.708000000000000000e+03
1.055000000000000000e+03 1.763000000000000000e+03
1.117000000000000000e+03 1.607000000000000000e+03
1.267000000000000000e+03 1.511000000000000000e+03
1.171000000000000000e+03 1.618000000000000000e+03
1.280000000000000000e+03 1.550000000000000000e+03
1.108000000000000000e+03 1.522000000000000000e+03
9.420000000000000000e+02 1.249000000000000000e+03
9.400000000000000000e+02 1.391000000000000000e+03
9.710000000000000000e+02 1.399000000000000000e+03
9.180000000000000000e+02 1.360000000000000000e+03
9.900000000000000000e+02 1.037000000000000000e+03
1.065000000000000000e+03 1.004000000000000000e+03
1.131000000000000000e+03 9.960000000000000000e+02
1.184000000000000000e+03 1.006000000000000000e+03
1.219000000000000000e+03 1.031000000000000000e+03
1.232000000000000000e+03 1.120000000000000000e+03
1.333000000000000000e+03 1.249000000000000000e+03
1.197000000000000000e+03 1.184000000000000000e+03
1.152000000000000000e+03 1.195000000000000000e+03
1.094000000000000000e+03 1.192000000000000000e+03
1.040000000000000000e+03 1.180000000000000000e+03
9.970000000000000000e+02 1.166000000000000000e+03
9.680000000000000000e+02 1.151000000000000000e+03
1.333000000000000000e+03 1.252000000000000000e+03
9.710000000000000000e+02 1.410000000000000000e+03
9.120000000000000000e+02 1.262000000000000000e+03
9.050000000000000000e+02 1.396000000000000000e+03
8.810000000000000000e+02 1.419000000000000000e+03
9.060000000000000000e+02 1.403000000000000000e+03
9.580000000000000000e+02 1.423000000000000000e+03
8.710000000000000000e+02 1.424000000000000000e+03
8.670000000000000000e+02 1.433000000000000000e+03
9.720000000000000000e+02 1.116000000000000000e+03
9.450000000000000000e+02 1.126000000000000000e+03
9.280000000000000000e+02 1.133000000000000000e+03
1.180000000000000000e+03 1.099000000000000000e+03
1.211000000000000000e+03 1.075000000000000000e+03
6.040000000000000000e+02 1.093000000000000000e+03
6.480000000000000000e+02 1.091000000000000000e+03
6.030000000000000000e+02 1.051000000000000000e+03
5.590000000000000000e+02 1.093000000000000000e+03
6.040000000000000000e+02 1.134000000000000000e+03
1.101000000000000000e+03 1.093000000000000000e+03
1.149000000000000000e+03 1.096000000000000000e+03
1.102000000000000000e+03 1.051000000000000000e+03
1.053000000000000000e+03 1.090000000000000000e+03
1.100000000000000000e+03 1.136000000000000000e+03
0.000000000000000000e+00 0.000000000000000000e+00
1.749000000000000000e+03 0.000000000000000000e+00
1.749000000000000000e+03 2.187000000000000000e+03
0.000000000000000000e+00 2.187000000000000000e+03
8.700000000000000000e+01 0.000000000000000000e+00
8.700000000000000000e+01 2.187000000000000000e+03
0.000000000000000000e+00 1.090000000000000000e+02
1.749000000000000000e+03 1.090000000000000000e+02
1.750000000000000000e+02 0.000000000000000000e+00
1.750000000000000000e+02 2.187000000000000000e+03
0.000000000000000000e+00 2.180000000000000000e+02
1.749000000000000000e+03 2.180000000000000000e+02
2.620000000000000000e+02 0.000000000000000000e+00
2.620000000000000000e+02 2.187000000000000000e+03
0.000000000000000000e+00 3.280000000000000000e+02
1.749000000000000000e+03 3.280000000000000000e+02
3.500000000000000000e+02 0.000000000000000000e+00
3.500000000000000000e+02 2.187000000000000000e+03
0.000000000000000000e+00 4.370000000000000000e+02
1.749000000000000000e+03 4.370000000000000000e+02
4.370000000000000000e+02 0.000000000000000000e+00
4.370000000000000000e+02 2.187000000000000000e+03
0.000000000000000000e+00 5.470000000000000000e+02
1.749000000000000000e+03 5.470000000000000000e+02
5.250000000000000000e+02 0.000000000000000000e+00
5.250000000000000000e+02 2.187000000000000000e+03
0.000000000000000000e+00 6.560000000000000000e+02
1.749000000000000000e+03 6.560000000000000000e+02
6.120000000000000000e+02 0.000000000000000000e+00
6.120000000000000000e+02 2.187000000000000000e+03
0.000000000000000000e+00 7.650000000000000000e+02
1.749000000000000000e+03 7.650000000000000000e+02
7.000000000000000000e+02 0.000000000000000000e+00
7.000000000000000000e+02 2.187000000000000000e+03
0.000000000000000000e+00 8.750000000000000000e+02
1.749000000000000000e+03 8.750000000000000000e+02
7.870000000000000000e+02 0.000000000000000000e+00
7.870000000000000000e+02 2.187000000000000000e+03
0.000000000000000000e+00 9.840000000000000000e+02
1.749000000000000000e+03 9.840000000000000000e+02
8.750000000000000000e+02 0.000000000000000000e+00
8.750000000000000000e+02 2.187000000000000000e+03
0.000000000000000000e+00 1.094000000000000000e+03
1.749000000000000000e+03 1.094000000000000000e+03
9.620000000000000000e+02 0.000000000000000000e+00
9.620000000000000000e+02 2.187000000000000000e+03
0.000000000000000000e+00 1.203000000000000000e+03
1.749000000000000000e+03 1.203000000000000000e+03
1.050000000000000000e+03 0.000000000000000000e+00
1.050000000000000000e+03 2.187000000000000000e+03
0.000000000000000000e+00 1.312000000000000000e+03
1.749000000000000000e+03 1.312000000000000000e+03
1.137000000000000000e+03 0.000000000000000000e+00
1.137000000000000000e+03 2.187000000000000000e+03
0.000000000000000000e+00 1.422000000000000000e+03
1.749000000000000000e+03 1.422000000000000000e+03
1.225000000000000000e+03 0.000000000000000000e+00
1.225000000000000000e+03 2.187000000000000000e+03
0.000000000000000000e+00 1.531000000000000000e+03
1.749000000000000000e+03 1.531000000000000000e+03
1.312000000000000000e+03 0.000000000000000000e+00
1.312000000000000000e+03 2.187000000000000000e+03
0.000000000000000000e+00 1.641000000000000000e+03
1.749000000000000000e+03 1.641000000000000000e+03
1.400000000000000000e+03 0.000000000000000000e+00
1.400000000000000000e+03 2.187000000000000000e+03
0.000000000000000000e+00 1.750000000000000000e+03
1.749000000000000000e+03 1.750000000000000000e+03
1.487000000000000000e+03 0.000000000000000000e+00
1.487000000000000000e+03 2.187000000000000000e+03
0.000000000000000000e+00 1.859000000000000000e+03
1.749000000000000000e+03 1.859000000000000000e+03
1.575000000000000000e+03 0.000000000000000000e+00
1.575000000000000000e+03 2.187000000000000000e+03
0.000000000000000000e+00 1.969000000000000000e+03
1.749000000000000000e+03 1.969000000000000000e+03
1.662000000000000000e+03 0.000000000000000000e+00
1.662000000000000000e+03 2.187000000000000000e+03
0.000000000000000000e+00 2.078000000000000000e+03
1.749000000000000000e+03 2.078000000000000000e+03
