8.640000000000000000e+02 1.656000000000000000e+03
8.620000000000000000e+02 1.478000000000000000e+03
8.600000000000000000e+02 1.518000000000000000e+03
8.220000000000000000e+02 1.275000000000000000e+03
8.640000000000000000e+02 1.420000000000000000e+03
8.650000000000000000e+02 1.338000000000000000e+03
8.690000000000000000e+02 1.138000000000000000e+03
5.180000000000000000e+02 1.115000000000000000e+03
8.710000000000000000e+02 1.023000000000000000e+03
8.710000000000000000e+02 9.550000000000000000e+02
8.760000000000000000e+02 6.600000000000000000e+02
8.640000000000000000e+02 1.673000000000000000e+03
8.640000000000000000e+02 1.689000000000000000e+03
8.650000000000000000e+02 1.700000000000000000e+03
8.640000000000000000e+02 1.699000000000000000e+03
8.650000000000000000e+02 1.719000000000000000e+03
8.640000000000000000e+02 1.743000000000000000e+03
8.650000000000000000e+02 1.769000000000000000e+03
8.530000000000000000e+02 1.855000000000000000e+03
8.620000000000000000e+02 1.503000000000000000e+03
8.040000000000000000e+02 1.493000000000000000e+03
3.070000000000000000e+02 8.830000000000000000e+02
6.590000000000000000e+02 1.156000000000000000e+03
6.060000000000000000e+02 1.162000000000000000e+03
5.560000000000000000e+02 1.159000000000000000e+03
4.940000000000000000e+02 1.131000000000000000e+03
7.050000000000000000e+02 1.141000000000000000e+03
5.760000000000000000e+02 1.021000000000000000e+03
6.360000000000000000e+02 1.024000000000000000e+03
5.220000000000000000e+02 1.031000000000000000e+03
4.890000000000000000e+02 1.050000000000000000e+03
4.440000000000000000e+02 1.159000000000000000e+03
6.530000000000000000e+02 1.942000000000000000e+03
5.000000000000000000e+02 1.102000000000000000e+03
2.830000000000000000e+02 1.119000000000000000e+03
3.810000000000000000e+02 1.121000000000000000e+03
6.040000000000000000e+02 1.385000000000000000e+03
8.040000000000000000e+02 1.644000000000000000e+03
8.110000000000000000e+02 1.684000000000000000e+03
7.480000000000000000e+02 1.659000000000000000e+03
7.110000000000000000e+02 1.675000000000000000e+03
7.650000000000000000e+02 1.685000000000000000e+03
7.290000000000000000e+02 1.689000000000000000e+03
6.140000000000000000e+02 1.735000000000000000e+03
8.160000000000000000e+02 1.474000000000000000e+03
8.110000000000000000e+02 1.418000000000000000e+03
4.060000000000000000e+02 1.004000000000000000e+03
7.140000000000000000e+02 1.245000000000000000e+03
6.890000000000000000e+02 1.432000000000000000e+03
6.890000000000000000e+02 1.399000000000000000e+03
4.550000000000000000e+02 1.368000000000000000e+03
8.170000000000000000e+02 1.342000000000000000e+03
5.270000000000000000e+02 9.580000000000000000e+02
4.550000000000000000e+02 9.720000000000000000e+02
3.610000000000000000e+02 7.940000000000000000e+02
7.610000000000000000e+02 1.006000000000000000e+03
6.900000000000000000e+02 1.042000000000000000e+03
5.740000000000000000e+02 1.681000000000000000e+03
3.320000000000000000e+02 1.637000000000000000e+03
7.250000000000000000e+02 1.466000000000000000e+03
7.680000000000000000e+02 1.485000000000000000e+03
6.660000000000000000e+02 1.699000000000000000e+03
6.770000000000000000e+02 1.698000000000000000e+03
4.250000000000000000e+02 9.370000000000000000e+02
6.850000000000000000e+02 1.451000000000000000e+03
6.270000000000000000e+02 9.670000000000000000e+02
6.170000000000000000e+02 9.270000000000000000e+02
5.750000000000000000e+02 6.810000000000000000e+02
3.990000000000000000e+02 8.660000000000000000e+02
6.070000000000000000e+02 7.990000000000000000e+02
3.750000000000000000e+02 9.780000000000000000e+02
3.430000000000000000e+02 9.340000000000000000e+02
8.060000000000000000e+02 1.667000000000000000e+03
7.560000000000000000e+02 1.673000000000000000e+03
7.190000000000000000e+02 1.682000000000000000e+03
7.370000000000000000e+02 1.475000000000000000e+03
6.720000000000000000e+02 1.699000000000000000e+03
6.940000000000000000e+02 1.706000000000000000e+03
6.830000000000000000e+02 1.698000000000000000e+03
7.540000000000000000e+02 1.460000000000000000e+03
7.370000000000000000e+02 1.694000000000000000e+03
7.730000000000000000e+02 1.693000000000000000e+03
8.150000000000000000e+02 1.696000000000000000e+03
7.830000000000000000e+02 1.848000000000000000e+03
8.060000000000000000e+02 1.763000000000000000e+03
8.070000000000000000e+02 1.737000000000000000e+03
8.100000000000000000e+02 1.714000000000000000e+03
8.150000000000000000e+02 1.695000000000000000e+03
7.370000000000000000e+02 1.694000000000000000e+03
7.290000000000000000e+02 1.703000000000000000e+03
7.210000000000000000e+02 1.714000000000000000e+03
7.130000000000000000e+02 1.729000000000000000e+03
6.330000000000000000e+02 1.594000000000000000e+03
2.810000000000000000e+02 1.354000000000000000e+03
8.610000000000000000e+02 1.511000000000000000e+03
7.110000000000000000e+02 1.695000000000000000e+03
7.030000000000000000e+02 1.700000000000000000e+03
7.870000000000000000e+02 1.508000000000000000e+03
7.020000000000000000e+02 1.482000000000000000e+03
7.770000000000000000e+02 1.497000000000000000e+03
6.610000000000000000e+02 1.274000000000000000e+03
5.770000000000000000e+02 1.309000000000000000e+03
6.790000000000000000e+02 1.419000000000000000e+03
4.460000000000000000e+02 7.240000000000000000e+02
4.840000000000000000e+02 8.190000000000000000e+02
5.070000000000000000e+02 9.170000000000000000e+02
6.580000000000000000e+02 1.779000000000000000e+03
7.430000000000000000e+02 9.430000000000000000e+02
7.330000000000000000e+02 7.960000000000000000e+02
7.130000000000000000e+02 6.610000000000000000e+02
5.160000000000000000e+02 1.150000000000000000e+03
3.850000000000000000e+02 1.192000000000000000e+03
7.350000000000000000e+02 1.127000000000000000e+03
4.360000000000000000e+02 1.066000000000000000e+03
7.510000000000000000e+02 1.213000000000000000e+03
7.240000000000000000e+02 1.422000000000000000e+03
3.300000000000000000e+02 1.225000000000000000e+03
4.210000000000000000e+02 1.230000000000000000e+03
4.890000000000000000e+02 1.251000000000000000e+03
5.880000000000000000e+02 1.243000000000000000e+03
6.620000000000000000e+02 1.221000000000000000e+03
7.170000000000000000e+02 1.198000000000000000e+03
8.190000000000000000e+02 1.149000000000000000e+03
3.380000000000000000e+02 1.341000000000000000e+03
3.900000000000000000e+02 1.057000000000000000e+03
8.320000000000000000e+02 1.500000000000000000e+03
7.140000000000000000e+02 1.305000000000000000e+03
2.680000000000000000e+02 1.106000000000000000e+03
7.590000000000000000e+02 1.173000000000000000e+03
6.750000000000000000e+02 1.418000000000000000e+03
4.740000000000000000e+02 1.102000000000000000e+03
7.250000000000000000e+02 1.381000000000000000e+03
2.990000000000000000e+02 1.492000000000000000e+03
7.370000000000000000e+02 1.110000000000000000e+03
7.700000000000000000e+02 1.356000000000000000e+03
4.310000000000000000e+02 1.789000000000000000e+03
4.330000000000000000e+02 1.854000000000000000e+03
2.890000000000000000e+02 1.351000000000000000e+03
3.750000000000000000e+02 1.704000000000000000e+03
3.110000000000000000e+02 1.016000000000000000e+03
6.360000000000000000e+02 2.008000000000000000e+03
8.370000000000000000e+02 1.508000000000000000e+03
6.660000000000000000e+02 1.342000000000000000e+03
3.360000000000000000e+02 1.126000000000000000e+03
5.640000000000000000e+02 1.133000000000000000e+03
6.070000000000000000e+02 1.136000000000000000e+03
6.860000000000000000e+02 1.714000000000000000e+03
3.460000000000000000e+02 1.454000000000000000e+03
7.330000000000000000e+02 2.096000000000000000e+03
5.710000000000000000e+02 2.005000000000000000e+03
5.050000000000000000e+02 1.942000000000000000e+03
8.740000000000000000e+02 8.010000000000000000e+02
8.500000000000000000e+02 2.110000000000000000e+03
6.510000000000000000e+02 1.130000000000000000e+03
6.950000000000000000e+02 1.119000000000000000e+03
7.230000000000000000e+02 1.114000000000000000e+03
3.520000000000000000e+02 1.042000000000000000e+03
6.860000000000000000e+02 1.078000000000000000e+03
6.380000000000000000e+02 1.070000000000000000e+03
5.920000000000000000e+02 1.071000000000000000e+03
5.500000000000000000e+02 1.080000000000000000e+03
5.260000000000000000e+02 1.090000000000000000e+03
2.780000000000000000e+02 9.810000000000000000e+02
5.370000000000000000e+02 1.125000000000000000e+03
8.590000000000000000e+02 1.559000000000000000e+03
6.840000000000000000e+02 1.566000000000000000e+03
7.260000000000000000e+02 1.460000000000000000e+03
7.830000000000000000e+02 1.557000000000000000e+03
8.700000000000000000e+02 1.075000000000000000e+03
4.950000000000000000e+02 1.873000000000000000e+03
5.610000000000000000e+02 1.943000000000000000e+03
7.320000000000000000e+02 2.052000000000000000e+03
3.800000000000000000e+02 1.759000000000000000e+03
7.210000000000000000e+02 1.096000000000000000e+03
7.830000000000000000e+02 1.240000000000000000e+03
8.500000000000000000e+02 2.066000000000000000e+03
6.440000000000000000e+02 2.059000000000000000e+03
3.060000000000000000e+02 1.476000000000000000e+03
7.730000000000000000e+02 1.693000000000000000e+03
7.640000000000000000e+02 1.707000000000000000e+03
7.580000000000000000e+02 1.725000000000000000e+03
7.540000000000000000e+02 1.748000000000000000e+03
7.120000000000000000e+02 1.819000000000000000e+03
7.010000000000000000e+02 1.693000000000000000e+03
6.920000000000000000e+02 1.691000000000000000e+03
6.840000000000000000e+02 1.688000000000000000e+03
5.940000000000000000e+02 1.633000000000000000e+03
4.110000000000000000e+02 1.488000000000000000e+03
7.860000000000000000e+02 1.178000000000000000e+03
7.680000000000000000e+02 1.076000000000000000e+03
7.390000000000000000e+02 1.080000000000000000e+03
7.110000000000000000e+02 1.696000000000000000e+03
3.990000000000000000e+02 1.624000000000000000e+03
8.080000000000000000e+02 1.078000000000000000e+03
6.830000000000000000e+02 1.877000000000000000e+03
8.670000000000000000e+02 1.269000000000000000e+03
8.200000000000000000e+02 1.214000000000000000e+03
8.680000000000000000e+02 1.204000000000000000e+03
7.440000000000000000e+02 1.327000000000000000e+03
8.510000000000000000e+02 2.000000000000000000e+03
8.520000000000000000e+02 1.921000000000000000e+03
7.650000000000000000e+02 1.913000000000000000e+03
5.630000000000000000e+02 1.760000000000000000e+03
6.320000000000000000e+02 1.461000000000000000e+03
6.170000000000000000e+02 1.826000000000000000e+03
5.210000000000000000e+02 1.448000000000000000e+03
5.860000000000000000e+02 1.516000000000000000e+03
4.740000000000000000e+02 1.536000000000000000e+03
7.450000000000000000e+02 1.987000000000000000e+03
7.100000000000000000e+02 1.352000000000000000e+03
5.160000000000000000e+02 1.806000000000000000e+03
5.830000000000000000e+02 1.879000000000000000e+03
5.230000000000000000e+02 1.686000000000000000e+03
3.560000000000000000e+02 1.551000000000000000e+03
4.580000000000000000e+02 1.692000000000000000e+03
3.300000000000000000e+02 1.593000000000000000e+03
5.430000000000000000e+02 1.586000000000000000e+03
7.500000000000000000e+02 1.272000000000000000e+03
7.390000000000000000e+02 1.450000000000000000e+03
7.040000000000000000e+02 1.454000000000000000e+03
7.640000000000000000e+02 1.419000000000000000e+03
7.230000000000000000e+02 1.034000000000000000e+03
6.340000000000000000e+02 1.004000000000000000e+03
5.570000000000000000e+02 9.990000000000000000e+02
4.950000000000000000e+02 1.009000000000000000e+03
4.550000000000000000e+02 1.031000000000000000e+03
4.330000000000000000e+02 1.112000000000000000e+03
2.790000000000000000e+02 1.233000000000000000e+03
4.730000000000000000e+02 1.182000000000000000e+03
5.250000000000000000e+02 1.198000000000000000e+03
5.950000000000000000e+02 1.198000000000000000e+03
6.620000000000000000e+02 1.185000000000000000e+03
7.140000000000000000e+02 1.167000000000000000e+03
7.500000000000000000e+02 1.151000000000000000e+03
2.720000000000000000e+02 1.228000000000000000e+03
7.040000000000000000e+02 1.464000000000000000e+03
7.810000000000000000e+02 1.297000000000000000e+03
7.760000000000000000e+02 1.462000000000000000e+03
8.020000000000000000e+02 1.487000000000000000e+03
7.750000000000000000e+02 1.467000000000000000e+03
7.180000000000000000e+02 1.479000000000000000e+03
8.140000000000000000e+02 1.495000000000000000e+03
8.180000000000000000e+02 1.502000000000000000e+03
7.530000000000000000e+02 1.112000000000000000e+03
7.770000000000000000e+02 1.125000000000000000e+03
7.890000000000000000e+02 1.136000000000000000e+03
5.120000000000000000e+02 1.097000000000000000e+03
4.690000000000000000e+02 1.071000000000000000e+03
9.110000000000000000e+02 1.276000000000000000e+03
1.218000000000000000e+03 1.114000000000000000e+03
9.190000000000000000e+02 1.495000000000000000e+03
1.425000000000000000e+03 9.000000000000000000e+02
1.078000000000000000e+03 1.150000000000000000e+03
1.129000000000000000e+03 1.156000000000000000e+03
1.180000000000000000e+03 1.156000000000000000e+03
1.241000000000000000e+03 1.134000000000000000e+03
1.034000000000000000e+03 1.135000000000000000e+03
1.160000000000000000e+03 1.031000000000000000e+03
1.101000000000000000e+03 1.031000000000000000e+03
1.211000000000000000e+03 1.041000000000000000e+03
1.243000000000000000e+03 1.059000000000000000e+03
1.290000000000000000e+03 1.166000000000000000e+03
1.052000000000000000e+03 1.951000000000000000e+03
1.236000000000000000e+03 1.105000000000000000e+03
1.445000000000000000e+03 1.140000000000000000e+03
1.347000000000000000e+03 1.134000000000000000e+03
1.119000000000000000e+03 1.395000000000000000e+03
9.240000000000000000e+02 1.646000000000000000e+03
9.180000000000000000e+02 1.687000000000000000e+03
9.810000000000000000e+02 1.663000000000000000e+03
1.020000000000000000e+03 1.681000000000000000e+03
9.640000000000000000e+02 1.690000000000000000e+03
1.001000000000000000e+03 1.695000000000000000e+03
1.095000000000000000e+03 1.745000000000000000e+03
9.080000000000000000e+02 1.476000000000000000e+03
9.160000000000000000e+02 1.420000000000000000e+03
1.323000000000000000e+03 1.021000000000000000e+03
1.016000000000000000e+03 1.250000000000000000e+03
1.036000000000000000e+03 1.439000000000000000e+03
1.037000000000000000e+03 1.405000000000000000e+03
1.267000000000000000e+03 1.383000000000000000e+03
9.130000000000000000e+02 1.344000000000000000e+03
1.205000000000000000e+03 9.740000000000000000e+02
1.276000000000000000e+03 9.890000000000000000e+02
1.378000000000000000e+03 8.090000000000000000e+02
9.700000000000000000e+02 1.014000000000000000e+03
1.049000000000000000e+03 1.045000000000000000e+03
1.138000000000000000e+03 1.692000000000000000e+03
1.384000000000000000e+03 1.660000000000000000e+03
9.980000000000000000e+02 1.471000000000000000e+03
9.560000000000000000e+02 1.489000000000000000e+03
1.068000000000000000e+03 1.711000000000000000e+03
1.057000000000000000e+03 1.709000000000000000e+03
1.303000000000000000e+03 9.540000000000000000e+02
1.039000000000000000e+03 1.458000000000000000e+03
1.103000000000000000e+03 9.790000000000000000e+02
1.114000000000000000e+03 9.360000000000000000e+02
1.174000000000000000e+03 6.890000000000000000e+02
1.340000000000000000e+03 8.790000000000000000e+02
1.138000000000000000e+03 8.060000000000000000e+02
1.351000000000000000e+03 9.940000000000000000e+02
1.391000000000000000e+03 9.500000000000000000e+02
9.220000000000000000e+02 1.669000000000000000e+03
9.730000000000000000e+02 1.678000000000000000e+03
1.011000000000000000e+03 1.688000000000000000e+03
9.860000000000000000e+02 1.480000000000000000e+03
1.062000000000000000e+03 1.710000000000000000e+03
1.039000000000000000e+03 1.716000000000000000e+03
1.051000000000000000e+03 1.707000000000000000e+03
9.700000000000000000e+02 1.464000000000000000e+03
9.930000000000000000e+02 1.700000000000000000e+03
9.560000000000000000e+02 1.697000000000000000e+03
9.130000000000000000e+02 1.698000000000000000e+03
9.230000000000000000e+02 1.852000000000000000e+03
9.230000000000000000e+02 1.767000000000000000e+03
9.210000000000000000e+02 1.740000000000000000e+03
9.170000000000000000e+02 1.716000000000000000e+03
9.130000000000000000e+02 1.697000000000000000e+03
9.920000000000000000e+02 1.699000000000000000e+03
1.002000000000000000e+03 1.710000000000000000e+03
1.011000000000000000e+03 1.723000000000000000e+03
1.019000000000000000e+03 1.739000000000000000e+03
1.082000000000000000e+03 1.603000000000000000e+03
1.438000000000000000e+03 1.378000000000000000e+03
1.020000000000000000e+03 1.703000000000000000e+03
1.029000000000000000e+03 1.709000000000000000e+03
9.360000000000000000e+02 1.512000000000000000e+03
1.020000000000000000e+03 1.488000000000000000e+03
9.460000000000000000e+02 1.501000000000000000e+03
1.067000000000000000e+03 1.281000000000000000e+03
1.149000000000000000e+03 1.319000000000000000e+03
1.046000000000000000e+03 1.426000000000000000e+03
1.299000000000000000e+03 7.360000000000000000e+02
1.260000000000000000e+03 8.290000000000000000e+02
1.222000000000000000e+03 9.300000000000000000e+02
1.051000000000000000e+03 1.787000000000000000e+03
9.880000000000000000e+02 9.480000000000000000e+02
1.014000000000000000e+03 8.000000000000000000e+02
1.038000000000000000e+03 6.660000000000000000e+02
1.219000000000000000e+03 1.150000000000000000e+03
1.346000000000000000e+03 1.202000000000000000e+03
1.006000000000000000e+03 1.122000000000000000e+03
1.295000000000000000e+03 1.077000000000000000e+03
9.820000000000000000e+02 1.217000000000000000e+03
1.002000000000000000e+03 1.427000000000000000e+03
1.397000000000000000e+03 1.245000000000000000e+03
1.314000000000000000e+03 1.237000000000000000e+03
1.252000000000000000e+03 1.256000000000000000e+03
1.153000000000000000e+03 1.246000000000000000e+03
1.078000000000000000e+03 1.222000000000000000e+03
1.022000000000000000e+03 1.197000000000000000e+03
9.180000000000000000e+02 1.150000000000000000e+03
1.385000000000000000e+03 1.360000000000000000e+03
1.337000000000000000e+03 1.071000000000000000e+03
8.910000000000000000e+02 1.501000000000000000e+03
1.015000000000000000e+03 1.310000000000000000e+03
1.457000000000000000e+03 1.127000000000000000e+03
9.820000000000000000e+02 1.170000000000000000e+03
1.049000000000000000e+03 1.425000000000000000e+03
1.260000000000000000e+03 1.108000000000000000e+03
1.002000000000000000e+03 1.385000000000000000e+03
1.419000000000000000e+03 1.515000000000000000e+03
1.006000000000000000e+03 1.105000000000000000e+03
9.590000000000000000e+02 1.360000000000000000e+03
1.283000000000000000e+03 1.809000000000000000e+03
1.279000000000000000e+03 1.874000000000000000e+03
1.433000000000000000e+03 1.374000000000000000e+03
1.341000000000000000e+03 1.725000000000000000e+03
1.420000000000000000e+03 1.034000000000000000e+03
1.067000000000000000e+03 2.018000000000000000e+03
8.850000000000000000e+02 1.509000000000000000e+03
1.059000000000000000e+03 1.350000000000000000e+03
1.388000000000000000e+03 1.142000000000000000e+03
1.171000000000000000e+03 1.125000000000000000e+03
1.128000000000000000e+03 1.126000000000000000e+03
1.047000000000000000e+03 1.725000000000000000e+03
1.375000000000000000e+03 1.474000000000000000e+03
9.680000000000000000e+02 2.102000000000000000e+03
1.135000000000000000e+03 2.018000000000000000e+03
1.204000000000000000e+03 1.959000000000000000e+03
1.086000000000000000e+03 1.121000000000000000e+03
1.045000000000000000e+03 1.112000000000000000e+03
1.019000000000000000e+03 1.108000000000000000e+03
1.370000000000000000e+03 1.057000000000000000e+03
1.054000000000000000e+03 1.078000000000000000e+03
1.100000000000000000e+03 1.071000000000000000e+03
1.144000000000000000e+03 1.073000000000000000e+03
1.186000000000000000e+03 1.082000000000000000e+03
1.211000000000000000e+03 1.092000000000000000e+03
1.449000000000000000e+03 9.990000000000000000e+02
1.199000000000000000e+03 1.120000000000000000e+03
1.034000000000000000e+03 1.573000000000000000e+03
9.980000000000000000e+02 1.465000000000000000e+03
9.360000000000000000e+02 1.560000000000000000e+03
1.215000000000000000e+03 1.890000000000000000e+03
1.146000000000000000e+03 1.956000000000000000e+03
9.680000000000000000e+02 2.058000000000000000e+03
1.334000000000000000e+03 1.780000000000000000e+03
1.022000000000000000e+03 1.093000000000000000e+03
9.500000000000000000e+02 1.242000000000000000e+03
1.059000000000000000e+03 2.069000000000000000e+03
1.415000000000000000e+03 1.498000000000000000e+03
9.560000000000000000e+02 1.697000000000000000e+03
9.640000000000000000e+02 1.712000000000000000e+03
9.710000000000000000e+02 1.732000000000000000e+03
9.760000000000000000e+02 1.756000000000000000e+03
9.950000000000000000e+02 1.825000000000000000e+03
1.031000000000000000e+03 1.701000000000000000e+03
1.041000000000000000e+03 1.699000000000000000e+03
1.049000000000000000e+03 1.696000000000000000e+03
1.119000000000000000e+03 1.643000000000000000e+03
1.308000000000000000e+03 1.505000000000000000e+03
9.490000000000000000e+02 1.180000000000000000e+03
9.700000000000000000e+02 1.073000000000000000e+03
1.001000000000000000e+03 1.077000000000000000e+03
1.021000000000000000e+03 1.703000000000000000e+03
1.319000000000000000e+03 1.643000000000000000e+03
9.280000000000000000e+02 1.076000000000000000e+03
1.024000000000000000e+03 1.884000000000000000e+03
9.150000000000000000e+02 1.215000000000000000e+03
9.850000000000000000e+02 1.331000000000000000e+03
9.390000000000000000e+02 1.917000000000000000e+03
1.147000000000000000e+03 1.772000000000000000e+03
1.089000000000000000e+03 1.469000000000000000e+03
1.091000000000000000e+03 1.836000000000000000e+03
1.200000000000000000e+03 1.461000000000000000e+03
1.133000000000000000e+03 1.527000000000000000e+03
1.244000000000000000e+03 1.551000000000000000e+03
9.580000000000000000e+02 1.992000000000000000e+03
1.016000000000000000e+03 1.358000000000000000e+03
1.195000000000000000e+03 1.821000000000000000e+03
1.125000000000000000e+03 1.891000000000000000e+03
1.190000000000000000e+03 1.700000000000000000e+03
1.363000000000000000e+03 1.572000000000000000e+03
1.256000000000000000e+03 1.709000000000000000e+03
1.389000000000000000e+03 1.615000000000000000e+03
1.174000000000000000e+03 1.598000000000000000e+03
9.810000000000000000e+02 1.275000000000000000e+03
9.860000000000000000e+02 1.454000000000000000e+03
1.020000000000000000e+03 1.459000000000000000e+03
9.620000000000000000e+02 1.423000000000000000e+03
1.011000000000000000e+03 1.037000000000000000e+03
1.100000000000000000e+03 1.013000000000000000e+03
1.177000000000000000e+03 1.010000000000000000e+03
1.238000000000000000e+03 1.021000000000000000e+03
1.278000000000000000e+03 1.043000000000000000e+03
1.298000000000000000e+03 1.121000000000000000e+03
1.446000000000000000e+03 1.255000000000000000e+03
1.262000000000000000e+03 1.187000000000000000e+03
1.212000000000000000e+03 1.200000000000000000e+03
1.143000000000000000e+03 1.197000000000000000e+03
1.076000000000000000e+03 1.183000000000000000e+03
1.024000000000000000e+03 1.164000000000000000e+03
9.900000000000000000e+02 1.148000000000000000e+03
1.449000000000000000e+03 1.251000000000000000e+03
1.020000000000000000e+03 1.470000000000000000e+03
9.490000000000000000e+02 1.299000000000000000e+03
9.480000000000000000e+02 1.465000000000000000e+03
9.220000000000000000e+02 1.489000000000000000e+03
9.490000000000000000e+02 1.471000000000000000e+03
1.005000000000000000e+03 1.484000000000000000e+03
9.100000000000000000e+02 1.496000000000000000e+03
9.050000000000000000e+02 1.504000000000000000e+03
9.890000000000000000e+02 1.108000000000000000e+03
9.630000000000000000e+02 1.121000000000000000e+03
9.500000000000000000e+02 1.132000000000000000e+03
1.226000000000000000e+03 1.100000000000000000e+03
1.263000000000000000e+03 1.080000000000000000e+03
6.190000000000000000e+02 1.090000000000000000e+03
6.720000000000000000e+02 1.088000000000000000e+03
6.190000000000000000e+02 1.047000000000000000e+03
5.660000000000000000e+02 1.091000000000000000e+03
6.200000000000000000e+02 1.132000000000000000e+03
1.128000000000000000e+03 1.091000000000000000e+03
1.179000000000000000e+03 1.093000000000000000e+03
1.128000000000000000e+03 1.050000000000000000e+03
1.077000000000000000e+03 1.089000000000000000e+03
1.128000000000000000e+03 1.133000000000000000e+03
0.000000000000000000e+00 0.000000000000000000e+00
1.749000000000000000e+03 0.000000000000000000e+00
1.749000000000000000e+03 2.187000000000000000e+03
0.000000000000000000e+00 2.187000000000000000e+03
8.700000000000000000e+01 0.000000000000000000e+00
8.700000000000000000e+01 2.187000000000000000e+03
0.000000000000000000e+00 1.090000000000000000e+02
1.749000000000000000e+03 1.090000000000000000e+02
1.750000000000000000e+02 0.000000000000000000e+00
1.750000000000000000e+02 2.187000000000000000e+03
0.000000000000000000e+00 2.180000000000000000e+02
1.749000000000000000e+03 2.180000000000000000e+02
2.620000000000000000e+02 0.000000000000000000e+00
2.620000000000000000e+02 2.187000000000000000e+03
0.000000000000000000e+00 3.280000000000000000e+02
1.749000000000000000e+03 3.280000000000000000e+02
3.500000000000000000e+02 0.000000000000000000e+00
3.500000000000000000e+02 2.187000000000000000e+03
0.000000000000000000e+00 4.370000000000000000e+02
1.749000000000000000e+03 4.370000000000000000e+02
4.370000000000000000e+02 0.000000000000000000e+00
4.370000000000000000e+02 2.187000000000000000e+03
0.000000000000000000e+00 5.470000000000000000e+02
1.749000000000000000e+03 5.470000000000000000e+02
5.250000000000000000e+02 0.000000000000000000e+00
5.250000000000000000e+02 2.187000000000000000e+03
0.000000000000000000e+00 6.560000000000000000e+02
1.749000000000000000e+03 6.560000000000000000e+02
6.120000000000000000e+02 0.000000000000000000e+00
6.120000000000000000e+02 2.187000000000000000e+03
0.000000000000000000e+00 7.650000000000000000e+02
1.749000000000000000e+03 7.650000000000000000e+02
7.000000000000000000e+02 0.000000000000000000e+00
7.000000000000000000e+02 2.187000000000000000e+03
0.000000000000000000e+00 8.750000000000000000e+02
1.749000000000000000e+03 8.750000000000000000e+02
7.870000000000000000e+02 0.000000000000000000e+00
7.870000000000000000e+02 2.187000000000000000e+03
0.000000000000000000e+00 9.840000000000000000e+02
1.749000000000000000e+03 9.840000000000000000e+02
8.750000000000000000e+02 0.000000000000000000e+00
8.750000000000000000e+02 2.187000000000000000e+03
0.000000000000000000e+00 1.094000000000000000e+03
1.749000000000000000e+03 1.094000000000000000e+03
9.620000000000000000e+02 0.000000000000000000e+00
9.620000000000000000e+02 2.187000000000000000e+03
0.000000000000000000e+00 1.203000000000000000e+03
1.749000000000000000e+03 1.203000000000000000e+03
1.050000000000000000e+03 0.000000000000000000e+00
1.050000000000000000e+03 2.187000000000000000e+03
0.000000000000000000e+00 1.312000000000000000e+03
1.749000000000000000e+03 1.312000000000000000e+03
1.137000000000000000e+03 0.000000000000000000e+00
1.137000000000000000e+03 2.187000000000000000e+03
0.000000000000000000e+00 1.422000000000000000e+03
1.749000000000000000e+03 1.422000000000000000e+03
1.225000000000000000e+03 0.000000000000000000e+00
1.225000000000000000e+03 2.187000000000000000e+03
0.000000000000000000e+00 1.531000000000000000e+03
1.749000000000000000e+03 1.531000000000000000e+03
1.312000000000000000e+03 0.000000000000000000e+00
1.312000000000000000e+03 2.187000000000000000e+03
0.000000000000000000e+00 1.641000000000000000e+03
1.749000000000000000e+03 1.641000000000000000e+03
1.400000000000000000e+03 0.000000000000000000e+00
1.400000000000000000e+03 2.187000000000000000e+03
0.000000000000000000e+00 1.750000000000000000e+03
1.749000000000000000e+03 1.750000000000000000e+03
1.487000000000000000e+03 0.000000000000000000e+00
1.487000000000000000e+03 2.187000000000000000e+03
0.000000000000000000e+00 1.859000000000000000e+03
1.749000000000000000e+03 1.859000000000000000e+03
1.575000000000000000e+03 0.000000000000000000e+00
1.575000000000000000e+03 2.187000000000000000e+03
0.000000000000000000e+00 1.969000000000000000e+03
1.749000000000000000e+03 1.969000000000000000e+03
1.662000000000000000e+03 0.000000000000000000e+00
1.662000000000000000e+03 2.187000000000000000e+03
0.000000000000000000e+00 2.078000000000000000e+03
1.749000000000000000e+03 2.078000000000000000e+03
