7.890000000000000000e+02 1.512000000000000000e+03
8.060000000000000000e+02 1.351000000000000000e+03
8.020000000000000000e+02 1.387000000000000000e+03
7.750000000000000000e+02 1.195000000000000000e+03
8.070000000000000000e+02 1.306000000000000000e+03
8.070000000000000000e+02 1.243000000000000000e+03
8.090000000000000000e+02 1.088000000000000000e+03
5.380000000000000000e+02 1.058000000000000000e+03
8.110000000000000000e+02 9.970000000000000000e+02
8.120000000000000000e+02 9.420000000000000000e+02
8.160000000000000000e+02 7.070000000000000000e+02
7.890000000000000000e+02 1.523000000000000000e+03
7.900000000000000000e+02 1.531000000000000000e+03
7.910000000000000000e+02 1.537000000000000000e+03
7.900000000000000000e+02 1.537000000000000000e+03
7.900000000000000000e+02 1.552000000000000000e+03
7.900000000000000000e+02 1.572000000000000000e+03
7.900000000000000000e+02 1.593000000000000000e+03
7.940000000000000000e+02 1.649000000000000000e+03
8.040000000000000000e+02 1.372000000000000000e+03
7.630000000000000000e+02 1.366000000000000000e+03
3.820000000000000000e+02 8.840000000000000000e+02
6.450000000000000000e+02 1.089000000000000000e+03
6.060000000000000000e+02 1.094000000000000000e+03
5.680000000000000000e+02 1.094000000000000000e+03
5.210000000000000000e+02 1.074000000000000000e+03
6.780000000000000000e+02 1.082000000000000000e+03
5.860000000000000000e+02 9.940000000000000000e+02
6.310000000000000000e+02 9.960000000000000000e+02
5.450000000000000000e+02 1.002000000000000000e+03
5.190000000000000000e+02 1.016000000000000000e+03
4.850000000000000000e+02 1.101000000000000000e+03
6.490000000000000000e+02 1.715000000000000000e+03
5.240000000000000000e+02 1.050000000000000000e+03
3.660000000000000000e+02 1.073000000000000000e+03
4.400000000000000000e+02 1.074000000000000000e+03
6.140000000000000000e+02 1.289000000000000000e+03
7.460000000000000000e+02 1.505000000000000000e+03
7.510000000000000000e+02 1.529000000000000000e+03
7.070000000000000000e+02 1.514000000000000000e+03
6.770000000000000000e+02 1.524000000000000000e+03
7.180000000000000000e+02 1.530000000000000000e+03
6.900000000000000000e+02 1.533000000000000000e+03
6.200000000000000000e+02 1.570000000000000000e+03
7.720000000000000000e+02 1.349000000000000000e+03
7.690000000000000000e+02 1.305000000000000000e+03
4.660000000000000000e+02 9.950000000000000000e+02
6.930000000000000000e+02 1.177000000000000000e+03
6.800000000000000000e+02 1.324000000000000000e+03
6.780000000000000000e+02 1.298000000000000000e+03
5.030000000000000000e+02 1.276000000000000000e+03
7.720000000000000000e+02 1.247000000000000000e+03
5.610000000000000000e+02 9.570000000000000000e+02
5.050000000000000000e+02 9.700000000000000000e+02
4.250000000000000000e+02 8.120000000000000000e+02
7.360000000000000000e+02 9.850000000000000000e+02
6.700000000000000000e+02 1.009000000000000000e+03
5.920000000000000000e+02 1.530000000000000000e+03
4.050000000000000000e+02 1.482000000000000000e+03
7.070000000000000000e+02 1.351000000000000000e+03
7.370000000000000000e+02 1.365000000000000000e+03
6.380000000000000000e+02 1.540000000000000000e+03
6.460000000000000000e+02 1.539000000000000000e+03
4.860000000000000000e+02 9.440000000000000000e+02
6.760000000000000000e+02 1.342000000000000000e+03
6.380000000000000000e+02 9.590000000000000000e+02
6.310000000000000000e+02 9.260000000000000000e+02
5.920000000000000000e+02 7.210000000000000000e+02
4.560000000000000000e+02 8.690000000000000000e+02
6.160000000000000000e+02 8.150000000000000000e+02
4.440000000000000000e+02 9.730000000000000000e+02
4.120000000000000000e+02 9.240000000000000000e+02
7.480000000000000000e+02 1.519000000000000000e+03
7.120000000000000000e+02 1.523000000000000000e+03
6.830000000000000000e+02 1.529000000000000000e+03
7.150000000000000000e+02 1.358000000000000000e+03
6.420000000000000000e+02 1.539000000000000000e+03
6.600000000000000000e+02 1.546000000000000000e+03
6.500000000000000000e+02 1.539000000000000000e+03
7.270000000000000000e+02 1.341000000000000000e+03
6.950000000000000000e+02 1.536000000000000000e+03
7.230000000000000000e+02 1.534000000000000000e+03
7.540000000000000000e+02 1.535000000000000000e+03
7.440000000000000000e+02 1.646000000000000000e+03
7.460000000000000000e+02 1.590000000000000000e+03
7.470000000000000000e+02 1.569000000000000000e+03
7.490000000000000000e+02 1.550000000000000000e+03
7.530000000000000000e+02 1.535000000000000000e+03
6.940000000000000000e+02 1.536000000000000000e+03
6.870000000000000000e+02 1.543000000000000000e+03
6.800000000000000000e+02 1.553000000000000000e+03
6.750000000000000000e+02 1.566000000000000000e+03
6.380000000000000000e+02 1.457000000000000000e+03
3.600000000000000000e+02 1.260000000000000000e+03
8.030000000000000000e+02 1.379000000000000000e+03
6.730000000000000000e+02 1.537000000000000000e+03
6.670000000000000000e+02 1.541000000000000000e+03
7.500000000000000000e+02 1.382000000000000000e+03
6.890000000000000000e+02 1.367000000000000000e+03
7.440000000000000000e+02 1.374000000000000000e+03
6.530000000000000000e+02 1.201000000000000000e+03
5.920000000000000000e+02 1.229000000000000000e+03
6.710000000000000000e+02 1.316000000000000000e+03
4.920000000000000000e+02 7.550000000000000000e+02
5.220000000000000000e+02 8.310000000000000000e+02
5.490000000000000000e+02 9.250000000000000000e+02
6.530000000000000000e+02 1.599000000000000000e+03
7.250000000000000000e+02 9.320000000000000000e+02
7.100000000000000000e+02 8.140000000000000000e+02
6.960000000000000000e+02 7.060000000000000000e+02
5.380000000000000000e+02 1.087000000000000000e+03
4.410000000000000000e+02 1.129000000000000000e+03
7.000000000000000000e+02 1.073000000000000000e+03
4.820000000000000000e+02 1.033000000000000000e+03
7.200000000000000000e+02 1.150000000000000000e+03
7.050000000000000000e+02 1.312000000000000000e+03
4.030000000000000000e+02 1.160000000000000000e+03
4.660000000000000000e+02 1.160000000000000000e+03
5.150000000000000000e+02 1.177000000000000000e+03
5.910000000000000000e+02 1.172000000000000000e+03
6.470000000000000000e+02 1.155000000000000000e+03
6.880000000000000000e+02 1.137000000000000000e+03
7.720000000000000000e+02 1.097000000000000000e+03
4.120000000000000000e+02 1.253000000000000000e+03
4.500000000000000000e+02 1.028000000000000000e+03
7.840000000000000000e+02 1.370000000000000000e+03
6.950000000000000000e+02 1.224000000000000000e+03
3.490000000000000000e+02 1.063000000000000000e+03
7.200000000000000000e+02 1.117000000000000000e+03
6.680000000000000000e+02 1.316000000000000000e+03
5.060000000000000000e+02 1.053000000000000000e+03
7.040000000000000000e+02 1.281000000000000000e+03
3.770000000000000000e+02 1.368000000000000000e+03
7.000000000000000000e+02 1.059000000000000000e+03
7.370000000000000000e+02 1.259000000000000000e+03
4.870000000000000000e+02 1.601000000000000000e+03
4.850000000000000000e+02 1.650000000000000000e+03
3.730000000000000000e+02 1.258000000000000000e+03
4.440000000000000000e+02 1.534000000000000000e+03
3.870000000000000000e+02 9.900000000000000000e+02
6.370000000000000000e+02 1.761000000000000000e+03
7.860000000000000000e+02 1.377000000000000000e+03
6.600000000000000000e+02 1.255000000000000000e+03
4.080000000000000000e+02 1.079000000000000000e+03
5.750000000000000000e+02 1.067000000000000000e+03
6.070000000000000000e+02 1.068000000000000000e+03
6.540000000000000000e+02 1.553000000000000000e+03
4.210000000000000000e+02 1.341000000000000000e+03
7.070000000000000000e+02 1.825000000000000000e+03
5.880000000000000000e+02 1.761000000000000000e+03
5.390000000000000000e+02 1.716000000000000000e+03
8.140000000000000000e+02 8.190000000000000000e+02
7.910000000000000000e+02 1.833000000000000000e+03
6.390000000000000000e+02 1.064000000000000000e+03
6.700000000000000000e+02 1.060000000000000000e+03
6.910000000000000000e+02 1.060000000000000000e+03
4.240000000000000000e+02 1.016000000000000000e+03
6.640000000000000000e+02 1.034000000000000000e+03
6.290000000000000000e+02 1.026000000000000000e+03
5.950000000000000000e+02 1.026000000000000000e+03
5.630000000000000000e+02 1.032000000000000000e+03
5.430000000000000000e+02 1.040000000000000000e+03
3.590000000000000000e+02 9.620000000000000000e+02
5.530000000000000000e+02 1.063000000000000000e+03
8.000000000000000000e+02 1.422000000000000000e+03
6.750000000000000000e+02 1.433000000000000000e+03
7.070000000000000000e+02 1.344000000000000000e+03
7.460000000000000000e+02 1.423000000000000000e+03
8.090000000000000000e+02 1.039000000000000000e+03
5.330000000000000000e+02 1.665000000000000000e+03
5.820000000000000000e+02 1.715000000000000000e+03
7.070000000000000000e+02 1.793000000000000000e+03
4.430000000000000000e+02 1.577000000000000000e+03
6.890000000000000000e+02 1.049000000000000000e+03
7.460000000000000000e+02 1.168000000000000000e+03
7.920000000000000000e+02 1.801000000000000000e+03
6.430000000000000000e+02 1.799000000000000000e+03
3.880000000000000000e+02 1.355000000000000000e+03
7.210000000000000000e+02 1.534000000000000000e+03
7.150000000000000000e+02 1.546000000000000000e+03
7.100000000000000000e+02 1.561000000000000000e+03
7.070000000000000000e+02 1.581000000000000000e+03
6.930000000000000000e+02 1.626000000000000000e+03
6.660000000000000000e+02 1.536000000000000000e+03
6.600000000000000000e+02 1.534000000000000000e+03
6.540000000000000000e+02 1.532000000000000000e+03
6.080000000000000000e+02 1.490000000000000000e+03
4.730000000000000000e+02 1.370000000000000000e+03
7.470000000000000000e+02 1.120000000000000000e+03
7.310000000000000000e+02 1.035000000000000000e+03
7.050000000000000000e+02 1.037000000000000000e+03
6.740000000000000000e+02 1.538000000000000000e+03
4.640000000000000000e+02 1.475000000000000000e+03
7.640000000000000000e+02 1.040000000000000000e+03
6.700000000000000000e+02 1.668000000000000000e+03
8.080000000000000000e+02 1.190000000000000000e+03
7.730000000000000000e+02 1.148000000000000000e+03
8.080000000000000000e+02 1.140000000000000000e+03
7.170000000000000000e+02 1.239000000000000000e+03
7.920000000000000000e+02 1.754000000000000000e+03
7.930000000000000000e+02 1.698000000000000000e+03
7.300000000000000000e+02 1.693000000000000000e+03
5.820000000000000000e+02 1.586000000000000000e+03
6.360000000000000000e+02 1.350000000000000000e+03
6.220000000000000000e+02 1.633000000000000000e+03
5.550000000000000000e+02 1.338000000000000000e+03
6.010000000000000000e+02 1.394000000000000000e+03
5.200000000000000000e+02 1.408000000000000000e+03
7.150000000000000000e+02 1.747000000000000000e+03
6.930000000000000000e+02 1.261000000000000000e+03
5.480000000000000000e+02 1.617000000000000000e+03
5.970000000000000000e+02 1.669000000000000000e+03
5.540000000000000000e+02 1.530000000000000000e+03
4.300000000000000000e+02 1.417000000000000000e+03
5.080000000000000000e+02 1.530000000000000000e+03
4.080000000000000000e+02 1.447000000000000000e+03
5.700000000000000000e+02 1.451000000000000000e+03
7.210000000000000000e+02 1.195000000000000000e+03
7.160000000000000000e+02 1.333000000000000000e+03
6.910000000000000000e+02 1.340000000000000000e+03
7.340000000000000000e+02 1.307000000000000000e+03
7.010000000000000000e+02 1.005000000000000000e+03
6.350000000000000000e+02 9.850000000000000000e+02
5.770000000000000000e+02 9.820000000000000000e+02
5.290000000000000000e+02 9.910000000000000000e+02
4.970000000000000000e+02 1.007000000000000000e+03
4.770000000000000000e+02 1.065000000000000000e+03
3.630000000000000000e+02 1.164000000000000000e+03
5.050000000000000000e+02 1.118000000000000000e+03
5.450000000000000000e+02 1.131000000000000000e+03
5.970000000000000000e+02 1.130000000000000000e+03
6.470000000000000000e+02 1.119000000000000000e+03
6.860000000000000000e+02 1.108000000000000000e+03
7.130000000000000000e+02 1.096000000000000000e+03
3.520000000000000000e+02 1.160000000000000000e+03
6.900000000000000000e+02 1.351000000000000000e+03
7.450000000000000000e+02 1.213000000000000000e+03
7.440000000000000000e+02 1.340000000000000000e+03
7.620000000000000000e+02 1.361000000000000000e+03
7.430000000000000000e+02 1.346000000000000000e+03
7.010000000000000000e+02 1.363000000000000000e+03
7.710000000000000000e+02 1.366000000000000000e+03
7.730000000000000000e+02 1.373000000000000000e+03
7.140000000000000000e+02 1.062000000000000000e+03
7.340000000000000000e+02 1.076000000000000000e+03
7.450000000000000000e+02 1.087000000000000000e+03
5.320000000000000000e+02 1.046000000000000000e+03
5.040000000000000000e+02 1.032000000000000000e+03
8.400000000000000000e+02 1.196000000000000000e+03
1.072000000000000000e+03 1.069000000000000000e+03
8.430000000000000000e+02 1.367000000000000000e+03
1.215000000000000000e+03 9.050000000000000000e+02
9.640000000000000000e+02 1.093000000000000000e+03
1.002000000000000000e+03 1.100000000000000000e+03
1.039000000000000000e+03 1.103000000000000000e+03
1.088000000000000000e+03 1.085000000000000000e+03
9.320000000000000000e+02 1.082000000000000000e+03
1.031000000000000000e+03 9.970000000000000000e+02
9.860000000000000000e+02 9.960000000000000000e+02
1.070000000000000000e+03 1.008000000000000000e+03
1.094000000000000000e+03 1.024000000000000000e+03
1.121000000000000000e+03 1.114000000000000000e+03
9.360000000000000000e+02 1.720000000000000000e+03
1.087000000000000000e+03 1.061000000000000000e+03
1.229000000000000000e+03 1.094000000000000000e+03
1.165000000000000000e+03 1.088000000000000000e+03
9.900000000000000000e+02 1.298000000000000000e+03
8.330000000000000000e+02 1.506000000000000000e+03
8.300000000000000000e+02 1.530000000000000000e+03
8.750000000000000000e+02 1.516000000000000000e+03
9.070000000000000000e+02 1.527000000000000000e+03
8.650000000000000000e+02 1.532000000000000000e+03
8.960000000000000000e+02 1.535000000000000000e+03
9.640000000000000000e+02 1.578000000000000000e+03
8.390000000000000000e+02 1.350000000000000000e+03
8.450000000000000000e+02 1.307000000000000000e+03
1.149000000000000000e+03 1.002000000000000000e+03
9.170000000000000000e+02 1.182000000000000000e+03
9.280000000000000000e+02 1.330000000000000000e+03
9.290000000000000000e+02 1.304000000000000000e+03
1.100000000000000000e+03 1.292000000000000000e+03
8.430000000000000000e+02 1.248000000000000000e+03
1.061000000000000000e+03 9.600000000000000000e+02
1.114000000000000000e+03 9.760000000000000000e+02
1.181000000000000000e+03 8.320000000000000000e+02
8.880000000000000000e+02 9.820000000000000000e+02
9.450000000000000000e+02 1.008000000000000000e+03
9.940000000000000000e+02 1.539000000000000000e+03
1.176000000000000000e+03 1.502000000000000000e+03
8.990000000000000000e+02 1.354000000000000000e+03
8.680000000000000000e+02 1.367000000000000000e+03
9.510000000000000000e+02 1.542000000000000000e+03
9.430000000000000000e+02 1.542000000000000000e+03
1.135000000000000000e+03 9.500000000000000000e+02
9.290000000000000000e+02 1.348000000000000000e+03
9.860000000000000000e+02 9.580000000000000000e+02
9.950000000000000000e+02 9.260000000000000000e+02
1.034000000000000000e+03 7.340000000000000000e+02
1.154000000000000000e+03 8.860000000000000000e+02
1.008000000000000000e+03 8.260000000000000000e+02
1.170000000000000000e+03 9.820000000000000000e+02
1.191000000000000000e+03 9.430000000000000000e+02
8.320000000000000000e+02 1.520000000000000000e+03
8.700000000000000000e+02 1.525000000000000000e+03
9.020000000000000000e+02 1.531000000000000000e+03
8.890000000000000000e+02 1.362000000000000000e+03
9.470000000000000000e+02 1.542000000000000000e+03
9.270000000000000000e+02 1.549000000000000000e+03
9.380000000000000000e+02 1.541000000000000000e+03
8.810000000000000000e+02 1.344000000000000000e+03
8.910000000000000000e+02 1.538000000000000000e+03
8.610000000000000000e+02 1.536000000000000000e+03
8.280000000000000000e+02 1.536000000000000000e+03
8.430000000000000000e+02 1.648000000000000000e+03
8.350000000000000000e+02 1.592000000000000000e+03
8.330000000000000000e+02 1.570000000000000000e+03
8.310000000000000000e+02 1.551000000000000000e+03
8.270000000000000000e+02 1.536000000000000000e+03
8.900000000000000000e+02 1.537000000000000000e+03
8.970000000000000000e+02 1.545000000000000000e+03
9.040000000000000000e+02 1.556000000000000000e+03
9.100000000000000000e+02 1.569000000000000000e+03
9.550000000000000000e+02 1.465000000000000000e+03
1.222000000000000000e+03 1.282000000000000000e+03
9.130000000000000000e+02 1.539000000000000000e+03
9.200000000000000000e+02 1.543000000000000000e+03
8.540000000000000000e+02 1.385000000000000000e+03
9.130000000000000000e+02 1.372000000000000000e+03
8.610000000000000000e+02 1.376000000000000000e+03
9.540000000000000000e+02 1.208000000000000000e+03
1.015000000000000000e+03 1.240000000000000000e+03
9.350000000000000000e+02 1.323000000000000000e+03
1.124000000000000000e+03 7.730000000000000000e+02
1.095000000000000000e+03 8.460000000000000000e+02
1.075000000000000000e+03 9.280000000000000000e+02
9.320000000000000000e+02 1.605000000000000000e+03
9.030000000000000000e+02 9.300000000000000000e+02
9.180000000000000000e+02 8.200000000000000000e+02
9.360000000000000000e+02 7.140000000000000000e+02
1.069000000000000000e+03 1.098000000000000000e+03
1.161000000000000000e+03 1.144000000000000000e+03
9.120000000000000000e+02 1.072000000000000000e+03
1.129000000000000000e+03 1.042000000000000000e+03
8.920000000000000000e+02 1.154000000000000000e+03
9.050000000000000000e+02 1.317000000000000000e+03
1.197000000000000000e+03 1.179000000000000000e+03
1.135000000000000000e+03 1.175000000000000000e+03
1.086000000000000000e+03 1.191000000000000000e+03
1.012000000000000000e+03 1.181000000000000000e+03
9.590000000000000000e+02 1.160000000000000000e+03
9.200000000000000000e+02 1.139000000000000000e+03
8.450000000000000000e+02 1.099000000000000000e+03
1.187000000000000000e+03 1.273000000000000000e+03
1.160000000000000000e+03 1.039000000000000000e+03
8.250000000000000000e+02 1.370000000000000000e+03
9.140000000000000000e+02 1.229000000000000000e+03
1.237000000000000000e+03 1.085000000000000000e+03
8.910000000000000000e+02 1.117000000000000000e+03
9.360000000000000000e+02 1.323000000000000000e+03
1.104000000000000000e+03 1.064000000000000000e+03
9.060000000000000000e+02 1.285000000000000000e+03
1.205000000000000000e+03 1.389000000000000000e+03
9.120000000000000000e+02 1.056000000000000000e+03
8.750000000000000000e+02 1.262000000000000000e+03
1.099000000000000000e+03 1.614000000000000000e+03
1.096000000000000000e+03 1.662000000000000000e+03
1.220000000000000000e+03 1.279000000000000000e+03
1.143000000000000000e+03 1.551000000000000000e+03
1.211000000000000000e+03 1.010000000000000000e+03
9.470000000000000000e+02 1.766000000000000000e+03
8.200000000000000000e+02 1.377000000000000000e+03
9.470000000000000000e+02 1.262000000000000000e+03
1.195000000000000000e+03 1.094000000000000000e+03
1.035000000000000000e+03 1.076000000000000000e+03
1.003000000000000000e+03 1.075000000000000000e+03
9.330000000000000000e+02 1.556000000000000000e+03
1.175000000000000000e+03 1.361000000000000000e+03
8.750000000000000000e+02 1.826000000000000000e+03
9.930000000000000000e+02 1.766000000000000000e+03
1.042000000000000000e+03 1.724000000000000000e+03
9.720000000000000000e+02 1.069000000000000000e+03
9.410000000000000000e+02 1.062000000000000000e+03
9.220000000000000000e+02 1.059000000000000000e+03
1.185000000000000000e+03 1.028000000000000000e+03
9.490000000000000000e+02 1.034000000000000000e+03
9.840000000000000000e+02 1.028000000000000000e+03
1.018000000000000000e+03 1.031000000000000000e+03
1.049000000000000000e+03 1.039000000000000000e+03
1.068000000000000000e+03 1.049000000000000000e+03
1.232000000000000000e+03 9.840000000000000000e+02
1.056000000000000000e+03 1.073000000000000000e+03
9.220000000000000000e+02 1.439000000000000000e+03
8.990000000000000000e+02 1.348000000000000000e+03
8.540000000000000000e+02 1.425000000000000000e+03
1.051000000000000000e+03 1.675000000000000000e+03
1.002000000000000000e+03 1.722000000000000000e+03
8.770000000000000000e+02 1.796000000000000000e+03
1.139000000000000000e+03 1.593000000000000000e+03
9.240000000000000000e+02 1.046000000000000000e+03
8.680000000000000000e+02 1.171000000000000000e+03
9.390000000000000000e+02 1.802000000000000000e+03
1.203000000000000000e+03 1.377000000000000000e+03
8.610000000000000000e+02 1.536000000000000000e+03
8.670000000000000000e+02 1.547000000000000000e+03
8.720000000000000000e+02 1.564000000000000000e+03
8.760000000000000000e+02 1.584000000000000000e+03
8.930000000000000000e+02 1.630000000000000000e+03
9.210000000000000000e+02 1.538000000000000000e+03
9.270000000000000000e+02 1.537000000000000000e+03
9.320000000000000000e+02 1.535000000000000000e+03
9.810000000000000000e+02 1.499000000000000000e+03
1.125000000000000000e+03 1.387000000000000000e+03
8.670000000000000000e+02 1.123000000000000000e+03
8.850000000000000000e+02 1.032000000000000000e+03
9.090000000000000000e+02 1.034000000000000000e+03
9.140000000000000000e+02 1.540000000000000000e+03
1.128000000000000000e+03 1.492000000000000000e+03
8.540000000000000000e+02 1.037000000000000000e+03
9.150000000000000000e+02 1.673000000000000000e+03
8.430000000000000000e+02 1.149000000000000000e+03
8.930000000000000000e+02 1.243000000000000000e+03
8.560000000000000000e+02 1.696000000000000000e+03
1.003000000000000000e+03 1.595000000000000000e+03
9.650000000000000000e+02 1.358000000000000000e+03
9.630000000000000000e+02 1.640000000000000000e+03
1.047000000000000000e+03 1.351000000000000000e+03
9.960000000000000000e+02 1.404000000000000000e+03
1.076000000000000000e+03 1.423000000000000000e+03
8.700000000000000000e+02 1.750000000000000000e+03
9.150000000000000000e+02 1.267000000000000000e+03
1.038000000000000000e+03 1.627000000000000000e+03
9.880000000000000000e+02 1.677000000000000000e+03
1.034000000000000000e+03 1.542000000000000000e+03
1.163000000000000000e+03 1.436000000000000000e+03
1.082000000000000000e+03 1.544000000000000000e+03
1.181000000000000000e+03 1.467000000000000000e+03
1.023000000000000000e+03 1.463000000000000000e+03
8.900000000000000000e+02 1.200000000000000000e+03
8.930000000000000000e+02 1.337000000000000000e+03
9.160000000000000000e+02 1.345000000000000000e+03
8.770000000000000000e+02 1.310000000000000000e+03
9.180000000000000000e+02 1.002000000000000000e+03
9.850000000000000000e+02 9.840000000000000000e+02
1.043000000000000000e+03 9.850000000000000000e+02
1.088000000000000000e+03 9.970000000000000000e+02
1.117000000000000000e+03 1.015000000000000000e+03
1.131000000000000000e+03 1.076000000000000000e+03
1.230000000000000000e+03 1.185000000000000000e+03
1.099000000000000000e+03 1.131000000000000000e+03
1.060000000000000000e+03 1.142000000000000000e+03
1.008000000000000000e+03 1.137000000000000000e+03
9.600000000000000000e+02 1.124000000000000000e+03
9.240000000000000000e+02 1.109000000000000000e+03
8.990000000000000000e+02 1.095000000000000000e+03
1.232000000000000000e+03 1.182000000000000000e+03
9.150000000000000000e+02 1.355000000000000000e+03
8.680000000000000000e+02 1.216000000000000000e+03
8.660000000000000000e+02 1.342000000000000000e+03
8.460000000000000000e+02 1.362000000000000000e+03
8.660000000000000000e+02 1.348000000000000000e+03
9.030000000000000000e+02 1.367000000000000000e+03
8.380000000000000000e+02 1.367000000000000000e+03
8.330000000000000000e+02 1.374000000000000000e+03
8.990000000000000000e+02 1.059000000000000000e+03
8.790000000000000000e+02 1.073000000000000000e+03
8.690000000000000000e+02 1.085000000000000000e+03
1.079000000000000000e+03 1.056000000000000000e+03
1.108000000000000000e+03 1.041000000000000000e+03
5.970000000000000000e+02 1.044000000000000000e+03
6.370000000000000000e+02 1.043000000000000000e+03
5.970000000000000000e+02 1.008000000000000000e+03
5.570000000000000000e+02 1.045000000000000000e+03
5.970000000000000000e+02 1.079000000000000000e+03
1.008000000000000000e+03 1.047000000000000000e+03
1.050000000000000000e+03 1.050000000000000000e+03
1.010000000000000000e+03 1.011000000000000000e+03
9.660000000000000000e+02 1.044000000000000000e+03
1.007000000000000000e+03 1.084000000000000000e+03
0.000000000000000000e+00 0.000000000000000000e+00
1.749000000000000000e+03 0.000000000000000000e+00
1.749000000000000000e+03 2.187000000000000000e+03
0.000000000000000000e+00 2.187000000000000000e+03
8.700000000000000000e+01 0.000000000000000000e+00
8.700000000000000000e+01 2.187000000000000000e+03
0.000000000000000000e+00 1.090000000000000000e+02
1.749000000000000000e+03 1.090000000000000000e+02
1.750000000000000000e+02 0.000000000000000000e+00
1.750000000000000000e+02 2.187000000000000000e+03
0.000000000000000000e+00 2.180000000000000000e+02
1.749000000000000000e+03 2.180000000000000000e+02
2.620000000000000000e+02 0.000000000000000000e+00
2.620000000000000000e+02 2.187000000000000000e+03
0.000000000000000000e+00 3.280000000000000000e+02
1.749000000000000000e+03 3.280000000000000000e+02
3.500000000000000000e+02 0.000000000000000000e+00
3.500000000000000000e+02 2.187000000000000000e+03
0.000000000000000000e+00 4.370000000000000000e+02
1.749000000000000000e+03 4.370000000000000000e+02
4.370000000000000000e+02 0.000000000000000000e+00
4.370000000000000000e+02 2.187000000000000000e+03
0.000000000000000000e+00 5.470000000000000000e+02
1.749000000000000000e+03 5.470000000000000000e+02
5.250000000000000000e+02 0.000000000000000000e+00
5.250000000000000000e+02 2.187000000000000000e+03
0.000000000000000000e+00 6.560000000000000000e+02
1.749000000000000000e+03 6.560000000000000000e+02
6.120000000000000000e+02 0.000000000000000000e+00
6.120000000000000000e+02 2.187000000000000000e+03
0.000000000000000000e+00 7.650000000000000000e+02
1.749000000000000000e+03 7.650000000000000000e+02
7.000000000000000000e+02 0.000000000000000000e+00
7.000000000000000000e+02 2.187000000000000000e+03
0.000000000000000000e+00 8.750000000000000000e+02
1.749000000000000000e+03 8.750000000000000000e+02
7.870000000000000000e+02 0.000000000000000000e+00
7.870000000000000000e+02 2.187000000000000000e+03
0.000000000000000000e+00 9.840000000000000000e+02
1.749000000000000000e+03 9.840000000000000000e+02
8.750000000000000000e+02 0.000000000000000000e+00
8.750000000000000000e+02 2.187000000000000000e+03
0.000000000000000000e+00 1.094000000000000000e+03
1.749000000000000000e+03 1.094000000000000000e+03
9.620000000000000000e+02 0.000000000000000000e+00
9.620000000000000000e+02 2.187000000000000000e+03
0.000000000000000000e+00 1.203000000000000000e+03
1.749000000000000000e+03 1.203000000000000000e+03
1.050000000000000000e+03 0.000000000000000000e+00
1.050000000000000000e+03 2.187000000000000000e+03
0.000000000000000000e+00 1.312000000000000000e+03
1.749000000000000000e+03 1.312000000000000000e+03
1.137000000000000000e+03 0.000000000000000000e+00
1.137000000000000000e+03 2.187000000000000000e+03
0.000000000000000000e+00 1.422000000000000000e+03
1.749000000000000000e+03 1.422000000000000000e+03
1.225000000000000000e+03 0.000000000000000000e+00
1.225000000000000000e+03 2.187000000000000000e+03
0.000000000000000000e+00 1.531000000000000000e+03
1.749000000000000000e+03 1.531000000000000000e+03
1.312000000000000000e+03 0.000000000000000000e+00
1.312000000000000000e+03 2.187000000000000000e+03
0.000000000000000000e+00 1.641000000000000000e+03
1.749000000000000000e+03 1.641000000000000000e+03
1.400000000000000000e+03 0.000000000000000000e+00
1.400000000000000000e+03 2.187000000000000000e+03
0.000000000000000000e+00 1.750000000000000000e+03
1.749000000000000000e+03 1.750000000000000000e+03
1.487000000000000000e+03 0.000000000000000000e+00
1.487000000000000000e+03 2.187000000000000000e+03
0.000000000000000000e+00 1.859000000000000000e+03
1.749000000000000000e+03 1.859000000000000000e+03
1.575000000000000000e+03 0.000000000000000000e+00
1.575000000000000000e+03 2.187000000000000000e+03
0.000000000000000000e+00 1.969000000000000000e+03
1.749000000000000000e+03 1.969000000000000000e+03
1.662000000000000000e+03 0.000000000000000000e+00
1.662000000000000000e+03 2.187000000000000000e+03
0.000000000000000000e+00 2.078000000000000000e+03
1.749000000000000000e+03 2.078000000000000000e+03
