8.640000000000000000e+02 1.481000000000000000e+03
8.680000000000000000e+02 1.315000000000000000e+03
8.640000000000000000e+02 1.357000000000000000e+03
8.330000000000000000e+02 1.164000000000000000e+03
8.700000000000000000e+02 1.270000000000000000e+03
8.700000000000000000e+02 1.209000000000000000e+03
8.690000000000000000e+02 1.060000000000000000e+03
5.660000000000000000e+02 1.030000000000000000e+03
8.700000000000000000e+02 9.490000000000000000e+02
8.710000000000000000e+02 8.900000000000000000e+02
8.730000000000000000e+02 6.720000000000000000e+02
8.630000000000000000e+02 1.499000000000000000e+03
8.610000000000000000e+02 1.517000000000000000e+03
8.600000000000000000e+02 1.530000000000000000e+03
8.600000000000000000e+02 1.530000000000000000e+03
8.600000000000000000e+02 1.555000000000000000e+03
8.590000000000000000e+02 1.586000000000000000e+03
8.570000000000000000e+02 1.617000000000000000e+03
8.540000000000000000e+02 1.666000000000000000e+03
8.670000000000000000e+02 1.338000000000000000e+03
8.250000000000000000e+02 1.335000000000000000e+03
3.920000000000000000e+02 8.560000000000000000e+02
6.840000000000000000e+02 1.068000000000000000e+03
6.420000000000000000e+02 1.072000000000000000e+03
6.020000000000000000e+02 1.071000000000000000e+03
5.470000000000000000e+02 1.046000000000000000e+03
7.190000000000000000e+02 1.061000000000000000e+03
6.140000000000000000e+02 9.530000000000000000e+02
6.640000000000000000e+02 9.600000000000000000e+02
5.690000000000000000e+02 9.590000000000000000e+02
5.410000000000000000e+02 9.740000000000000000e+02
5.090000000000000000e+02 1.074000000000000000e+03
6.860000000000000000e+02 1.722000000000000000e+03
5.500000000000000000e+02 1.019000000000000000e+03
3.780000000000000000e+02 1.049000000000000000e+03
4.590000000000000000e+02 1.039000000000000000e+03
6.480000000000000000e+02 1.266000000000000000e+03
8.100000000000000000e+02 1.466000000000000000e+03
8.130000000000000000e+02 1.513000000000000000e+03
7.560000000000000000e+02 1.480000000000000000e+03
7.190000000000000000e+02 1.496000000000000000e+03
7.710000000000000000e+02 1.512000000000000000e+03
7.360000000000000000e+02 1.514000000000000000e+03
6.570000000000000000e+02 1.560000000000000000e+03
8.320000000000000000e+02 1.313000000000000000e+03
8.280000000000000000e+02 1.270000000000000000e+03
4.760000000000000000e+02 9.320000000000000000e+02
7.370000000000000000e+02 1.154000000000000000e+03
7.300000000000000000e+02 1.297000000000000000e+03
7.260000000000000000e+02 1.272000000000000000e+03
5.230000000000000000e+02 1.256000000000000000e+03
8.310000000000000000e+02 1.213000000000000000e+03
5.750000000000000000e+02 8.970000000000000000e+02
5.150000000000000000e+02 9.050000000000000000e+02
4.370000000000000000e+02 7.800000000000000000e+02
7.690000000000000000e+02 9.530000000000000000e+02
7.070000000000000000e+02 9.790000000000000000e+02
6.270000000000000000e+02 1.510000000000000000e+03
4.230000000000000000e+02 1.472000000000000000e+03
7.610000000000000000e+02 1.323000000000000000e+03
7.940000000000000000e+02 1.337000000000000000e+03
6.720000000000000000e+02 1.525000000000000000e+03
6.820000000000000000e+02 1.524000000000000000e+03
4.920000000000000000e+02 8.730000000000000000e+02
7.260000000000000000e+02 1.316000000000000000e+03
6.580000000000000000e+02 9.110000000000000000e+02
6.500000000000000000e+02 8.740000000000000000e+02
6.220000000000000000e+02 6.860000000000000000e+02
4.690000000000000000e+02 8.260000000000000000e+02
6.460000000000000000e+02 7.710000000000000000e+02
4.510000000000000000e+02 9.080000000000000000e+02
4.240000000000000000e+02 8.860000000000000000e+02
8.110000000000000000e+02 1.492000000000000000e+03
7.640000000000000000e+02 1.497000000000000000e+03
7.280000000000000000e+02 1.506000000000000000e+03
7.700000000000000000e+02 1.331000000000000000e+03
6.770000000000000000e+02 1.524000000000000000e+03
6.980000000000000000e+02 1.536000000000000000e+03
6.880000000000000000e+02 1.524000000000000000e+03
7.840000000000000000e+02 1.309000000000000000e+03
7.430000000000000000e+02 1.520000000000000000e+03
7.770000000000000000e+02 1.521000000000000000e+03
8.160000000000000000e+02 1.525000000000000000e+03
7.930000000000000000e+02 1.660000000000000000e+03
8.000000000000000000e+02 1.611000000000000000e+03
8.040000000000000000e+02 1.580000000000000000e+03
8.100000000000000000e+02 1.550000000000000000e+03
8.160000000000000000e+02 1.525000000000000000e+03
7.430000000000000000e+02 1.521000000000000000e+03
7.330000000000000000e+02 1.533000000000000000e+03
7.220000000000000000e+02 1.549000000000000000e+03
7.130000000000000000e+02 1.566000000000000000e+03
6.780000000000000000e+02 1.433000000000000000e+03
3.750000000000000000e+02 1.242000000000000000e+03
8.650000000000000000e+02 1.347000000000000000e+03
7.170000000000000000e+02 1.522000000000000000e+03
7.080000000000000000e+02 1.528000000000000000e+03
8.070000000000000000e+02 1.355000000000000000e+03
7.390000000000000000e+02 1.343000000000000000e+03
8.010000000000000000e+02 1.346000000000000000e+03
6.920000000000000000e+02 1.178000000000000000e+03
6.220000000000000000e+02 1.206000000000000000e+03
7.180000000000000000e+02 1.292000000000000000e+03
5.110000000000000000e+02 7.210000000000000000e+02
5.400000000000000000e+02 7.850000000000000000e+02
5.590000000000000000e+02 8.590000000000000000e+02
6.900000000000000000e+02 1.599000000000000000e+03
7.550000000000000000e+02 8.960000000000000000e+02
7.530000000000000000e+02 7.740000000000000000e+02
7.380000000000000000e+02 6.720000000000000000e+02
5.670000000000000000e+02 1.062000000000000000e+03
4.630000000000000000e+02 1.104000000000000000e+03
7.420000000000000000e+02 1.053000000000000000e+03
5.000000000000000000e+02 9.890000000000000000e+02
7.680000000000000000e+02 1.126000000000000000e+03
7.580000000000000000e+02 1.281000000000000000e+03
4.170000000000000000e+02 1.137000000000000000e+03
4.930000000000000000e+02 1.139000000000000000e+03
5.490000000000000000e+02 1.160000000000000000e+03
6.320000000000000000e+02 1.154000000000000000e+03
6.920000000000000000e+02 1.136000000000000000e+03
7.350000000000000000e+02 1.119000000000000000e+03
8.280000000000000000e+02 1.069000000000000000e+03
4.260000000000000000e+02 1.233000000000000000e+03
4.650000000000000000e+02 9.800000000000000000e+02
8.450000000000000000e+02 1.336000000000000000e+03
7.390000000000000000e+02 1.199000000000000000e+03
3.600000000000000000e+02 1.041000000000000000e+03
7.680000000000000000e+02 1.099000000000000000e+03
7.120000000000000000e+02 1.293000000000000000e+03
5.290000000000000000e+02 1.019000000000000000e+03
7.550000000000000000e+02 1.251000000000000000e+03
3.940000000000000000e+02 1.353000000000000000e+03
7.400000000000000000e+02 1.037000000000000000e+03
7.920000000000000000e+02 1.227000000000000000e+03
5.120000000000000000e+02 1.594000000000000000e+03
5.100000000000000000e+02 1.644000000000000000e+03
3.860000000000000000e+02 1.239000000000000000e+03
4.640000000000000000e+02 1.526000000000000000e+03
3.990000000000000000e+02 9.610000000000000000e+02
6.750000000000000000e+02 1.769000000000000000e+03
8.480000000000000000e+02 1.345000000000000000e+03
7.000000000000000000e+02 1.232000000000000000e+03
4.240000000000000000e+02 1.044000000000000000e+03
6.070000000000000000e+02 1.043000000000000000e+03
6.420000000000000000e+02 1.045000000000000000e+03
6.890000000000000000e+02 1.544000000000000000e+03
4.350000000000000000e+02 1.324000000000000000e+03
7.510000000000000000e+02 1.839000000000000000e+03
6.220000000000000000e+02 1.762000000000000000e+03
5.690000000000000000e+02 1.713000000000000000e+03
8.720000000000000000e+02 7.790000000000000000e+02
8.450000000000000000e+02 1.851000000000000000e+03
6.760000000000000000e+02 1.042000000000000000e+03
7.080000000000000000e+02 1.038000000000000000e+03
7.300000000000000000e+02 1.038000000000000000e+03
4.360000000000000000e+02 9.670000000000000000e+02
6.990000000000000000e+02 1.010000000000000000e+03
6.610000000000000000e+02 9.990000000000000000e+02
6.250000000000000000e+02 9.960000000000000000e+02
5.910000000000000000e+02 1.001000000000000000e+03
5.700000000000000000e+02 1.009000000000000000e+03
3.680000000000000000e+02 9.380000000000000000e+02
5.830000000000000000e+02 1.038000000000000000e+03
8.630000000000000000e+02 1.394000000000000000e+03
7.210000000000000000e+02 1.409000000000000000e+03
7.620000000000000000e+02 1.315000000000000000e+03
8.030000000000000000e+02 1.396000000000000000e+03
8.690000000000000000e+02 1.004000000000000000e+03
5.630000000000000000e+02 1.661000000000000000e+03
6.160000000000000000e+02 1.715000000000000000e+03
7.520000000000000000e+02 1.808000000000000000e+03
4.640000000000000000e+02 1.570000000000000000e+03
7.270000000000000000e+02 1.026000000000000000e+03
7.990000000000000000e+02 1.141000000000000000e+03
8.480000000000000000e+02 1.821000000000000000e+03
6.800000000000000000e+02 1.807000000000000000e+03
4.010000000000000000e+02 1.340000000000000000e+03
7.770000000000000000e+02 1.522000000000000000e+03
7.670000000000000000e+02 1.541000000000000000e+03
7.580000000000000000e+02 1.565000000000000000e+03
7.510000000000000000e+02 1.593000000000000000e+03
7.340000000000000000e+02 1.635000000000000000e+03
7.080000000000000000e+02 1.518000000000000000e+03
6.990000000000000000e+02 1.515000000000000000e+03
6.920000000000000000e+02 1.510000000000000000e+03
6.460000000000000000e+02 1.468000000000000000e+03
4.910000000000000000e+02 1.353000000000000000e+03
7.980000000000000000e+02 1.094000000000000000e+03
7.720000000000000000e+02 1.013000000000000000e+03
7.450000000000000000e+02 1.013000000000000000e+03
7.170000000000000000e+02 1.521000000000000000e+03
4.840000000000000000e+02 1.463000000000000000e+03
8.100000000000000000e+02 1.018000000000000000e+03
7.090000000000000000e+02 1.675000000000000000e+03
8.700000000000000000e+02 1.158000000000000000e+03
8.300000000000000000e+02 1.119000000000000000e+03
8.700000000000000000e+02 1.111000000000000000e+03
7.670000000000000000e+02 1.211000000000000000e+03
8.500000000000000000e+02 1.773000000000000000e+03
8.520000000000000000e+02 1.715000000000000000e+03
7.770000000000000000e+02 1.707000000000000000e+03
6.150000000000000000e+02 1.576000000000000000e+03
6.760000000000000000e+02 1.329000000000000000e+03
6.570000000000000000e+02 1.632000000000000000e+03
5.820000000000000000e+02 1.318000000000000000e+03
6.370000000000000000e+02 1.373000000000000000e+03
5.460000000000000000e+02 1.391000000000000000e+03
7.600000000000000000e+02 1.761000000000000000e+03
7.390000000000000000e+02 1.236000000000000000e+03
5.780000000000000000e+02 1.610000000000000000e+03
6.310000000000000000e+02 1.669000000000000000e+03
5.850000000000000000e+02 1.513000000000000000e+03
4.460000000000000000e+02 1.402000000000000000e+03
5.330000000000000000e+02 1.518000000000000000e+03
4.240000000000000000e+02 1.436000000000000000e+03
6.030000000000000000e+02 1.431000000000000000e+03
7.700000000000000000e+02 1.169000000000000000e+03
7.720000000000000000e+02 1.302000000000000000e+03
7.440000000000000000e+02 1.312000000000000000e+03
7.910000000000000000e+02 1.273000000000000000e+03
7.350000000000000000e+02 9.750000000000000000e+02
6.630000000000000000e+02 9.430000000000000000e+02
5.990000000000000000e+02 9.340000000000000000e+02
5.480000000000000000e+02 9.400000000000000000e+02
5.140000000000000000e+02 9.570000000000000000e+02
4.980000000000000000e+02 1.029000000000000000e+03
3.760000000000000000e+02 1.143000000000000000e+03
5.340000000000000000e+02 1.095000000000000000e+03
5.780000000000000000e+02 1.110000000000000000e+03
6.360000000000000000e+02 1.109000000000000000e+03
6.890000000000000000e+02 1.099000000000000000e+03
7.300000000000000000e+02 1.088000000000000000e+03
7.580000000000000000e+02 1.077000000000000000e+03
3.650000000000000000e+02 1.140000000000000000e+03
7.430000000000000000e+02 1.324000000000000000e+03
7.990000000000000000e+02 1.183000000000000000e+03
8.020000000000000000e+02 1.306000000000000000e+03
8.230000000000000000e+02 1.328000000000000000e+03
8.010000000000000000e+02 1.313000000000000000e+03
7.530000000000000000e+02 1.337000000000000000e+03
8.310000000000000000e+02 1.333000000000000000e+03
8.340000000000000000e+02 1.342000000000000000e+03
7.560000000000000000e+02 1.041000000000000000e+03
7.790000000000000000e+02 1.056000000000000000e+03
7.930000000000000000e+02 1.068000000000000000e+03
5.580000000000000000e+02 1.014000000000000000e+03
5.250000000000000000e+02 9.920000000000000000e+02
9.060000000000000000e+02 1.165000000000000000e+03
1.160000000000000000e+03 1.039000000000000000e+03
9.050000000000000000e+02 1.336000000000000000e+03
1.305000000000000000e+03 8.800000000000000000e+02
1.043000000000000000e+03 1.075000000000000000e+03
1.080000000000000000e+03 1.079000000000000000e+03
1.118000000000000000e+03 1.080000000000000000e+03
1.174000000000000000e+03 1.056000000000000000e+03
1.013000000000000000e+03 1.069000000000000000e+03
1.113000000000000000e+03 9.520000000000000000e+02
1.068000000000000000e+03 9.580000000000000000e+02
1.154000000000000000e+03 9.600000000000000000e+02
1.180000000000000000e+03 9.790000000000000000e+02
1.201000000000000000e+03 1.088000000000000000e+03
1.009000000000000000e+03 1.726000000000000000e+03
1.177000000000000000e+03 1.027000000000000000e+03
1.318000000000000000e+03 1.074000000000000000e+03
1.248000000000000000e+03 1.056000000000000000e+03
1.070000000000000000e+03 1.275000000000000000e+03
9.160000000000000000e+02 1.467000000000000000e+03
9.060000000000000000e+02 1.514000000000000000e+03
9.620000000000000000e+02 1.481000000000000000e+03
9.910000000000000000e+02 1.498000000000000000e+03
9.430000000000000000e+02 1.513000000000000000e+03
9.710000000000000000e+02 1.516000000000000000e+03
1.049000000000000000e+03 1.566000000000000000e+03
9.030000000000000000e+02 1.315000000000000000e+03
9.110000000000000000e+02 1.271000000000000000e+03
1.234000000000000000e+03 9.470000000000000000e+02
9.870000000000000000e+02 1.158000000000000000e+03
9.980000000000000000e+02 1.301000000000000000e+03
1.001000000000000000e+03 1.276000000000000000e+03
1.187000000000000000e+03 1.270000000000000000e+03
9.090000000000000000e+02 1.214000000000000000e+03
1.148000000000000000e+03 9.010000000000000000e+02
1.200000000000000000e+03 9.150000000000000000e+02
1.269000000000000000e+03 8.030000000000000000e+02
9.680000000000000000e+02 9.450000000000000000e+02
1.028000000000000000e+03 9.800000000000000000e+02
1.081000000000000000e+03 1.517000000000000000e+03
1.254000000000000000e+03 1.492000000000000000e+03
9.650000000000000000e+02 1.326000000000000000e+03
9.320000000000000000e+02 1.339000000000000000e+03
1.025000000000000000e+03 1.527000000000000000e+03
1.015000000000000000e+03 1.526000000000000000e+03
1.222000000000000000e+03 8.870000000000000000e+02
9.980000000000000000e+02 1.320000000000000000e+03
1.073000000000000000e+03 9.080000000000000000e+02
1.082000000000000000e+03 8.730000000000000000e+02
1.111000000000000000e+03 7.010000000000000000e+02
1.243000000000000000e+03 8.480000000000000000e+02
1.087000000000000000e+03 7.860000000000000000e+02
1.257000000000000000e+03 9.270000000000000000e+02
1.281000000000000000e+03 9.100000000000000000e+02
9.120000000000000000e+02 1.494000000000000000e+03
9.520000000000000000e+02 1.499000000000000000e+03
9.810000000000000000e+02 1.507000000000000000e+03
9.550000000000000000e+02 1.334000000000000000e+03
1.020000000000000000e+03 1.526000000000000000e+03
1.003000000000000000e+03 1.538000000000000000e+03
1.010000000000000000e+03 1.525000000000000000e+03
9.460000000000000000e+02 1.312000000000000000e+03
9.640000000000000000e+02 1.522000000000000000e+03
9.350000000000000000e+02 1.523000000000000000e+03
9.010000000000000000e+02 1.526000000000000000e+03
9.120000000000000000e+02 1.662000000000000000e+03
9.120000000000000000e+02 1.612000000000000000e+03
9.100000000000000000e+02 1.581000000000000000e+03
9.070000000000000000e+02 1.550000000000000000e+03
9.010000000000000000e+02 1.526000000000000000e+03
9.630000000000000000e+02 1.523000000000000000e+03
9.730000000000000000e+02 1.535000000000000000e+03
9.830000000000000000e+02 1.551000000000000000e+03
9.910000000000000000e+02 1.569000000000000000e+03
1.038000000000000000e+03 1.439000000000000000e+03
1.305000000000000000e+03 1.268000000000000000e+03
9.840000000000000000e+02 1.524000000000000000e+03
9.940000000000000000e+02 1.530000000000000000e+03
9.190000000000000000e+02 1.356000000000000000e+03
9.830000000000000000e+02 1.346000000000000000e+03
9.260000000000000000e+02 1.348000000000000000e+03
1.028000000000000000e+03 1.185000000000000000e+03
1.095000000000000000e+03 1.216000000000000000e+03
1.007000000000000000e+03 1.296000000000000000e+03
1.208000000000000000e+03 7.420000000000000000e+02
1.181000000000000000e+03 8.050000000000000000e+02
1.163000000000000000e+03 8.670000000000000000e+02
1.015000000000000000e+03 1.604000000000000000e+03
9.840000000000000000e+02 8.880000000000000000e+02
9.880000000000000000e+02 7.810000000000000000e+02
1.004000000000000000e+03 6.800000000000000000e+02
1.152000000000000000e+03 1.073000000000000000e+03
1.240000000000000000e+03 1.121000000000000000e+03
9.940000000000000000e+02 1.062000000000000000e+03
1.214000000000000000e+03 1.001000000000000000e+03
9.600000000000000000e+02 1.129000000000000000e+03
9.740000000000000000e+02 1.285000000000000000e+03
1.285000000000000000e+03 1.159000000000000000e+03
1.210000000000000000e+03 1.155000000000000000e+03
1.157000000000000000e+03 1.173000000000000000e+03
1.081000000000000000e+03 1.164000000000000000e+03
1.028000000000000000e+03 1.144000000000000000e+03
9.890000000000000000e+02 1.125000000000000000e+03
9.090000000000000000e+02 1.071000000000000000e+03
1.276000000000000000e+03 1.253000000000000000e+03
1.244000000000000000e+03 9.960000000000000000e+02
8.880000000000000000e+02 1.337000000000000000e+03
9.850000000000000000e+02 1.204000000000000000e+03
1.326000000000000000e+03 1.067000000000000000e+03
9.610000000000000000e+02 1.104000000000000000e+03
1.009000000000000000e+03 1.298000000000000000e+03
1.192000000000000000e+03 1.029000000000000000e+03
9.760000000000000000e+02 1.255000000000000000e+03
1.285000000000000000e+03 1.376000000000000000e+03
9.980000000000000000e+02 1.046000000000000000e+03
9.440000000000000000e+02 1.230000000000000000e+03
1.177000000000000000e+03 1.608000000000000000e+03
1.170000000000000000e+03 1.658000000000000000e+03
1.307000000000000000e+03 1.263000000000000000e+03
1.224000000000000000e+03 1.543000000000000000e+03
1.301000000000000000e+03 9.850000000000000000e+02
1.016000000000000000e+03 1.773000000000000000e+03
8.820000000000000000e+02 1.346000000000000000e+03
1.021000000000000000e+03 1.238000000000000000e+03
1.281000000000000000e+03 1.063000000000000000e+03
1.118000000000000000e+03 1.052000000000000000e+03
1.084000000000000000e+03 1.052000000000000000e+03
1.011000000000000000e+03 1.546000000000000000e+03
1.264000000000000000e+03 1.343000000000000000e+03
9.360000000000000000e+02 1.841000000000000000e+03
1.061000000000000000e+03 1.767000000000000000e+03
1.113000000000000000e+03 1.721000000000000000e+03
1.053000000000000000e+03 1.049000000000000000e+03
1.025000000000000000e+03 1.047000000000000000e+03
1.006000000000000000e+03 1.047000000000000000e+03
1.272000000000000000e+03 9.870000000000000000e+02
1.035000000000000000e+03 1.011000000000000000e+03
1.069000000000000000e+03 9.930000000000000000e+02
1.104000000000000000e+03 9.890000000000000000e+02
1.138000000000000000e+03 9.950000000000000000e+02
1.158000000000000000e+03 1.008000000000000000e+03
1.323000000000000000e+03 9.630000000000000000e+02
1.142000000000000000e+03 1.047000000000000000e+03
9.990000000000000000e+02 1.413000000000000000e+03
9.650000000000000000e+02 1.319000000000000000e+03
9.230000000000000000e+02 1.398000000000000000e+03
1.125000000000000000e+03 1.671000000000000000e+03
1.073000000000000000e+03 1.722000000000000000e+03
9.410000000000000000e+02 1.810000000000000000e+03
1.214000000000000000e+03 1.587000000000000000e+03
1.010000000000000000e+03 1.033000000000000000e+03
9.350000000000000000e+02 1.144000000000000000e+03
1.005000000000000000e+03 1.810000000000000000e+03
1.290000000000000000e+03 1.363000000000000000e+03
9.350000000000000000e+02 1.523000000000000000e+03
9.450000000000000000e+02 1.543000000000000000e+03
9.520000000000000000e+02 1.567000000000000000e+03
9.570000000000000000e+02 1.595000000000000000e+03
9.700000000000000000e+02 1.638000000000000000e+03
9.940000000000000000e+02 1.520000000000000000e+03
1.003000000000000000e+03 1.516000000000000000e+03
1.011000000000000000e+03 1.512000000000000000e+03
1.066000000000000000e+03 1.474000000000000000e+03
1.213000000000000000e+03 1.368000000000000000e+03
9.340000000000000000e+02 1.097000000000000000e+03
9.660000000000000000e+02 1.015000000000000000e+03
9.930000000000000000e+02 1.018000000000000000e+03
9.850000000000000000e+02 1.523000000000000000e+03
1.212000000000000000e+03 1.478000000000000000e+03
9.260000000000000000e+02 1.017000000000000000e+03
9.910000000000000000e+02 1.679000000000000000e+03
9.080000000000000000e+02 1.120000000000000000e+03
9.630000000000000000e+02 1.215000000000000000e+03
9.240000000000000000e+02 1.709000000000000000e+03
1.085000000000000000e+03 1.584000000000000000e+03
1.042000000000000000e+03 1.335000000000000000e+03
1.043000000000000000e+03 1.637000000000000000e+03
1.131000000000000000e+03 1.330000000000000000e+03
1.078000000000000000e+03 1.381000000000000000e+03
1.161000000000000000e+03 1.403000000000000000e+03
9.370000000000000000e+02 1.764000000000000000e+03
9.860000000000000000e+02 1.240000000000000000e+03
1.116000000000000000e+03 1.619000000000000000e+03
1.064000000000000000e+03 1.675000000000000000e+03
1.118000000000000000e+03 1.523000000000000000e+03
1.249000000000000000e+03 1.421000000000000000e+03
1.165000000000000000e+03 1.531000000000000000e+03
1.265000000000000000e+03 1.456000000000000000e+03
1.107000000000000000e+03 1.440000000000000000e+03
9.590000000000000000e+02 1.173000000000000000e+03
9.600000000000000000e+02 1.305000000000000000e+03
9.840000000000000000e+02 1.316000000000000000e+03
9.450000000000000000e+02 1.276000000000000000e+03
1.001000000000000000e+03 9.730000000000000000e+02
1.068000000000000000e+03 9.410000000000000000e+02
1.126000000000000000e+03 9.340000000000000000e+02
1.172000000000000000e+03 9.440000000000000000e+02
1.202000000000000000e+03 9.650000000000000000e+02
1.215000000000000000e+03 1.043000000000000000e+03
1.318000000000000000e+03 1.168000000000000000e+03
1.178000000000000000e+03 1.108000000000000000e+03
1.134000000000000000e+03 1.121000000000000000e+03
1.082000000000000000e+03 1.118000000000000000e+03
1.034000000000000000e+03 1.107000000000000000e+03
9.990000000000000000e+02 1.096000000000000000e+03
9.750000000000000000e+02 1.084000000000000000e+03
1.316000000000000000e+03 1.166000000000000000e+03
9.820000000000000000e+02 1.327000000000000000e+03
9.360000000000000000e+02 1.186000000000000000e+03
9.320000000000000000e+02 1.308000000000000000e+03
9.080000000000000000e+02 1.330000000000000000e+03
9.300000000000000000e+02 1.315000000000000000e+03
9.700000000000000000e+02 1.340000000000000000e+03
9.010000000000000000e+02 1.334000000000000000e+03
8.950000000000000000e+02 1.343000000000000000e+03
9.820000000000000000e+02 1.049000000000000000e+03
9.560000000000000000e+02 1.061000000000000000e+03
9.400000000000000000e+02 1.071000000000000000e+03
1.169000000000000000e+03 1.018000000000000000e+03
1.195000000000000000e+03 1.001000000000000000e+03
6.360000000000000000e+02 1.016000000000000000e+03
6.780000000000000000e+02 1.017000000000000000e+03
6.360000000000000000e+02 9.800000000000000000e+02
5.940000000000000000e+02 1.015000000000000000e+03
6.360000000000000000e+02 1.052000000000000000e+03
1.082000000000000000e+03 1.019000000000000000e+03
1.122000000000000000e+03 1.020000000000000000e+03
1.082000000000000000e+03 9.810000000000000000e+02
1.042000000000000000e+03 1.018000000000000000e+03
1.082000000000000000e+03 1.056000000000000000e+03
0.000000000000000000e+00 0.000000000000000000e+00
1.749000000000000000e+03 0.000000000000000000e+00
1.749000000000000000e+03 2.187000000000000000e+03
0.000000000000000000e+00 2.187000000000000000e+03
8.700000000000000000e+01 0.000000000000000000e+00
8.700000000000000000e+01 2.187000000000000000e+03
0.000000000000000000e+00 1.090000000000000000e+02
1.749000000000000000e+03 1.090000000000000000e+02
1.750000000000000000e+02 0.000000000000000000e+00
1.750000000000000000e+02 2.187000000000000000e+03
0.000000000000000000e+00 2.180000000000000000e+02
1.749000000000000000e+03 2.180000000000000000e+02
2.620000000000000000e+02 0.000000000000000000e+00
2.620000000000000000e+02 2.187000000000000000e+03
0.000000000000000000e+00 3.280000000000000000e+02
1.749000000000000000e+03 3.280000000000000000e+02
3.500000000000000000e+02 0.000000000000000000e+00
3.500000000000000000e+02 2.187000000000000000e+03
0.000000000000000000e+00 4.370000000000000000e+02
1.749000000000000000e+03 4.370000000000000000e+02
4.370000000000000000e+02 0.000000000000000000e+00
4.370000000000000000e+02 2.187000000000000000e+03
0.000000000000000000e+00 5.470000000000000000e+02
1.749000000000000000e+03 5.470000000000000000e+02
5.250000000000000000e+02 0.000000000000000000e+00
5.250000000000000000e+02 2.187000000000000000e+03
0.000000000000000000e+00 6.560000000000000000e+02
1.749000000000000000e+03 6.560000000000000000e+02
6.120000000000000000e+02 0.000000000000000000e+00
6.120000000000000000e+02 2.187000000000000000e+03
0.000000000000000000e+00 7.650000000000000000e+02
1.749000000000000000e+03 7.650000000000000000e+02
7.000000000000000000e+02 0.000000000000000000e+00
7.000000000000000000e+02 2.187000000000000000e+03
0.000000000000000000e+00 8.750000000000000000e+02
1.749000000000000000e+03 8.750000000000000000e+02
7.870000000000000000e+02 0.000000000000000000e+00
7.870000000000000000e+02 2.187000000000000000e+03
0.000000000000000000e+00 9.840000000000000000e+02
1.749000000000000000e+03 9.840000000000000000e+02
8.750000000000000000e+02 0.000000000000000000e+00
8.750000000000000000e+02 2.187000000000000000e+03
0.000000000000000000e+00 1.094000000000000000e+03
1.749000000000000000e+03 1.094000000000000000e+03
9.620000000000000000e+02 0.000000000000000000e+00
9.620000000000000000e+02 2.187000000000000000e+03
0.000000000000000000e+00 1.203000000000000000e+03
1.749000000000000000e+03 1.203000000000000000e+03
1.050000000000000000e+03 0.000000000000000000e+00
1.050000000000000000e+03 2.187000000000000000e+03
0.000000000000000000e+00 1.312000000000000000e+03
1.749000000000000000e+03 1.312000000000000000e+03
1.137000000000000000e+03 0.000000000000000000e+00
1.137000000000000000e+03 2.187000000000000000e+03
0.000000000000000000e+00 1.422000000000000000e+03
1.749000000000000000e+03 1.422000000000000000e+03
1.225000000000000000e+03 0.000000000000000000e+00
1.225000000000000000e+03 2.187000000000000000e+03
0.000000000000000000e+00 1.531000000000000000e+03
1.749000000000000000e+03 1.531000000000000000e+03
1.312000000000000000e+03 0.000000000000000000e+00
1.312000000000000000e+03 2.187000000000000000e+03
0.000000000000000000e+00 1.641000000000000000e+03
1.749000000000000000e+03 1.641000000000000000e+03
1.400000000000000000e+03 0.000000000000000000e+00
1.400000000000000000e+03 2.187000000000000000e+03
0.000000000000000000e+00 1.750000000000000000e+03
1.749000000000000000e+03 1.750000000000000000e+03
1.487000000000000000e+03 0.000000000000000000e+00
1.487000000000000000e+03 2.187000000000000000e+03
0.000000000000000000e+00 1.859000000000000000e+03
1.749000000000000000e+03 1.859000000000000000e+03
1.575000000000000000e+03 0.000000000000000000e+00
1.575000000000000000e+03 2.187000000000000000e+03
0.000000000000000000e+00 1.969000000000000000e+03
1.749000000000000000e+03 1.969000000000000000e+03
1.662000000000000000e+03 0.000000000000000000e+00
1.662000000000000000e+03 2.187000000000000000e+03
0.000000000000000000e+00 2.078000000000000000e+03
1.749000000000000000e+03 2.078000000000000000e+03
