8.470000000000000000e+02 1.422000000000000000e+03
8.470000000000000000e+02 1.290000000000000000e+03
8.460000000000000000e+02 1.324000000000000000e+03
8.180000000000000000e+02 1.148000000000000000e+03
8.470000000000000000e+02 1.249000000000000000e+03
8.480000000000000000e+02 1.191000000000000000e+03
8.520000000000000000e+02 1.052000000000000000e+03
5.980000000000000000e+02 1.031000000000000000e+03
8.530000000000000000e+02 9.680000000000000000e+02
8.540000000000000000e+02 9.160000000000000000e+02
8.590000000000000000e+02 7.030000000000000000e+02
8.460000000000000000e+02 1.436000000000000000e+03
8.450000000000000000e+02 1.451000000000000000e+03
8.450000000000000000e+02 1.461000000000000000e+03
8.440000000000000000e+02 1.463000000000000000e+03
8.440000000000000000e+02 1.483000000000000000e+03
8.430000000000000000e+02 1.507000000000000000e+03
8.420000000000000000e+02 1.533000000000000000e+03
8.420000000000000000e+02 1.564000000000000000e+03
8.460000000000000000e+02 1.310000000000000000e+03
8.090000000000000000e+02 1.304000000000000000e+03
4.460000000000000000e+02 8.770000000000000000e+02
6.990000000000000000e+02 1.066000000000000000e+03
6.620000000000000000e+02 1.069000000000000000e+03
6.270000000000000000e+02 1.068000000000000000e+03
5.830000000000000000e+02 1.046000000000000000e+03
7.310000000000000000e+02 1.058000000000000000e+03
6.400000000000000000e+02 9.690000000000000000e+02
6.830000000000000000e+02 9.720000000000000000e+02
6.020000000000000000e+02 9.750000000000000000e+02
5.790000000000000000e+02 9.880000000000000000e+02
5.500000000000000000e+02 1.072000000000000000e+03
7.020000000000000000e+02 1.632000000000000000e+03
5.860000000000000000e+02 1.022000000000000000e+03
4.340000000000000000e+02 1.050000000000000000e+03
5.070000000000000000e+02 1.048000000000000000e+03
6.680000000000000000e+02 1.238000000000000000e+03
8.000000000000000000e+02 1.413000000000000000e+03
8.040000000000000000e+02 1.449000000000000000e+03
7.520000000000000000e+02 1.426000000000000000e+03
7.200000000000000000e+02 1.442000000000000000e+03
7.670000000000000000e+02 1.451000000000000000e+03
7.380000000000000000e+02 1.456000000000000000e+03
6.760000000000000000e+02 1.489000000000000000e+03
8.150000000000000000e+02 1.288000000000000000e+03
8.110000000000000000e+02 1.248000000000000000e+03
5.230000000000000000e+02 9.680000000000000000e+02
7.440000000000000000e+02 1.136000000000000000e+03
7.290000000000000000e+02 1.265000000000000000e+03
7.290000000000000000e+02 1.242000000000000000e+03
5.600000000000000000e+02 1.229000000000000000e+03
8.140000000000000000e+02 1.195000000000000000e+03
6.070000000000000000e+02 9.310000000000000000e+02
5.560000000000000000e+02 9.430000000000000000e+02
4.830000000000000000e+02 8.090000000000000000e+02
7.730000000000000000e+02 9.610000000000000000e+02
7.220000000000000000e+02 9.860000000000000000e+02
6.480000000000000000e+02 1.452000000000000000e+03
4.750000000000000000e+02 1.428000000000000000e+03
7.550000000000000000e+02 1.289000000000000000e+03
7.850000000000000000e+02 1.302000000000000000e+03
6.850000000000000000e+02 1.468000000000000000e+03
6.950000000000000000e+02 1.468000000000000000e+03
5.350000000000000000e+02 9.210000000000000000e+02
7.270000000000000000e+02 1.281000000000000000e+03
6.780000000000000000e+02 9.340000000000000000e+02
6.700000000000000000e+02 9.050000000000000000e+02
6.390000000000000000e+02 7.200000000000000000e+02
5.120000000000000000e+02 8.590000000000000000e+02
6.620000000000000000e+02 8.050000000000000000e+02
5.010000000000000000e+02 9.510000000000000000e+02
4.730000000000000000e+02 9.120000000000000000e+02
8.010000000000000000e+02 1.432000000000000000e+03
7.600000000000000000e+02 1.440000000000000000e+03
7.290000000000000000e+02 1.449000000000000000e+03
7.640000000000000000e+02 1.296000000000000000e+03
6.900000000000000000e+02 1.468000000000000000e+03
7.060000000000000000e+02 1.475000000000000000e+03
7.000000000000000000e+02 1.467000000000000000e+03
7.740000000000000000e+02 1.280000000000000000e+03
7.450000000000000000e+02 1.461000000000000000e+03
7.740000000000000000e+02 1.459000000000000000e+03
8.070000000000000000e+02 1.459000000000000000e+03
7.940000000000000000e+02 1.560000000000000000e+03
7.930000000000000000e+02 1.529000000000000000e+03
7.970000000000000000e+02 1.503000000000000000e+03
8.020000000000000000e+02 1.479000000000000000e+03
8.070000000000000000e+02 1.461000000000000000e+03
7.450000000000000000e+02 1.462000000000000000e+03
7.360000000000000000e+02 1.471000000000000000e+03
7.270000000000000000e+02 1.483000000000000000e+03
7.190000000000000000e+02 1.497000000000000000e+03
6.900000000000000000e+02 1.387000000000000000e+03
4.350000000000000000e+02 1.226000000000000000e+03
8.460000000000000000e+02 1.316000000000000000e+03
7.230000000000000000e+02 1.464000000000000000e+03
7.150000000000000000e+02 1.469000000000000000e+03
7.970000000000000000e+02 1.319000000000000000e+03
7.410000000000000000e+02 1.304000000000000000e+03
7.910000000000000000e+02 1.311000000000000000e+03
7.060000000000000000e+02 1.158000000000000000e+03
6.460000000000000000e+02 1.185000000000000000e+03
7.220000000000000000e+02 1.259000000000000000e+03
5.450000000000000000e+02 7.540000000000000000e+02
5.720000000000000000e+02 8.210000000000000000e+02
5.930000000000000000e+02 9.020000000000000000e+02
7.070000000000000000e+02 1.516000000000000000e+03
7.580000000000000000e+02 9.120000000000000000e+02
7.530000000000000000e+02 8.020000000000000000e+02
7.400000000000000000e+02 7.040000000000000000e+02
5.990000000000000000e+02 1.060000000000000000e+03
5.100000000000000000e+02 1.098000000000000000e+03
7.510000000000000000e+02 1.050000000000000000e+03
5.430000000000000000e+02 1.005000000000000000e+03
7.700000000000000000e+02 1.111000000000000000e+03
7.520000000000000000e+02 1.255000000000000000e+03
4.680000000000000000e+02 1.127000000000000000e+03
5.350000000000000000e+02 1.125000000000000000e+03
5.820000000000000000e+02 1.140000000000000000e+03
6.530000000000000000e+02 1.134000000000000000e+03
7.060000000000000000e+02 1.119000000000000000e+03
7.440000000000000000e+02 1.102000000000000000e+03
8.170000000000000000e+02 1.060000000000000000e+03
4.760000000000000000e+02 1.211000000000000000e+03
5.120000000000000000e+02 1.003000000000000000e+03
8.270000000000000000e+02 1.307000000000000000e+03
7.450000000000000000e+02 1.178000000000000000e+03
4.220000000000000000e+02 1.045000000000000000e+03
7.730000000000000000e+02 1.083000000000000000e+03
7.210000000000000000e+02 1.259000000000000000e+03
5.690000000000000000e+02 1.025000000000000000e+03
7.530000000000000000e+02 1.227000000000000000e+03
4.490000000000000000e+02 1.325000000000000000e+03
7.520000000000000000e+02 1.037000000000000000e+03
7.830000000000000000e+02 1.207000000000000000e+03
5.460000000000000000e+02 1.530000000000000000e+03
5.480000000000000000e+02 1.577000000000000000e+03
4.420000000000000000e+02 1.221000000000000000e+03
5.060000000000000000e+02 1.472000000000000000e+03
4.520000000000000000e+02 9.740000000000000000e+02
6.910000000000000000e+02 1.678000000000000000e+03
8.300000000000000000e+02 1.314000000000000000e+03
7.120000000000000000e+02 1.206000000000000000e+03
4.770000000000000000e+02 1.053000000000000000e+03
6.300000000000000000e+02 1.044000000000000000e+03
6.610000000000000000e+02 1.048000000000000000e+03
6.980000000000000000e+02 1.482000000000000000e+03
4.830000000000000000e+02 1.294000000000000000e+03
7.600000000000000000e+02 1.739000000000000000e+03
6.460000000000000000e+02 1.679000000000000000e+03
5.990000000000000000e+02 1.637000000000000000e+03
8.560000000000000000e+02 8.050000000000000000e+02
8.420000000000000000e+02 1.748000000000000000e+03
6.920000000000000000e+02 1.045000000000000000e+03
7.220000000000000000e+02 1.041000000000000000e+03
7.420000000000000000e+02 1.039000000000000000e+03
4.870000000000000000e+02 9.950000000000000000e+02
7.170000000000000000e+02 1.011000000000000000e+03
6.840000000000000000e+02 1.001000000000000000e+03
6.520000000000000000e+02 9.990000000000000000e+02
6.210000000000000000e+02 1.004000000000000000e+03
6.030000000000000000e+02 1.011000000000000000e+03
4.270000000000000000e+02 9.510000000000000000e+02
6.110000000000000000e+02 1.038000000000000000e+03
8.450000000000000000e+02 1.357000000000000000e+03
7.270000000000000000e+02 1.365000000000000000e+03
7.560000000000000000e+02 1.283000000000000000e+03
7.940000000000000000e+02 1.356000000000000000e+03
8.530000000000000000e+02 1.007000000000000000e+03
5.910000000000000000e+02 1.588000000000000000e+03
6.380000000000000000e+02 1.634000000000000000e+03
7.590000000000000000e+02 1.708000000000000000e+03
5.090000000000000000e+02 1.513000000000000000e+03
7.410000000000000000e+02 1.026000000000000000e+03
7.920000000000000000e+02 1.126000000000000000e+03
8.410000000000000000e+02 1.717000000000000000e+03
6.980000000000000000e+02 1.715000000000000000e+03
4.550000000000000000e+02 1.311000000000000000e+03
7.730000000000000000e+02 1.460000000000000000e+03
7.650000000000000000e+02 1.475000000000000000e+03
7.570000000000000000e+02 1.493000000000000000e+03
7.510000000000000000e+02 1.516000000000000000e+03
7.460000000000000000e+02 1.541000000000000000e+03
7.150000000000000000e+02 1.462000000000000000e+03
7.050000000000000000e+02 1.459000000000000000e+03
6.970000000000000000e+02 1.455000000000000000e+03
6.620000000000000000e+02 1.417000000000000000e+03
5.300000000000000000e+02 1.316000000000000000e+03
7.950000000000000000e+02 1.083000000000000000e+03
7.770000000000000000e+02 1.011000000000000000e+03
7.550000000000000000e+02 1.014000000000000000e+03
7.240000000000000000e+02 1.464000000000000000e+03
5.220000000000000000e+02 1.414000000000000000e+03
8.060000000000000000e+02 1.012000000000000000e+03
7.240000000000000000e+02 1.585000000000000000e+03
8.500000000000000000e+02 1.143000000000000000e+03
8.170000000000000000e+02 1.106000000000000000e+03
8.510000000000000000e+02 1.098000000000000000e+03
7.660000000000000000e+02 1.190000000000000000e+03
8.410000000000000000e+02 1.670000000000000000e+03
8.410000000000000000e+02 1.613000000000000000e+03
7.810000000000000000e+02 1.608000000000000000e+03
6.380000000000000000e+02 1.507000000000000000e+03
6.900000000000000000e+02 1.291000000000000000e+03
6.770000000000000000e+02 1.552000000000000000e+03
6.090000000000000000e+02 1.284000000000000000e+03
6.550000000000000000e+02 1.332000000000000000e+03
5.750000000000000000e+02 1.348000000000000000e+03
7.660000000000000000e+02 1.662000000000000000e+03
7.440000000000000000e+02 1.210000000000000000e+03
6.050000000000000000e+02 1.540000000000000000e+03
6.530000000000000000e+02 1.589000000000000000e+03
6.100000000000000000e+02 1.456000000000000000e+03
4.910000000000000000e+02 1.363000000000000000e+03
5.650000000000000000e+02 1.461000000000000000e+03
4.730000000000000000e+02 1.394000000000000000e+03
6.240000000000000000e+02 1.384000000000000000e+03
7.700000000000000000e+02 1.151000000000000000e+03
7.630000000000000000e+02 1.273000000000000000e+03
7.400000000000000000e+02 1.280000000000000000e+03
7.790000000000000000e+02 1.250000000000000000e+03
7.460000000000000000e+02 9.810000000000000000e+02
6.820000000000000000e+02 9.600000000000000000e+02
6.270000000000000000e+02 9.560000000000000000e+02
5.830000000000000000e+02 9.640000000000000000e+02
5.550000000000000000e+02 9.800000000000000000e+02
5.420000000000000000e+02 1.037000000000000000e+03
4.330000000000000000e+02 1.134000000000000000e+03
5.700000000000000000e+02 1.088000000000000000e+03
6.070000000000000000e+02 1.099000000000000000e+03
6.570000000000000000e+02 1.099000000000000000e+03
7.030000000000000000e+02 1.090000000000000000e+03
7.400000000000000000e+02 1.079000000000000000e+03
7.650000000000000000e+02 1.067000000000000000e+03
4.260000000000000000e+02 1.135000000000000000e+03
7.400000000000000000e+02 1.289000000000000000e+03
7.910000000000000000e+02 1.165000000000000000e+03
7.880000000000000000e+02 1.279000000000000000e+03
8.070000000000000000e+02 1.298000000000000000e+03
7.880000000000000000e+02 1.284000000000000000e+03
7.510000000000000000e+02 1.300000000000000000e+03
8.150000000000000000e+02 1.304000000000000000e+03
8.180000000000000000e+02 1.311000000000000000e+03
7.640000000000000000e+02 1.039000000000000000e+03
7.830000000000000000e+02 1.048000000000000000e+03
7.930000000000000000e+02 1.055000000000000000e+03
5.930000000000000000e+02 1.017000000000000000e+03
5.650000000000000000e+02 1.004000000000000000e+03
8.810000000000000000e+02 1.149000000000000000e+03
1.112000000000000000e+03 1.046000000000000000e+03
8.850000000000000000e+02 1.305000000000000000e+03
1.272000000000000000e+03 8.900000000000000000e+02
1.007000000000000000e+03 1.073000000000000000e+03
1.044000000000000000e+03 1.079000000000000000e+03
1.080000000000000000e+03 1.079000000000000000e+03
1.127000000000000000e+03 1.059000000000000000e+03
9.760000000000000000e+02 1.062000000000000000e+03
1.071000000000000000e+03 9.730000000000000000e+02
1.027000000000000000e+03 9.730000000000000000e+02
1.109000000000000000e+03 9.830000000000000000e+02
1.132000000000000000e+03 9.990000000000000000e+02
1.160000000000000000e+03 1.083000000000000000e+03
9.830000000000000000e+02 1.639000000000000000e+03
1.126000000000000000e+03 1.036000000000000000e+03
1.280000000000000000e+03 1.065000000000000000e+03
1.206000000000000000e+03 1.058000000000000000e+03
1.032000000000000000e+03 1.245000000000000000e+03
8.930000000000000000e+02 1.415000000000000000e+03
8.860000000000000000e+02 1.451000000000000000e+03
9.380000000000000000e+02 1.431000000000000000e+03
9.680000000000000000e+02 1.449000000000000000e+03
9.210000000000000000e+02 1.456000000000000000e+03
9.490000000000000000e+02 1.463000000000000000e+03
1.008000000000000000e+03 1.497000000000000000e+03
8.790000000000000000e+02 1.289000000000000000e+03
8.830000000000000000e+02 1.249000000000000000e+03
1.188000000000000000e+03 9.790000000000000000e+02
9.600000000000000000e+02 1.139000000000000000e+03
9.680000000000000000e+02 1.270000000000000000e+03
9.690000000000000000e+02 1.247000000000000000e+03
1.142000000000000000e+03 1.241000000000000000e+03
8.820000000000000000e+02 1.196000000000000000e+03
1.098000000000000000e+03 9.370000000000000000e+02
1.151000000000000000e+03 9.530000000000000000e+02
1.236000000000000000e+03 8.200000000000000000e+02
9.290000000000000000e+02 9.570000000000000000e+02
9.880000000000000000e+02 9.850000000000000000e+02
1.037000000000000000e+03 1.461000000000000000e+03
1.232000000000000000e+03 1.443000000000000000e+03
9.400000000000000000e+02 1.293000000000000000e+03
9.100000000000000000e+02 1.305000000000000000e+03
1.001000000000000000e+03 1.479000000000000000e+03
9.910000000000000000e+02 1.478000000000000000e+03
1.174000000000000000e+03 9.300000000000000000e+02
9.690000000000000000e+02 1.286000000000000000e+03
1.025000000000000000e+03 9.350000000000000000e+02
1.034000000000000000e+03 9.060000000000000000e+02
1.079000000000000000e+03 7.270000000000000000e+02
1.204000000000000000e+03 8.690000000000000000e+02
1.051000000000000000e+03 8.100000000000000000e+02
1.212000000000000000e+03 9.610000000000000000e+02
1.243000000000000000e+03 9.240000000000000000e+02
8.900000000000000000e+02 1.435000000000000000e+03
9.300000000000000000e+02 1.445000000000000000e+03
9.590000000000000000e+02 1.456000000000000000e+03
9.310000000000000000e+02 1.299000000000000000e+03
9.960000000000000000e+02 1.479000000000000000e+03
9.780000000000000000e+02 1.484000000000000000e+03
9.860000000000000000e+02 1.477000000000000000e+03
9.210000000000000000e+02 1.283000000000000000e+03
9.410000000000000000e+02 1.467000000000000000e+03
9.130000000000000000e+02 1.463000000000000000e+03
8.810000000000000000e+02 1.461000000000000000e+03
8.900000000000000000e+02 1.563000000000000000e+03
8.890000000000000000e+02 1.532000000000000000e+03
8.870000000000000000e+02 1.505000000000000000e+03
8.850000000000000000e+02 1.481000000000000000e+03
8.810000000000000000e+02 1.462000000000000000e+03
9.400000000000000000e+02 1.467000000000000000e+03
9.490000000000000000e+02 1.477000000000000000e+03
9.580000000000000000e+02 1.490000000000000000e+03
9.650000000000000000e+02 1.505000000000000000e+03
9.970000000000000000e+02 1.394000000000000000e+03
1.277000000000000000e+03 1.242000000000000000e+03
9.610000000000000000e+02 1.472000000000000000e+03
9.690000000000000000e+02 1.477000000000000000e+03
8.960000000000000000e+02 1.321000000000000000e+03
9.540000000000000000e+02 1.309000000000000000e+03
9.030000000000000000e+02 1.314000000000000000e+03
9.970000000000000000e+02 1.164000000000000000e+03
1.057000000000000000e+03 1.193000000000000000e+03
9.750000000000000000e+02 1.264000000000000000e+03
1.175000000000000000e+03 7.640000000000000000e+02
1.143000000000000000e+03 8.290000000000000000e+02
1.113000000000000000e+03 9.080000000000000000e+02
9.770000000000000000e+02 1.522000000000000000e+03
9.440000000000000000e+02 9.080000000000000000e+02
9.590000000000000000e+02 8.050000000000000000e+02
9.780000000000000000e+02 7.080000000000000000e+02
1.109000000000000000e+03 1.073000000000000000e+03
1.200000000000000000e+03 1.110000000000000000e+03
9.550000000000000000e+02 1.052000000000000000e+03
1.168000000000000000e+03 1.017000000000000000e+03
9.350000000000000000e+02 1.113000000000000000e+03
9.440000000000000000e+02 1.258000000000000000e+03
1.242000000000000000e+03 1.141000000000000000e+03
1.173000000000000000e+03 1.138000000000000000e+03
1.123000000000000000e+03 1.152000000000000000e+03
1.051000000000000000e+03 1.144000000000000000e+03
9.990000000000000000e+02 1.126000000000000000e+03
9.600000000000000000e+02 1.107000000000000000e+03
8.870000000000000000e+02 1.061000000000000000e+03
1.231000000000000000e+03 1.226000000000000000e+03
1.200000000000000000e+03 1.014000000000000000e+03
8.660000000000000000e+02 1.308000000000000000e+03
9.560000000000000000e+02 1.181000000000000000e+03
1.293000000000000000e+03 1.059000000000000000e+03
9.320000000000000000e+02 1.086000000000000000e+03
9.770000000000000000e+02 1.265000000000000000e+03
1.143000000000000000e+03 1.038000000000000000e+03
9.450000000000000000e+02 1.230000000000000000e+03
1.260000000000000000e+03 1.340000000000000000e+03
9.550000000000000000e+02 1.038000000000000000e+03
9.140000000000000000e+02 1.209000000000000000e+03
1.150000000000000000e+03 1.544000000000000000e+03
1.149000000000000000e+03 1.590000000000000000e+03
1.268000000000000000e+03 1.236000000000000000e+03
1.195000000000000000e+03 1.487000000000000000e+03
1.263000000000000000e+03 9.870000000000000000e+02
9.950000000000000000e+02 1.686000000000000000e+03
8.620000000000000000e+02 1.315000000000000000e+03
9.890000000000000000e+02 1.211000000000000000e+03
1.239000000000000000e+03 1.064000000000000000e+03
1.076000000000000000e+03 1.057000000000000000e+03
1.045000000000000000e+03 1.058000000000000000e+03
9.860000000000000000e+02 1.491000000000000000e+03
1.221000000000000000e+03 1.308000000000000000e+03
9.240000000000000000e+02 1.743000000000000000e+03
1.044000000000000000e+03 1.687000000000000000e+03
1.094000000000000000e+03 1.647000000000000000e+03
1.014000000000000000e+03 1.053000000000000000e+03
9.850000000000000000e+02 1.045000000000000000e+03
9.650000000000000000e+02 1.041000000000000000e+03
1.229000000000000000e+03 1.003000000000000000e+03
9.930000000000000000e+02 1.011000000000000000e+03
1.027000000000000000e+03 1.002000000000000000e+03
1.060000000000000000e+03 1.003000000000000000e+03
1.090000000000000000e+03 1.011000000000000000e+03
1.108000000000000000e+03 1.022000000000000000e+03
1.288000000000000000e+03 9.650000000000000000e+02
1.097000000000000000e+03 1.052000000000000000e+03
9.630000000000000000e+02 1.371000000000000000e+03
9.400000000000000000e+02 1.287000000000000000e+03
8.960000000000000000e+02 1.359000000000000000e+03
1.101000000000000000e+03 1.600000000000000000e+03
1.051000000000000000e+03 1.645000000000000000e+03
9.250000000000000000e+02 1.712000000000000000e+03
1.193000000000000000e+03 1.526000000000000000e+03
9.670000000000000000e+02 1.027000000000000000e+03
9.100000000000000000e+02 1.127000000000000000e+03
9.890000000000000000e+02 1.721000000000000000e+03
1.252000000000000000e+03 1.326000000000000000e+03
9.130000000000000000e+02 1.464000000000000000e+03
9.200000000000000000e+02 1.479000000000000000e+03
9.270000000000000000e+02 1.498000000000000000e+03
9.320000000000000000e+02 1.521000000000000000e+03
9.380000000000000000e+02 1.546000000000000000e+03
9.710000000000000000e+02 1.470000000000000000e+03
9.810000000000000000e+02 1.468000000000000000e+03
9.890000000000000000e+02 1.464000000000000000e+03
1.024000000000000000e+03 1.425000000000000000e+03
1.171000000000000000e+03 1.329000000000000000e+03
9.100000000000000000e+02 1.084000000000000000e+03
9.300000000000000000e+02 1.010000000000000000e+03
9.530000000000000000e+02 1.014000000000000000e+03
9.620000000000000000e+02 1.472000000000000000e+03
1.177000000000000000e+03 1.428000000000000000e+03
8.960000000000000000e+02 1.011000000000000000e+03
9.610000000000000000e+02 1.591000000000000000e+03
8.850000000000000000e+02 1.107000000000000000e+03
9.340000000000000000e+02 1.193000000000000000e+03
9.030000000000000000e+02 1.611000000000000000e+03
1.048000000000000000e+03 1.517000000000000000e+03
1.006000000000000000e+03 1.298000000000000000e+03
1.008000000000000000e+03 1.560000000000000000e+03
1.090000000000000000e+03 1.293000000000000000e+03
1.038000000000000000e+03 1.340000000000000000e+03
1.121000000000000000e+03 1.360000000000000000e+03
9.170000000000000000e+02 1.666000000000000000e+03
9.560000000000000000e+02 1.214000000000000000e+03
1.085000000000000000e+03 1.551000000000000000e+03
1.035000000000000000e+03 1.599000000000000000e+03
1.079000000000000000e+03 1.467000000000000000e+03
1.212000000000000000e+03 1.378000000000000000e+03
1.129000000000000000e+03 1.474000000000000000e+03
1.232000000000000000e+03 1.410000000000000000e+03
1.066000000000000000e+03 1.394000000000000000e+03
9.320000000000000000e+02 1.154000000000000000e+03
9.330000000000000000e+02 1.277000000000000000e+03
9.560000000000000000e+02 1.284000000000000000e+03
9.160000000000000000e+02 1.252000000000000000e+03
9.610000000000000000e+02 9.800000000000000000e+02
1.025000000000000000e+03 9.610000000000000000e+02
1.081000000000000000e+03 9.620000000000000000e+02
1.125000000000000000e+03 9.730000000000000000e+02
1.155000000000000000e+03 9.910000000000000000e+02
1.170000000000000000e+03 1.048000000000000000e+03
1.279000000000000000e+03 1.150000000000000000e+03
1.138000000000000000e+03 1.100000000000000000e+03
1.099000000000000000e+03 1.110000000000000000e+03
1.049000000000000000e+03 1.108000000000000000e+03
1.002000000000000000e+03 1.097000000000000000e+03
9.660000000000000000e+02 1.083000000000000000e+03
9.420000000000000000e+02 1.069000000000000000e+03
1.287000000000000000e+03 1.150000000000000000e+03
9.550000000000000000e+02 1.293000000000000000e+03
9.090000000000000000e+02 1.167000000000000000e+03
9.060000000000000000e+02 1.282000000000000000e+03
8.870000000000000000e+02 1.300000000000000000e+03
9.060000000000000000e+02 1.287000000000000000e+03
9.440000000000000000e+02 1.304000000000000000e+03
8.790000000000000000e+02 1.305000000000000000e+03
8.750000000000000000e+02 1.311000000000000000e+03
9.420000000000000000e+02 1.039000000000000000e+03
9.230000000000000000e+02 1.048000000000000000e+03
9.110000000000000000e+02 1.057000000000000000e+03
1.118000000000000000e+03 1.029000000000000000e+03
1.146000000000000000e+03 1.017000000000000000e+03
6.620000000000000000e+02 1.021000000000000000e+03
7.000000000000000000e+02 1.020000000000000000e+03
6.610000000000000000e+02 9.890000000000000000e+02
6.230000000000000000e+02 1.022000000000000000e+03
6.620000000000000000e+02 1.053000000000000000e+03
1.052000000000000000e+03 1.026000000000000000e+03
1.090000000000000000e+03 1.028000000000000000e+03
1.054000000000000000e+03 9.910000000000000000e+02
1.013000000000000000e+03 1.023000000000000000e+03
1.049000000000000000e+03 1.061000000000000000e+03
0.000000000000000000e+00 0.000000000000000000e+00
1.749000000000000000e+03 0.000000000000000000e+00
1.749000000000000000e+03 2.187000000000000000e+03
0.000000000000000000e+00 2.187000000000000000e+03
8.700000000000000000e+01 0.000000000000000000e+00
8.700000000000000000e+01 2.187000000000000000e+03
0.000000000000000000e+00 1.090000000000000000e+02
1.749000000000000000e+03 1.090000000000000000e+02
1.750000000000000000e+02 0.000000000000000000e+00
1.750000000000000000e+02 2.187000000000000000e+03
0.000000000000000000e+00 2.180000000000000000e+02
1.749000000000000000e+03 2.180000000000000000e+02
2.620000000000000000e+02 0.000000000000000000e+00
2.620000000000000000e+02 2.187000000000000000e+03
0.000000000000000000e+00 3.280000000000000000e+02
1.749000000000000000e+03 3.280000000000000000e+02
3.500000000000000000e+02 0.000000000000000000e+00
3.500000000000000000e+02 2.187000000000000000e+03
0.000000000000000000e+00 4.370000000000000000e+02
1.749000000000000000e+03 4.370000000000000000e+02
4.370000000000000000e+02 0.000000000000000000e+00
4.370000000000000000e+02 2.187000000000000000e+03
0.000000000000000000e+00 5.470000000000000000e+02
1.749000000000000000e+03 5.470000000000000000e+02
5.250000000000000000e+02 0.000000000000000000e+00
5.250000000000000000e+02 2.187000000000000000e+03
0.000000000000000000e+00 6.560000000000000000e+02
1.749000000000000000e+03 6.560000000000000000e+02
6.120000000000000000e+02 0.000000000000000000e+00
6.120000000000000000e+02 2.187000000000000000e+03
0.000000000000000000e+00 7.650000000000000000e+02
1.749000000000000000e+03 7.650000000000000000e+02
7.000000000000000000e+02 0.000000000000000000e+00
7.000000000000000000e+02 2.187000000000000000e+03
0.000000000000000000e+00 8.750000000000000000e+02
1.749000000000000000e+03 8.750000000000000000e+02
7.870000000000000000e+02 0.000000000000000000e+00
7.870000000000000000e+02 2.187000000000000000e+03
0.000000000000000000e+00 9.840000000000000000e+02
1.749000000000000000e+03 9.840000000000000000e+02
8.750000000000000000e+02 0.000000000000000000e+00
8.750000000000000000e+02 2.187000000000000000e+03
0.000000000000000000e+00 1.094000000000000000e+03
1.749000000000000000e+03 1.094000000000000000e+03
9.620000000000000000e+02 0.000000000000000000e+00
9.620000000000000000e+02 2.187000000000000000e+03
0.000000000000000000e+00 1.203000000000000000e+03
1.749000000000000000e+03 1.203000000000000000e+03
1.050000000000000000e+03 0.000000000000000000e+00
1.050000000000000000e+03 2.187000000000000000e+03
0.000000000000000000e+00 1.312000000000000000e+03
1.749000000000000000e+03 1.312000000000000000e+03
1.137000000000000000e+03 0.000000000000000000e+00
1.137000000000000000e+03 2.187000000000000000e+03
0.000000000000000000e+00 1.422000000000000000e+03
1.749000000000000000e+03 1.422000000000000000e+03
1.225000000000000000e+03 0.000000000000000000e+00
1.225000000000000000e+03 2.187000000000000000e+03
0.000000000000000000e+00 1.531000000000000000e+03
1.749000000000000000e+03 1.531000000000000000e+03
1.312000000000000000e+03 0.000000000000000000e+00
1.312000000000000000e+03 2.187000000000000000e+03
0.000000000000000000e+00 1.641000000000000000e+03
1.749000000000000000e+03 1.641000000000000000e+03
1.400000000000000000e+03 0.000000000000000000e+00
1.400000000000000000e+03 2.187000000000000000e+03
0.000000000000000000e+00 1.750000000000000000e+03
1.749000000000000000e+03 1.750000000000000000e+03
1.487000000000000000e+03 0.000000000000000000e+00
1.487000000000000000e+03 2.187000000000000000e+03
0.000000000000000000e+00 1.859000000000000000e+03
1.749000000000000000e+03 1.859000000000000000e+03
1.575000000000000000e+03 0.000000000000000000e+00
1.575000000000000000e+03 2.187000000000000000e+03
0.000000000000000000e+00 1.969000000000000000e+03
1.749000000000000000e+03 1.969000000000000000e+03
1.662000000000000000e+03 0.000000000000000000e+00
1.662000000000000000e+03 2.187000000000000000e+03
0.000000000000000000e+00 2.078000000000000000e+03
1.749000000000000000e+03 2.078000000000000000e+03
