8.680000000000000000e+02 1.381000000000000000e+03
8.540000000000000000e+02 1.279000000000000000e+03
8.600000000000000000e+02 1.305000000000000000e+03
8.310000000000000000e+02 1.166000000000000000e+03
8.530000000000000000e+02 1.246000000000000000e+03
8.540000000000000000e+02 1.200000000000000000e+03
8.600000000000000000e+02 1.086000000000000000e+03
6.460000000000000000e+02 1.065000000000000000e+03
8.610000000000000000e+02 9.940000000000000000e+02
8.600000000000000000e+02 9.490000000000000000e+02
8.590000000000000000e+02 7.700000000000000000e+02
8.680000000000000000e+02 1.394000000000000000e+03
8.690000000000000000e+02 1.406000000000000000e+03
8.690000000000000000e+02 1.415000000000000000e+03
8.700000000000000000e+02 1.413000000000000000e+03
8.690000000000000000e+02 1.432000000000000000e+03
8.690000000000000000e+02 1.454000000000000000e+03
8.690000000000000000e+02 1.475000000000000000e+03
8.690000000000000000e+02 1.509000000000000000e+03
8.560000000000000000e+02 1.294000000000000000e+03
8.290000000000000000e+02 1.291000000000000000e+03
5.550000000000000000e+02 9.140000000000000000e+02
7.340000000000000000e+02 1.094000000000000000e+03
7.040000000000000000e+02 1.097000000000000000e+03
6.750000000000000000e+02 1.096000000000000000e+03
6.370000000000000000e+02 1.074000000000000000e+03
7.600000000000000000e+02 1.086000000000000000e+03
6.840000000000000000e+02 9.960000000000000000e+02
7.210000000000000000e+02 1.003000000000000000e+03
6.520000000000000000e+02 1.001000000000000000e+03
6.320000000000000000e+02 1.014000000000000000e+03
6.160000000000000000e+02 1.093000000000000000e+03
7.630000000000000000e+02 1.538000000000000000e+03
6.360000000000000000e+02 1.053000000000000000e+03
5.480000000000000000e+02 1.061000000000000000e+03
5.870000000000000000e+02 1.064000000000000000e+03
7.120000000000000000e+02 1.234000000000000000e+03
8.270000000000000000e+02 1.372000000000000000e+03
8.320000000000000000e+02 1.403000000000000000e+03
7.900000000000000000e+02 1.378000000000000000e+03
7.650000000000000000e+02 1.384000000000000000e+03
8.020000000000000000e+02 1.400000000000000000e+03
7.780000000000000000e+02 1.398000000000000000e+03
7.310000000000000000e+02 1.430000000000000000e+03
8.290000000000000000e+02 1.277000000000000000e+03
8.250000000000000000e+02 1.245000000000000000e+03
5.940000000000000000e+02 9.790000000000000000e+02
7.730000000000000000e+02 1.152000000000000000e+03
7.680000000000000000e+02 1.260000000000000000e+03
7.660000000000000000e+02 1.241000000000000000e+03
6.240000000000000000e+02 1.226000000000000000e+03
8.270000000000000000e+02 1.203000000000000000e+03
6.550000000000000000e+02 9.550000000000000000e+02
6.170000000000000000e+02 9.590000000000000000e+02
5.760000000000000000e+02 8.590000000000000000e+02
7.880000000000000000e+02 9.980000000000000000e+02
7.530000000000000000e+02 1.019000000000000000e+03
7.080000000000000000e+02 1.395000000000000000e+03
6.010000000000000000e+02 1.357000000000000000e+03
7.900000000000000000e+02 1.279000000000000000e+03
8.130000000000000000e+02 1.290000000000000000e+03
7.330000000000000000e+02 1.392000000000000000e+03
7.410000000000000000e+02 1.394000000000000000e+03
6.040000000000000000e+02 9.350000000000000000e+02
7.680000000000000000e+02 1.272000000000000000e+03
7.110000000000000000e+02 9.670000000000000000e+02
7.050000000000000000e+02 9.400000000000000000e+02
6.840000000000000000e+02 7.880000000000000000e+02
5.920000000000000000e+02 8.970000000000000000e+02
7.000000000000000000e+02 8.590000000000000000e+02
5.810000000000000000e+02 9.620000000000000000e+02
5.670000000000000000e+02 9.400000000000000000e+02
8.290000000000000000e+02 1.389000000000000000e+03
7.960000000000000000e+02 1.389000000000000000e+03
7.710000000000000000e+02 1.391000000000000000e+03
7.970000000000000000e+02 1.285000000000000000e+03
7.370000000000000000e+02 1.393000000000000000e+03
7.520000000000000000e+02 1.407000000000000000e+03
7.450000000000000000e+02 1.395000000000000000e+03
8.010000000000000000e+02 1.273000000000000000e+03
7.840000000000000000e+02 1.403000000000000000e+03
8.070000000000000000e+02 1.407000000000000000e+03
8.350000000000000000e+02 1.412000000000000000e+03
8.260000000000000000e+02 1.505000000000000000e+03
8.260000000000000000e+02 1.471000000000000000e+03
8.280000000000000000e+02 1.449000000000000000e+03
8.310000000000000000e+02 1.428000000000000000e+03
8.360000000000000000e+02 1.410000000000000000e+03
7.840000000000000000e+02 1.403000000000000000e+03
7.760000000000000000e+02 1.411000000000000000e+03
7.680000000000000000e+02 1.422000000000000000e+03
7.620000000000000000e+02 1.433000000000000000e+03
7.380000000000000000e+02 1.348000000000000000e+03
5.640000000000000000e+02 1.194000000000000000e+03
8.580000000000000000e+02 1.299000000000000000e+03
7.660000000000000000e+02 1.399000000000000000e+03
7.590000000000000000e+02 1.403000000000000000e+03
8.220000000000000000e+02 1.302000000000000000e+03
7.780000000000000000e+02 1.289000000000000000e+03
8.180000000000000000e+02 1.296000000000000000e+03
7.420000000000000000e+02 1.169000000000000000e+03
6.920000000000000000e+02 1.190000000000000000e+03
7.620000000000000000e+02 1.254000000000000000e+03
6.170000000000000000e+02 8.170000000000000000e+02
6.340000000000000000e+02 8.690000000000000000e+02
6.460000000000000000e+02 9.270000000000000000e+02
7.550000000000000000e+02 1.460000000000000000e+03
7.780000000000000000e+02 9.570000000000000000e+02
7.730000000000000000e+02 8.590000000000000000e+02
7.620000000000000000e+02 7.740000000000000000e+02
6.500000000000000000e+02 1.089000000000000000e+03
5.880000000000000000e+02 1.115000000000000000e+03
7.770000000000000000e+02 1.079000000000000000e+03
6.080000000000000000e+02 1.025000000000000000e+03
7.940000000000000000e+02 1.133000000000000000e+03
7.820000000000000000e+02 1.251000000000000000e+03
5.620000000000000000e+02 1.133000000000000000e+03
6.050000000000000000e+02 1.141000000000000000e+03
6.400000000000000000e+02 1.157000000000000000e+03
6.970000000000000000e+02 1.153000000000000000e+03
7.390000000000000000e+02 1.139000000000000000e+03
7.690000000000000000e+02 1.126000000000000000e+03
8.310000000000000000e+02 1.094000000000000000e+03
5.660000000000000000e+02 1.203000000000000000e+03
5.890000000000000000e+02 1.018000000000000000e+03
8.410000000000000000e+02 1.293000000000000000e+03
7.760000000000000000e+02 1.187000000000000000e+03
5.500000000000000000e+02 1.048000000000000000e+03
7.920000000000000000e+02 1.111000000000000000e+03
7.600000000000000000e+02 1.253000000000000000e+03
6.240000000000000000e+02 1.052000000000000000e+03
7.810000000000000000e+02 1.228000000000000000e+03
5.780000000000000000e+02 1.273000000000000000e+03
7.770000000000000000e+02 1.068000000000000000e+03
8.030000000000000000e+02 1.212000000000000000e+03
6.520000000000000000e+02 1.451000000000000000e+03
6.630000000000000000e+02 1.479000000000000000e+03
5.530000000000000000e+02 1.200000000000000000e+03
6.160000000000000000e+02 1.404000000000000000e+03
5.560000000000000000e+02 9.960000000000000000e+02
7.640000000000000000e+02 1.563000000000000000e+03
8.460000000000000000e+02 1.298000000000000000e+03
7.500000000000000000e+02 1.209000000000000000e+03
5.670000000000000000e+02 1.067000000000000000e+03
6.760000000000000000e+02 1.078000000000000000e+03
7.020000000000000000e+02 1.080000000000000000e+03
7.450000000000000000e+02 1.412000000000000000e+03
5.750000000000000000e+02 1.268000000000000000e+03
8.180000000000000000e+02 1.602000000000000000e+03
7.400000000000000000e+02 1.553000000000000000e+03
7.060000000000000000e+02 1.523000000000000000e+03
8.590000000000000000e+02 8.580000000000000000e+02
8.750000000000000000e+02 1.610000000000000000e+03
7.280000000000000000e+02 1.076000000000000000e+03
7.530000000000000000e+02 1.071000000000000000e+03
7.700000000000000000e+02 1.070000000000000000e+03
5.730000000000000000e+02 1.008000000000000000e+03
7.470000000000000000e+02 1.041000000000000000e+03
7.190000000000000000e+02 1.030000000000000000e+03
6.910000000000000000e+02 1.027000000000000000e+03
6.650000000000000000e+02 1.032000000000000000e+03
6.500000000000000000e+02 1.041000000000000000e+03
5.470000000000000000e+02 9.740000000000000000e+02
6.580000000000000000e+02 1.072000000000000000e+03
8.620000000000000000e+02 1.329000000000000000e+03
7.670000000000000000e+02 1.334000000000000000e+03
7.890000000000000000e+02 1.275000000000000000e+03
8.200000000000000000e+02 1.329000000000000000e+03
8.610000000000000000e+02 1.039000000000000000e+03
6.920000000000000000e+02 1.494000000000000000e+03
7.270000000000000000e+02 1.528000000000000000e+03
8.120000000000000000e+02 1.590000000000000000e+03
6.300000000000000000e+02 1.427000000000000000e+03
7.680000000000000000e+02 1.057000000000000000e+03
8.110000000000000000e+02 1.147000000000000000e+03
8.720000000000000000e+02 1.598000000000000000e+03
7.750000000000000000e+02 1.581000000000000000e+03
5.660000000000000000e+02 1.272000000000000000e+03
8.070000000000000000e+02 1.407000000000000000e+03
8.000000000000000000e+02 1.420000000000000000e+03
7.940000000000000000e+02 1.437000000000000000e+03
7.900000000000000000e+02 1.457000000000000000e+03
7.860000000000000000e+02 1.486000000000000000e+03
7.590000000000000000e+02 1.396000000000000000e+03
7.520000000000000000e+02 1.392000000000000000e+03
7.470000000000000000e+02 1.388000000000000000e+03
7.180000000000000000e+02 1.368000000000000000e+03
6.080000000000000000e+02 1.293000000000000000e+03
8.120000000000000000e+02 1.111000000000000000e+03
7.960000000000000000e+02 1.047000000000000000e+03
7.790000000000000000e+02 1.048000000000000000e+03
7.670000000000000000e+02 1.399000000000000000e+03
6.160000000000000000e+02 1.366000000000000000e+03
8.190000000000000000e+02 1.049000000000000000e+03
7.730000000000000000e+02 1.511000000000000000e+03
8.560000000000000000e+02 1.162000000000000000e+03
8.310000000000000000e+02 1.132000000000000000e+03
8.580000000000000000e+02 1.126000000000000000e+03
7.910000000000000000e+02 1.198000000000000000e+03
8.710000000000000000e+02 1.574000000000000000e+03
8.700000000000000000e+02 1.540000000000000000e+03
8.180000000000000000e+02 1.534000000000000000e+03
7.100000000000000000e+02 1.442000000000000000e+03
7.350000000000000000e+02 1.277000000000000000e+03
7.390000000000000000e+02 1.480000000000000000e+03
6.650000000000000000e+02 1.272000000000000000e+03
7.080000000000000000e+02 1.308000000000000000e+03
6.450000000000000000e+02 1.320000000000000000e+03
8.110000000000000000e+02 1.566000000000000000e+03
7.760000000000000000e+02 1.214000000000000000e+03
6.920000000000000000e+02 1.464000000000000000e+03
7.280000000000000000e+02 1.502000000000000000e+03
6.840000000000000000e+02 1.400000000000000000e+03
5.890000000000000000e+02 1.322000000000000000e+03
6.520000000000000000e+02 1.404000000000000000e+03
5.850000000000000000e+02 1.340000000000000000e+03
6.880000000000000000e+02 1.346000000000000000e+03
7.940000000000000000e+02 1.167000000000000000e+03
7.910000000000000000e+02 1.267000000000000000e+03
7.770000000000000000e+02 1.271000000000000000e+03
8.010000000000000000e+02 1.247000000000000000e+03
7.690000000000000000e+02 1.016000000000000000e+03
7.170000000000000000e+02 9.910000000000000000e+02
6.720000000000000000e+02 9.830000000000000000e+02
6.370000000000000000e+02 9.860000000000000000e+02
6.150000000000000000e+02 1.000000000000000000e+03
6.080000000000000000e+02 1.058000000000000000e+03
5.470000000000000000e+02 1.131000000000000000e+03
6.300000000000000000e+02 1.110000000000000000e+03
6.600000000000000000e+02 1.122000000000000000e+03
7.000000000000000000e+02 1.122000000000000000e+03
7.370000000000000000e+02 1.114000000000000000e+03
7.660000000000000000e+02 1.105000000000000000e+03
7.860000000000000000e+02 1.096000000000000000e+03
5.560000000000000000e+02 1.120000000000000000e+03
7.780000000000000000e+02 1.278000000000000000e+03
8.090000000000000000e+02 1.179000000000000000e+03
8.100000000000000000e+02 1.271000000000000000e+03
8.270000000000000000e+02 1.286000000000000000e+03
8.110000000000000000e+02 1.276000000000000000e+03
7.860000000000000000e+02 1.287000000000000000e+03
8.320000000000000000e+02 1.290000000000000000e+03
8.360000000000000000e+02 1.296000000000000000e+03
7.870000000000000000e+02 1.070000000000000000e+03
8.010000000000000000e+02 1.080000000000000000e+03
8.090000000000000000e+02 1.088000000000000000e+03
6.420000000000000000e+02 1.047000000000000000e+03
6.210000000000000000e+02 1.029000000000000000e+03
8.840000000000000000e+02 1.166000000000000000e+03
1.104000000000000000e+03 1.059000000000000000e+03
8.880000000000000000e+02 1.291000000000000000e+03
1.224000000000000000e+03 9.030000000000000000e+02
1.009000000000000000e+03 1.088000000000000000e+03
1.041000000000000000e+03 1.091000000000000000e+03
1.072000000000000000e+03 1.090000000000000000e+03
1.116000000000000000e+03 1.069000000000000000e+03
9.820000000000000000e+02 1.082000000000000000e+03
1.062000000000000000e+03 9.900000000000000000e+02
1.023000000000000000e+03 9.970000000000000000e+02
1.099000000000000000e+03 9.940000000000000000e+02
1.121000000000000000e+03 1.007000000000000000e+03
1.140000000000000000e+03 1.087000000000000000e+03
9.890000000000000000e+02 1.541000000000000000e+03
1.117000000000000000e+03 1.048000000000000000e+03
1.239000000000000000e+03 1.055000000000000000e+03
1.176000000000000000e+03 1.056000000000000000e+03
1.030000000000000000e+03 1.233000000000000000e+03
9.110000000000000000e+02 1.371000000000000000e+03
9.080000000000000000e+02 1.402000000000000000e+03
9.520000000000000000e+02 1.376000000000000000e+03
9.800000000000000000e+02 1.381000000000000000e+03
9.410000000000000000e+02 1.398000000000000000e+03
9.670000000000000000e+02 1.396000000000000000e+03
1.020000000000000000e+03 1.432000000000000000e+03
8.800000000000000000e+02 1.277000000000000000e+03
8.830000000000000000e+02 1.245000000000000000e+03
1.165000000000000000e+03 9.690000000000000000e+02
9.630000000000000000e+02 1.151000000000000000e+03
9.590000000000000000e+02 1.259000000000000000e+03
9.630000000000000000e+02 1.240000000000000000e+03
1.130000000000000000e+03 1.223000000000000000e+03
8.840000000000000000e+02 1.203000000000000000e+03
1.090000000000000000e+03 9.430000000000000000e+02
1.136000000000000000e+03 9.480000000000000000e+02
1.188000000000000000e+03 8.480000000000000000e+02
9.420000000000000000e+02 9.920000000000000000e+02
9.900000000000000000e+02 1.014000000000000000e+03
1.044000000000000000e+03 1.396000000000000000e+03
1.204000000000000000e+03 1.357000000000000000e+03
9.350000000000000000e+02 1.279000000000000000e+03
9.100000000000000000e+02 1.289000000000000000e+03
1.017000000000000000e+03 1.390000000000000000e+03
1.009000000000000000e+03 1.392000000000000000e+03
1.152000000000000000e+03 9.220000000000000000e+02
9.620000000000000000e+02 1.271000000000000000e+03
1.028000000000000000e+03 9.560000000000000000e+02
1.033000000000000000e+03 9.280000000000000000e+02
1.050000000000000000e+03 7.800000000000000000e+02
1.164000000000000000e+03 8.870000000000000000e+02
1.030000000000000000e+03 8.520000000000000000e+02
1.183000000000000000e+03 9.490000000000000000e+02
1.201000000000000000e+03 9.310000000000000000e+02
9.100000000000000000e+02 1.388000000000000000e+03
9.470000000000000000e+02 1.388000000000000000e+03
9.740000000000000000e+02 1.388000000000000000e+03
9.280000000000000000e+02 1.284000000000000000e+03
1.013000000000000000e+03 1.391000000000000000e+03
9.970000000000000000e+02 1.405000000000000000e+03
1.005000000000000000e+03 1.393000000000000000e+03
9.180000000000000000e+02 1.273000000000000000e+03
9.620000000000000000e+02 1.401000000000000000e+03
9.360000000000000000e+02 1.406000000000000000e+03
9.050000000000000000e+02 1.411000000000000000e+03
9.140000000000000000e+02 1.506000000000000000e+03
9.130000000000000000e+02 1.471000000000000000e+03
9.110000000000000000e+02 1.449000000000000000e+03
9.080000000000000000e+02 1.427000000000000000e+03
9.050000000000000000e+02 1.410000000000000000e+03
9.620000000000000000e+02 1.402000000000000000e+03
9.690000000000000000e+02 1.410000000000000000e+03
9.770000000000000000e+02 1.421000000000000000e+03
9.830000000000000000e+02 1.433000000000000000e+03
1.003000000000000000e+03 1.348000000000000000e+03
1.245000000000000000e+03 1.190000000000000000e+03
9.820000000000000000e+02 1.398000000000000000e+03
9.890000000000000000e+02 1.401000000000000000e+03
9.010000000000000000e+02 1.301000000000000000e+03
9.530000000000000000e+02 1.289000000000000000e+03
9.060000000000000000e+02 1.296000000000000000e+03
9.980000000000000000e+02 1.167000000000000000e+03
1.052000000000000000e+03 1.188000000000000000e+03
9.700000000000000000e+02 1.253000000000000000e+03
1.133000000000000000e+03 8.060000000000000000e+02
1.109000000000000000e+03 8.590000000000000000e+02
1.101000000000000000e+03 9.140000000000000000e+02
9.930000000000000000e+02 1.462000000000000000e+03
9.530000000000000000e+02 9.470000000000000000e+02
9.490000000000000000e+02 8.550000000000000000e+02
9.610000000000000000e+02 7.700000000000000000e+02
1.100000000000000000e+03 1.083000000000000000e+03
1.172000000000000000e+03 1.108000000000000000e+03
9.650000000000000000e+02 1.076000000000000000e+03
1.150000000000000000e+03 1.018000000000000000e+03
9.390000000000000000e+02 1.131000000000000000e+03
9.380000000000000000e+02 1.251000000000000000e+03
1.211000000000000000e+03 1.128000000000000000e+03
1.150000000000000000e+03 1.136000000000000000e+03
1.108000000000000000e+03 1.153000000000000000e+03
1.045000000000000000e+03 1.150000000000000000e+03
9.990000000000000000e+02 1.137000000000000000e+03
9.660000000000000000e+02 1.125000000000000000e+03
8.920000000000000000e+02 1.093000000000000000e+03
1.205000000000000000e+03 1.200000000000000000e+03
1.174000000000000000e+03 1.009000000000000000e+03
8.720000000000000000e+02 1.293000000000000000e+03
9.590000000000000000e+02 1.185000000000000000e+03
1.253000000000000000e+03 1.040000000000000000e+03
9.410000000000000000e+02 1.110000000000000000e+03
9.750000000000000000e+02 1.252000000000000000e+03
1.131000000000000000e+03 1.047000000000000000e+03
9.420000000000000000e+02 1.227000000000000000e+03
1.230000000000000000e+03 1.271000000000000000e+03
9.660000000000000000e+02 1.064000000000000000e+03
9.140000000000000000e+02 1.212000000000000000e+03
1.125000000000000000e+03 1.454000000000000000e+03
1.124000000000000000e+03 1.481000000000000000e+03
1.237000000000000000e+03 1.197000000000000000e+03
1.168000000000000000e+03 1.406000000000000000e+03
1.222000000000000000e+03 9.880000000000000000e+02
9.920000000000000000e+02 1.566000000000000000e+03
8.700000000000000000e+02 1.298000000000000000e+03
9.890000000000000000e+02 1.207000000000000000e+03
1.202000000000000000e+03 1.057000000000000000e+03
1.071000000000000000e+03 1.071000000000000000e+03
1.043000000000000000e+03 1.072000000000000000e+03
1.003000000000000000e+03 1.410000000000000000e+03
1.198000000000000000e+03 1.266000000000000000e+03
9.360000000000000000e+02 1.604000000000000000e+03
1.030000000000000000e+03 1.557000000000000000e+03
1.073000000000000000e+03 1.527000000000000000e+03
1.016000000000000000e+03 1.069000000000000000e+03
9.910000000000000000e+02 1.065000000000000000e+03
9.740000000000000000e+02 1.065000000000000000e+03
1.195000000000000000e+03 9.970000000000000000e+02
9.980000000000000000e+02 1.038000000000000000e+03
1.027000000000000000e+03 1.026000000000000000e+03
1.056000000000000000e+03 1.024000000000000000e+03
1.084000000000000000e+03 1.028000000000000000e+03
1.101000000000000000e+03 1.036000000000000000e+03
1.243000000000000000e+03 9.640000000000000000e+02
1.090000000000000000e+03 1.066000000000000000e+03
9.690000000000000000e+02 1.334000000000000000e+03
9.340000000000000000e+02 1.275000000000000000e+03
9.070000000000000000e+02 1.329000000000000000e+03
1.079000000000000000e+03 1.498000000000000000e+03
1.037000000000000000e+03 1.532000000000000000e+03
9.370000000000000000e+02 1.592000000000000000e+03
1.167000000000000000e+03 1.428000000000000000e+03
9.760000000000000000e+02 1.054000000000000000e+03
9.130000000000000000e+02 1.146000000000000000e+03
9.860000000000000000e+02 1.584000000000000000e+03
1.224000000000000000e+03 1.271000000000000000e+03
9.360000000000000000e+02 1.406000000000000000e+03
9.420000000000000000e+02 1.419000000000000000e+03
9.480000000000000000e+02 1.436000000000000000e+03
9.520000000000000000e+02 1.456000000000000000e+03
9.580000000000000000e+02 1.488000000000000000e+03
9.890000000000000000e+02 1.393000000000000000e+03
9.950000000000000000e+02 1.389000000000000000e+03
1.001000000000000000e+03 1.385000000000000000e+03
1.029000000000000000e+03 1.369000000000000000e+03
1.155000000000000000e+03 1.291000000000000000e+03
9.150000000000000000e+02 1.110000000000000000e+03
9.410000000000000000e+02 1.043000000000000000e+03
9.620000000000000000e+02 1.044000000000000000e+03
9.820000000000000000e+02 1.397000000000000000e+03
1.155000000000000000e+03 1.366000000000000000e+03
9.090000000000000000e+02 1.047000000000000000e+03
9.760000000000000000e+02 1.514000000000000000e+03
8.880000000000000000e+02 1.132000000000000000e+03
9.360000000000000000e+02 1.197000000000000000e+03
9.250000000000000000e+02 1.536000000000000000e+03
1.047000000000000000e+03 1.445000000000000000e+03
1.004000000000000000e+03 1.276000000000000000e+03
1.015000000000000000e+03 1.483000000000000000e+03
1.083000000000000000e+03 1.270000000000000000e+03
1.036000000000000000e+03 1.308000000000000000e+03
1.110000000000000000e+03 1.320000000000000000e+03
9.340000000000000000e+02 1.568000000000000000e+03
9.570000000000000000e+02 1.213000000000000000e+03
1.071000000000000000e+03 1.467000000000000000e+03
1.031000000000000000e+03 1.506000000000000000e+03
1.073000000000000000e+03 1.402000000000000000e+03
1.187000000000000000e+03 1.322000000000000000e+03
1.112000000000000000e+03 1.406000000000000000e+03
1.204000000000000000e+03 1.340000000000000000e+03
1.062000000000000000e+03 1.346000000000000000e+03
9.360000000000000000e+02 1.165000000000000000e+03
9.270000000000000000e+02 1.267000000000000000e+03
9.480000000000000000e+02 1.271000000000000000e+03
9.120000000000000000e+02 1.247000000000000000e+03
9.690000000000000000e+02 1.011000000000000000e+03
1.024000000000000000e+03 9.830000000000000000e+02
1.074000000000000000e+03 9.740000000000000000e+02
1.113000000000000000e+03 9.780000000000000000e+02
1.140000000000000000e+03 9.920000000000000000e+02
1.150000000000000000e+03 1.051000000000000000e+03
1.243000000000000000e+03 1.126000000000000000e+03
1.122000000000000000e+03 1.105000000000000000e+03
1.087000000000000000e+03 1.117000000000000000e+03
1.043000000000000000e+03 1.117000000000000000e+03
1.003000000000000000e+03 1.110000000000000000e+03
9.730000000000000000e+02 1.102000000000000000e+03
9.510000000000000000e+02 1.094000000000000000e+03
1.251000000000000000e+03 1.113000000000000000e+03
9.490000000000000000e+02 1.278000000000000000e+03
9.110000000000000000e+02 1.178000000000000000e+03
9.030000000000000000e+02 1.272000000000000000e+03
8.890000000000000000e+02 1.287000000000000000e+03
9.050000000000000000e+02 1.276000000000000000e+03
9.420000000000000000e+02 1.287000000000000000e+03
8.820000000000000000e+02 1.290000000000000000e+03
8.800000000000000000e+02 1.295000000000000000e+03
9.540000000000000000e+02 1.067000000000000000e+03
9.350000000000000000e+02 1.078000000000000000e+03
9.220000000000000000e+02 1.087000000000000000e+03
1.110000000000000000e+03 1.043000000000000000e+03
1.134000000000000000e+03 1.023000000000000000e+03
7.030000000000000000e+02 1.053000000000000000e+03
7.330000000000000000e+02 1.052000000000000000e+03
7.020000000000000000e+02 1.023000000000000000e+03
6.710000000000000000e+02 1.054000000000000000e+03
7.030000000000000000e+02 1.082000000000000000e+03
1.045000000000000000e+03 1.047000000000000000e+03
1.078000000000000000e+03 1.046000000000000000e+03
1.044000000000000000e+03 1.017000000000000000e+03
1.011000000000000000e+03 1.047000000000000000e+03
1.045000000000000000e+03 1.077000000000000000e+03
0.000000000000000000e+00 0.000000000000000000e+00
1.749000000000000000e+03 0.000000000000000000e+00
1.749000000000000000e+03 2.187000000000000000e+03
0.000000000000000000e+00 2.187000000000000000e+03
8.700000000000000000e+01 0.000000000000000000e+00
8.700000000000000000e+01 2.187000000000000000e+03
0.000000000000000000e+00 1.090000000000000000e+02
1.749000000000000000e+03 1.090000000000000000e+02
1.750000000000000000e+02 0.000000000000000000e+00
1.750000000000000000e+02 2.187000000000000000e+03
0.000000000000000000e+00 2.180000000000000000e+02
1.749000000000000000e+03 2.180000000000000000e+02
2.620000000000000000e+02 0.000000000000000000e+00
2.620000000000000000e+02 2.187000000000000000e+03
0.000000000000000000e+00 3.280000000000000000e+02
1.749000000000000000e+03 3.280000000000000000e+02
3.500000000000000000e+02 0.000000000000000000e+00
3.500000000000000000e+02 2.187000000000000000e+03
0.000000000000000000e+00 4.370000000000000000e+02
1.749000000000000000e+03 4.370000000000000000e+02
4.370000000000000000e+02 0.000000000000000000e+00
4.370000000000000000e+02 2.187000000000000000e+03
0.000000000000000000e+00 5.470000000000000000e+02
1.749000000000000000e+03 5.470000000000000000e+02
5.250000000000000000e+02 0.000000000000000000e+00
5.250000000000000000e+02 2.187000000000000000e+03
0.000000000000000000e+00 6.560000000000000000e+02
1.749000000000000000e+03 6.560000000000000000e+02
6.120000000000000000e+02 0.000000000000000000e+00
6.120000000000000000e+02 2.187000000000000000e+03
0.000000000000000000e+00 7.650000000000000000e+02
1.749000000000000000e+03 7.650000000000000000e+02
7.000000000000000000e+02 0.000000000000000000e+00
7.000000000000000000e+02 2.187000000000000000e+03
0.000000000000000000e+00 8.750000000000000000e+02
1.749000000000000000e+03 8.750000000000000000e+02
7.870000000000000000e+02 0.000000000000000000e+00
7.870000000000000000e+02 2.187000000000000000e+03
0.000000000000000000e+00 9.840000000000000000e+02
1.749000000000000000e+03 9.840000000000000000e+02
8.750000000000000000e+02 0.000000000000000000e+00
8.750000000000000000e+02 2.187000000000000000e+03
0.000000000000000000e+00 1.094000000000000000e+03
1.749000000000000000e+03 1.094000000000000000e+03
9.620000000000000000e+02 0.000000000000000000e+00
9.620000000000000000e+02 2.187000000000000000e+03
0.000000000000000000e+00 1.203000000000000000e+03
1.749000000000000000e+03 1.203000000000000000e+03
1.050000000000000000e+03 0.000000000000000000e+00
1.050000000000000000e+03 2.187000000000000000e+03
0.000000000000000000e+00 1.312000000000000000e+03
1.749000000000000000e+03 1.312000000000000000e+03
1.137000000000000000e+03 0.000000000000000000e+00
1.137000000000000000e+03 2.187000000000000000e+03
0.000000000000000000e+00 1.422000000000000000e+03
1.749000000000000000e+03 1.422000000000000000e+03
1.225000000000000000e+03 0.000000000000000000e+00
1.225000000000000000e+03 2.187000000000000000e+03
0.000000000000000000e+00 1.531000000000000000e+03
1.749000000000000000e+03 1.531000000000000000e+03
1.312000000000000000e+03 0.000000000000000000e+00
1.312000000000000000e+03 2.187000000000000000e+03
0.000000000000000000e+00 1.641000000000000000e+03
1.749000000000000000e+03 1.641000000000000000e+03
1.400000000000000000e+03 0.000000000000000000e+00
1.400000000000000000e+03 2.187000000000000000e+03
0.000000000000000000e+00 1.750000000000000000e+03
1.749000000000000000e+03 1.750000000000000000e+03
1.487000000000000000e+03 0.000000000000000000e+00
1.487000000000000000e+03 2.187000000000000000e+03
0.000000000000000000e+00 1.859000000000000000e+03
1.749000000000000000e+03 1.859000000000000000e+03
1.575000000000000000e+03 0.000000000000000000e+00
1.575000000000000000e+03 2.187000000000000000e+03
0.000000000000000000e+00 1.969000000000000000e+03
1.749000000000000000e+03 1.969000000000000000e+03
1.662000000000000000e+03 0.000000000000000000e+00
1.662000000000000000e+03 2.187000000000000000e+03
0.000000000000000000e+00 2.078000000000000000e+03
1.749000000000000000e+03 2.078000000000000000e+03
