8.780000000000000000e+02 1.433000000000000000e+03
8.810000000000000000e+02 1.296000000000000000e+03
8.800000000000000000e+02 1.335000000000000000e+03
8.480000000000000000e+02 1.161000000000000000e+03
8.810000000000000000e+02 1.255000000000000000e+03
8.810000000000000000e+02 1.200000000000000000e+03
8.800000000000000000e+02 1.065000000000000000e+03
5.940000000000000000e+02 1.056000000000000000e+03
8.800000000000000000e+02 9.570000000000000000e+02
8.800000000000000000e+02 9.010000000000000000e+02
8.780000000000000000e+02 7.000000000000000000e+02
8.780000000000000000e+02 1.453000000000000000e+03
8.780000000000000000e+02 1.475000000000000000e+03
8.770000000000000000e+02 1.489000000000000000e+03
8.770000000000000000e+02 1.490000000000000000e+03
8.770000000000000000e+02 1.513000000000000000e+03
8.780000000000000000e+02 1.542000000000000000e+03
8.770000000000000000e+02 1.570000000000000000e+03
8.780000000000000000e+02 1.619000000000000000e+03
8.810000000000000000e+02 1.317000000000000000e+03
8.460000000000000000e+02 1.316000000000000000e+03
4.480000000000000000e+02 8.930000000000000000e+02
7.160000000000000000e+02 1.087000000000000000e+03
6.730000000000000000e+02 1.095000000000000000e+03
6.320000000000000000e+02 1.095000000000000000e+03
5.810000000000000000e+02 1.068000000000000000e+03
7.520000000000000000e+02 1.072000000000000000e+03
6.400000000000000000e+02 9.690000000000000000e+02
6.920000000000000000e+02 9.690000000000000000e+02
5.960000000000000000e+02 9.800000000000000000e+02
5.700000000000000000e+02 9.980000000000000000e+02
5.510000000000000000e+02 1.094000000000000000e+03
7.360000000000000000e+02 1.664000000000000000e+03
5.790000000000000000e+02 1.042000000000000000e+03
4.350000000000000000e+02 1.072000000000000000e+03
5.070000000000000000e+02 1.060000000000000000e+03
6.900000000000000000e+02 1.263000000000000000e+03
8.320000000000000000e+02 1.425000000000000000e+03
8.370000000000000000e+02 1.475000000000000000e+03
7.850000000000000000e+02 1.442000000000000000e+03
7.550000000000000000e+02 1.461000000000000000e+03
8.020000000000000000e+02 1.477000000000000000e+03
7.730000000000000000e+02 1.482000000000000000e+03
7.080000000000000000e+02 1.531000000000000000e+03
8.500000000000000000e+02 1.296000000000000000e+03
8.450000000000000000e+02 1.256000000000000000e+03
5.160000000000000000e+02 9.670000000000000000e+02
7.660000000000000000e+02 1.157000000000000000e+03
7.690000000000000000e+02 1.285000000000000000e+03
7.650000000000000000e+02 1.264000000000000000e+03
5.740000000000000000e+02 1.261000000000000000e+03
8.460000000000000000e+02 1.205000000000000000e+03
6.020000000000000000e+02 9.240000000000000000e+02
5.490000000000000000e+02 9.390000000000000000e+02
4.890000000000000000e+02 8.210000000000000000e+02
7.870000000000000000e+02 9.480000000000000000e+02
7.380000000000000000e+02 9.840000000000000000e+02
6.840000000000000000e+02 1.487000000000000000e+03
4.910000000000000000e+02 1.454000000000000000e+03
7.970000000000000000e+02 1.308000000000000000e+03
8.250000000000000000e+02 1.319000000000000000e+03
7.210000000000000000e+02 1.496000000000000000e+03
7.300000000000000000e+02 1.495000000000000000e+03
5.290000000000000000e+02 9.120000000000000000e+02
7.680000000000000000e+02 1.303000000000000000e+03
6.790000000000000000e+02 9.230000000000000000e+02
6.690000000000000000e+02 8.910000000000000000e+02
6.490000000000000000e+02 7.250000000000000000e+02
5.210000000000000000e+02 8.640000000000000000e+02
6.750000000000000000e+02 8.050000000000000000e+02
4.950000000000000000e+02 9.440000000000000000e+02
4.790000000000000000e+02 9.210000000000000000e+02
8.340000000000000000e+02 1.451000000000000000e+03
7.940000000000000000e+02 1.461000000000000000e+03
7.640000000000000000e+02 1.472000000000000000e+03
8.050000000000000000e+02 1.315000000000000000e+03
7.260000000000000000e+02 1.496000000000000000e+03
7.420000000000000000e+02 1.507000000000000000e+03
7.350000000000000000e+02 1.495000000000000000e+03
8.110000000000000000e+02 1.295000000000000000e+03
7.800000000000000000e+02 1.489000000000000000e+03
8.080000000000000000e+02 1.488000000000000000e+03
8.400000000000000000e+02 1.488000000000000000e+03
8.260000000000000000e+02 1.616000000000000000e+03
8.290000000000000000e+02 1.569000000000000000e+03
8.310000000000000000e+02 1.539000000000000000e+03
8.350000000000000000e+02 1.511000000000000000e+03
8.400000000000000000e+02 1.489000000000000000e+03
7.800000000000000000e+02 1.491000000000000000e+03
7.710000000000000000e+02 1.503000000000000000e+03
7.610000000000000000e+02 1.519000000000000000e+03
7.530000000000000000e+02 1.537000000000000000e+03
7.260000000000000000e+02 1.411000000000000000e+03
4.360000000000000000e+02 1.247000000000000000e+03
8.800000000000000000e+02 1.325000000000000000e+03
7.590000000000000000e+02 1.493000000000000000e+03
7.500000000000000000e+02 1.499000000000000000e+03
8.350000000000000000e+02 1.334000000000000000e+03
7.800000000000000000e+02 1.326000000000000000e+03
8.300000000000000000e+02 1.327000000000000000e+03
7.250000000000000000e+02 1.181000000000000000e+03
6.610000000000000000e+02 1.210000000000000000e+03
7.590000000000000000e+02 1.282000000000000000e+03
5.530000000000000000e+02 7.640000000000000000e+02
5.840000000000000000e+02 8.240000000000000000e+02
5.870000000000000000e+02 8.920000000000000000e+02
7.370000000000000000e+02 1.564000000000000000e+03
7.710000000000000000e+02 8.960000000000000000e+02
7.700000000000000000e+02 8.010000000000000000e+02
7.540000000000000000e+02 7.060000000000000000e+02
5.990000000000000000e+02 1.086000000000000000e+03
5.100000000000000000e+02 1.122000000000000000e+03
7.760000000000000000e+02 1.060000000000000000e+03
5.380000000000000000e+02 1.015000000000000000e+03
7.930000000000000000e+02 1.130000000000000000e+03
7.890000000000000000e+02 1.270000000000000000e+03
4.720000000000000000e+02 1.154000000000000000e+03
5.340000000000000000e+02 1.155000000000000000e+03
5.840000000000000000e+02 1.174000000000000000e+03
6.620000000000000000e+02 1.165000000000000000e+03
7.200000000000000000e+02 1.144000000000000000e+03
7.610000000000000000e+02 1.123000000000000000e+03
8.440000000000000000e+02 1.075000000000000000e+03
4.830000000000000000e+02 1.241000000000000000e+03
5.080000000000000000e+02 1.008000000000000000e+03
8.620000000000000000e+02 1.316000000000000000e+03
7.720000000000000000e+02 1.198000000000000000e+03
4.170000000000000000e+02 1.065000000000000000e+03
7.930000000000000000e+02 1.101000000000000000e+03
7.550000000000000000e+02 1.284000000000000000e+03
5.640000000000000000e+02 1.043000000000000000e+03
7.870000000000000000e+02 1.244000000000000000e+03
4.580000000000000000e+02 1.348000000000000000e+03
7.770000000000000000e+02 1.044000000000000000e+03
8.150000000000000000e+02 1.220000000000000000e+03
5.790000000000000000e+02 1.563000000000000000e+03
5.770000000000000000e+02 1.606000000000000000e+03
4.450000000000000000e+02 1.246000000000000000e+03
5.330000000000000000e+02 1.504000000000000000e+03
4.540000000000000000e+02 9.900000000000000000e+02
7.280000000000000000e+02 1.703000000000000000e+03
8.660000000000000000e+02 1.324000000000000000e+03
7.380000000000000000e+02 1.229000000000000000e+03
4.770000000000000000e+02 1.063000000000000000e+03
6.340000000000000000e+02 1.073000000000000000e+03
6.710000000000000000e+02 1.073000000000000000e+03
7.330000000000000000e+02 1.516000000000000000e+03
4.970000000000000000e+02 1.324000000000000000e+03
7.980000000000000000e+02 1.760000000000000000e+03
6.820000000000000000e+02 1.700000000000000000e+03
6.330000000000000000e+02 1.662000000000000000e+03
8.790000000000000000e+02 8.000000000000000000e+02
8.800000000000000000e+02 1.768000000000000000e+03
7.080000000000000000e+02 1.066000000000000000e+03
7.440000000000000000e+02 1.054000000000000000e+03
7.670000000000000000e+02 1.048000000000000000e+03
4.840000000000000000e+02 9.940000000000000000e+02
7.350000000000000000e+02 1.013000000000000000e+03
6.950000000000000000e+02 1.003000000000000000e+03
6.540000000000000000e+02 1.004000000000000000e+03
6.180000000000000000e+02 1.014000000000000000e+03
5.970000000000000000e+02 1.026000000000000000e+03
4.250000000000000000e+02 9.700000000000000000e+02
6.100000000000000000e+02 1.065000000000000000e+03
8.790000000000000000e+02 1.366000000000000000e+03
7.620000000000000000e+02 1.386000000000000000e+03
7.960000000000000000e+02 1.301000000000000000e+03
8.300000000000000000e+02 1.370000000000000000e+03
8.800000000000000000e+02 1.010000000000000000e+03
6.280000000000000000e+02 1.617000000000000000e+03
6.750000000000000000e+02 1.660000000000000000e+03
7.960000000000000000e+02 1.735000000000000000e+03
5.330000000000000000e+02 1.542000000000000000e+03
7.640000000000000000e+02 1.031000000000000000e+03
8.190000000000000000e+02 1.142000000000000000e+03
8.800000000000000000e+02 1.743000000000000000e+03
7.340000000000000000e+02 1.735000000000000000e+03
4.640000000000000000e+02 1.337000000000000000e+03
8.070000000000000000e+02 1.489000000000000000e+03
7.990000000000000000e+02 1.507000000000000000e+03
7.920000000000000000e+02 1.531000000000000000e+03
7.870000000000000000e+02 1.558000000000000000e+03
7.750000000000000000e+02 1.595000000000000000e+03
7.510000000000000000e+02 1.488000000000000000e+03
7.410000000000000000e+02 1.484000000000000000e+03
7.340000000000000000e+02 1.479000000000000000e+03
6.990000000000000000e+02 1.446000000000000000e+03
5.510000000000000000e+02 1.349000000000000000e+03
8.190000000000000000e+02 1.099000000000000000e+03
8.000000000000000000e+02 1.014000000000000000e+03
7.770000000000000000e+02 1.017000000000000000e+03
7.590000000000000000e+02 1.491000000000000000e+03
5.510000000000000000e+02 1.448000000000000000e+03
8.300000000000000000e+02 1.016000000000000000e+03
7.540000000000000000e+02 1.627000000000000000e+03
8.810000000000000000e+02 1.154000000000000000e+03
8.460000000000000000e+02 1.121000000000000000e+03
8.810000000000000000e+02 1.111000000000000000e+03
7.950000000000000000e+02 1.207000000000000000e+03
8.800000000000000000e+02 1.705000000000000000e+03
8.790000000000000000e+02 1.658000000000000000e+03
8.140000000000000000e+02 1.653000000000000000e+03
6.720000000000000000e+02 1.544000000000000000e+03
7.210000000000000000e+02 1.317000000000000000e+03
7.080000000000000000e+02 1.591000000000000000e+03
6.320000000000000000e+02 1.314000000000000000e+03
6.860000000000000000e+02 1.360000000000000000e+03
6.050000000000000000e+02 1.381000000000000000e+03
8.020000000000000000e+02 1.697000000000000000e+03
7.740000000000000000e+02 1.231000000000000000e+03
6.390000000000000000e+02 1.574000000000000000e+03
6.860000000000000000e+02 1.621000000000000000e+03
6.450000000000000000e+02 1.491000000000000000e+03
5.120000000000000000e+02 1.394000000000000000e+03
5.980000000000000000e+02 1.496000000000000000e+03
4.900000000000000000e+02 1.423000000000000000e+03
6.590000000000000000e+02 1.415000000000000000e+03
7.960000000000000000e+02 1.170000000000000000e+03
8.000000000000000000e+02 1.288000000000000000e+03
7.800000000000000000e+02 1.298000000000000000e+03
8.140000000000000000e+02 1.261000000000000000e+03
7.620000000000000000e+02 9.760000000000000000e+02
6.880000000000000000e+02 9.550000000000000000e+02
6.240000000000000000e+02 9.550000000000000000e+02
5.760000000000000000e+02 9.670000000000000000e+02
5.470000000000000000e+02 9.860000000000000000e+02
5.390000000000000000e+02 1.051000000000000000e+03
4.340000000000000000e+02 1.158000000000000000e+03
5.710000000000000000e+02 1.114000000000000000e+03
6.120000000000000000e+02 1.127000000000000000e+03
6.670000000000000000e+02 1.125000000000000000e+03
7.190000000000000000e+02 1.112000000000000000e+03
7.600000000000000000e+02 1.095000000000000000e+03
7.870000000000000000e+02 1.081000000000000000e+03
4.240000000000000000e+02 1.155000000000000000e+03
7.820000000000000000e+02 1.309000000000000000e+03
8.200000000000000000e+02 1.180000000000000000e+03
8.240000000000000000e+02 1.290000000000000000e+03
8.440000000000000000e+02 1.309000000000000000e+03
8.250000000000000000e+02 1.297000000000000000e+03
7.920000000000000000e+02 1.321000000000000000e+03
8.500000000000000000e+02 1.313000000000000000e+03
8.540000000000000000e+02 1.322000000000000000e+03
7.900000000000000000e+02 1.046000000000000000e+03
8.070000000000000000e+02 1.058000000000000000e+03
8.160000000000000000e+02 1.069000000000000000e+03
5.870000000000000000e+02 1.035000000000000000e+03
5.580000000000000000e+02 1.017000000000000000e+03
9.130000000000000000e+02 1.159000000000000000e+03
1.151000000000000000e+03 1.051000000000000000e+03
9.140000000000000000e+02 1.314000000000000000e+03
1.299000000000000000e+03 8.750000000000000000e+02
1.040000000000000000e+03 1.087000000000000000e+03
1.079000000000000000e+03 1.090000000000000000e+03
1.117000000000000000e+03 1.087000000000000000e+03
1.168000000000000000e+03 1.064000000000000000e+03
1.006000000000000000e+03 1.080000000000000000e+03
1.102000000000000000e+03 9.580000000000000000e+02
1.055000000000000000e+03 9.620000000000000000e+02
1.145000000000000000e+03 9.680000000000000000e+02
1.172000000000000000e+03 9.880000000000000000e+02
1.201000000000000000e+03 1.086000000000000000e+03
1.024000000000000000e+03 1.657000000000000000e+03
1.166000000000000000e+03 1.039000000000000000e+03
1.315000000000000000e+03 1.053000000000000000e+03
1.245000000000000000e+03 1.052000000000000000e+03
1.070000000000000000e+03 1.255000000000000000e+03
9.230000000000000000e+02 1.423000000000000000e+03
9.170000000000000000e+02 1.474000000000000000e+03
9.670000000000000000e+02 1.439000000000000000e+03
9.940000000000000000e+02 1.458000000000000000e+03
9.500000000000000000e+02 1.475000000000000000e+03
9.760000000000000000e+02 1.480000000000000000e+03
1.043000000000000000e+03 1.522000000000000000e+03
9.120000000000000000e+02 1.294000000000000000e+03
9.170000000000000000e+02 1.255000000000000000e+03
1.226000000000000000e+03 9.500000000000000000e+02
9.940000000000000000e+02 1.152000000000000000e+03
9.910000000000000000e+02 1.281000000000000000e+03
9.950000000000000000e+02 1.259000000000000000e+03
1.186000000000000000e+03 1.248000000000000000e+03
9.150000000000000000e+02 1.203000000000000000e+03
1.133000000000000000e+03 9.030000000000000000e+02
1.188000000000000000e+03 9.190000000000000000e+02
1.263000000000000000e+03 8.040000000000000000e+02
9.600000000000000000e+02 9.400000000000000000e+02
1.014000000000000000e+03 9.840000000000000000e+02
1.068000000000000000e+03 1.477000000000000000e+03
1.258000000000000000e+03 1.435000000000000000e+03
9.620000000000000000e+02 1.304000000000000000e+03
9.350000000000000000e+02 1.317000000000000000e+03
1.024000000000000000e+03 1.495000000000000000e+03
1.015000000000000000e+03 1.494000000000000000e+03
1.209000000000000000e+03 8.900000000000000000e+02
9.910000000000000000e+02 1.298000000000000000e+03
1.059000000000000000e+03 9.060000000000000000e+02
1.065000000000000000e+03 8.710000000000000000e+02
1.105000000000000000e+03 7.150000000000000000e+02
1.237000000000000000e+03 8.450000000000000000e+02
1.082000000000000000e+03 7.940000000000000000e+02
1.250000000000000000e+03 9.270000000000000000e+02
1.276000000000000000e+03 9.020000000000000000e+02
9.210000000000000000e+02 1.450000000000000000e+03
9.590000000000000000e+02 1.458000000000000000e+03
9.850000000000000000e+02 1.469000000000000000e+03
9.530000000000000000e+02 1.311000000000000000e+03
1.020000000000000000e+03 1.494000000000000000e+03
1.005000000000000000e+03 1.505000000000000000e+03
1.010000000000000000e+03 1.493000000000000000e+03
9.490000000000000000e+02 1.292000000000000000e+03
9.680000000000000000e+02 1.488000000000000000e+03
9.430000000000000000e+02 1.486000000000000000e+03
9.130000000000000000e+02 1.487000000000000000e+03
9.310000000000000000e+02 1.613000000000000000e+03
9.250000000000000000e+02 1.566000000000000000e+03
9.220000000000000000e+02 1.537000000000000000e+03
9.180000000000000000e+02 1.509000000000000000e+03
9.130000000000000000e+02 1.488000000000000000e+03
9.690000000000000000e+02 1.489000000000000000e+03
9.780000000000000000e+02 1.501000000000000000e+03
9.870000000000000000e+02 1.515000000000000000e+03
9.950000000000000000e+02 1.532000000000000000e+03
1.030000000000000000e+03 1.404000000000000000e+03
1.306000000000000000e+03 1.228000000000000000e+03
9.880000000000000000e+02 1.491000000000000000e+03
9.960000000000000000e+02 1.497000000000000000e+03
9.240000000000000000e+02 1.333000000000000000e+03
9.780000000000000000e+02 1.322000000000000000e+03
9.290000000000000000e+02 1.325000000000000000e+03
1.034000000000000000e+03 1.175000000000000000e+03
1.099000000000000000e+03 1.202000000000000000e+03
1.000000000000000000e+03 1.277000000000000000e+03
1.202000000000000000e+03 7.490000000000000000e+02
1.176000000000000000e+03 8.060000000000000000e+02
1.147000000000000000e+03 8.690000000000000000e+02
1.017000000000000000e+03 1.556000000000000000e+03
9.720000000000000000e+02 8.820000000000000000e+02
9.860000000000000000e+02 7.950000000000000000e+02
1.001000000000000000e+03 7.000000000000000000e+02
1.149000000000000000e+03 1.079000000000000000e+03
1.243000000000000000e+03 1.112000000000000000e+03
9.840000000000000000e+02 1.072000000000000000e+03
1.208000000000000000e+03 1.007000000000000000e+03
9.680000000000000000e+02 1.126000000000000000e+03
9.720000000000000000e+02 1.266000000000000000e+03
1.284000000000000000e+03 1.137000000000000000e+03
1.216000000000000000e+03 1.143000000000000000e+03
1.166000000000000000e+03 1.160000000000000000e+03
1.091000000000000000e+03 1.157000000000000000e+03
1.034000000000000000e+03 1.143000000000000000e+03
9.940000000000000000e+02 1.127000000000000000e+03
9.170000000000000000e+02 1.073000000000000000e+03
1.273000000000000000e+03 1.225000000000000000e+03
1.238000000000000000e+03 9.970000000000000000e+02
9.000000000000000000e+02 1.315000000000000000e+03
9.880000000000000000e+02 1.194000000000000000e+03
1.323000000000000000e+03 1.046000000000000000e+03
9.630000000000000000e+02 1.107000000000000000e+03
1.003000000000000000e+03 1.279000000000000000e+03
1.184000000000000000e+03 1.039000000000000000e+03
9.740000000000000000e+02 1.240000000000000000e+03
1.287000000000000000e+03 1.328000000000000000e+03
9.840000000000000000e+02 1.058000000000000000e+03
9.470000000000000000e+02 1.217000000000000000e+03
1.179000000000000000e+03 1.547000000000000000e+03
1.180000000000000000e+03 1.589000000000000000e+03
1.306000000000000000e+03 1.227000000000000000e+03
1.224000000000000000e+03 1.487000000000000000e+03
1.297000000000000000e+03 9.720000000000000000e+02
1.032000000000000000e+03 1.695000000000000000e+03
8.940000000000000000e+02 1.323000000000000000e+03
1.022000000000000000e+03 1.223000000000000000e+03
1.280000000000000000e+03 1.056000000000000000e+03
1.112000000000000000e+03 1.065000000000000000e+03
1.079000000000000000e+03 1.068000000000000000e+03
1.013000000000000000e+03 1.513000000000000000e+03
1.260000000000000000e+03 1.308000000000000000e+03
9.640000000000000000e+02 1.755000000000000000e+03
1.078000000000000000e+03 1.687000000000000000e+03
1.126000000000000000e+03 1.647000000000000000e+03
1.046000000000000000e+03 1.066000000000000000e+03
1.014000000000000000e+03 1.062000000000000000e+03
9.930000000000000000e+02 1.061000000000000000e+03
1.267000000000000000e+03 9.820000000000000000e+02
1.023000000000000000e+03 1.019000000000000000e+03
1.059000000000000000e+03 1.001000000000000000e+03
1.094000000000000000e+03 9.980000000000000000e+02
1.128000000000000000e+03 1.006000000000000000e+03
1.148000000000000000e+03 1.020000000000000000e+03
1.317000000000000000e+03 9.520000000000000000e+02
1.135000000000000000e+03 1.059000000000000000e+03
9.960000000000000000e+02 1.381000000000000000e+03
9.630000000000000000e+02 1.297000000000000000e+03
9.290000000000000000e+02 1.368000000000000000e+03
1.132000000000000000e+03 1.604000000000000000e+03
1.084000000000000000e+03 1.649000000000000000e+03
9.650000000000000000e+02 1.731000000000000000e+03
1.220000000000000000e+03 1.523000000000000000e+03
9.960000000000000000e+02 1.044000000000000000e+03
9.420000000000000000e+02 1.139000000000000000e+03
1.026000000000000000e+03 1.726000000000000000e+03
1.288000000000000000e+03 1.318000000000000000e+03
9.440000000000000000e+02 1.488000000000000000e+03
9.520000000000000000e+02 1.505000000000000000e+03
9.590000000000000000e+02 1.527000000000000000e+03
9.650000000000000000e+02 1.553000000000000000e+03
9.810000000000000000e+02 1.588000000000000000e+03
9.960000000000000000e+02 1.486000000000000000e+03
1.005000000000000000e+03 1.482000000000000000e+03
1.013000000000000000e+03 1.476000000000000000e+03
1.055000000000000000e+03 1.437000000000000000e+03
1.208000000000000000e+03 1.334000000000000000e+03
9.420000000000000000e+02 1.097000000000000000e+03
9.580000000000000000e+02 1.019000000000000000e+03
9.810000000000000000e+02 1.025000000000000000e+03
9.870000000000000000e+02 1.490000000000000000e+03
1.207000000000000000e+03 1.432000000000000000e+03
9.240000000000000000e+02 1.017000000000000000e+03
1.004000000000000000e+03 1.620000000000000000e+03
9.160000000000000000e+02 1.119000000000000000e+03
9.660000000000000000e+02 1.204000000000000000e+03
9.450000000000000000e+02 1.650000000000000000e+03
1.084000000000000000e+03 1.534000000000000000e+03
1.037000000000000000e+03 1.311000000000000000e+03
1.049000000000000000e+03 1.582000000000000000e+03
1.129000000000000000e+03 1.303000000000000000e+03
1.073000000000000000e+03 1.352000000000000000e+03
1.155000000000000000e+03 1.368000000000000000e+03
9.590000000000000000e+02 1.693000000000000000e+03
9.850000000000000000e+02 1.227000000000000000e+03
1.119000000000000000e+03 1.562000000000000000e+03
1.072000000000000000e+03 1.611000000000000000e+03
1.110000000000000000e+03 1.480000000000000000e+03
1.245000000000000000e+03 1.377000000000000000e+03
1.160000000000000000e+03 1.482000000000000000e+03
1.264000000000000000e+03 1.405000000000000000e+03
1.098000000000000000e+03 1.405000000000000000e+03
9.640000000000000000e+02 1.166000000000000000e+03
9.600000000000000000e+02 1.285000000000000000e+03
9.790000000000000000e+02 1.294000000000000000e+03
9.470000000000000000e+02 1.258000000000000000e+03
9.900000000000000000e+02 9.740000000000000000e+02
1.056000000000000000e+03 9.440000000000000000e+02
1.114000000000000000e+03 9.400000000000000000e+02
1.162000000000000000e+03 9.510000000000000000e+02
1.194000000000000000e+03 9.730000000000000000e+02
1.210000000000000000e+03 1.046000000000000000e+03
1.316000000000000000e+03 1.139000000000000000e+03
1.179000000000000000e+03 1.105000000000000000e+03
1.138000000000000000e+03 1.118000000000000000e+03
1.085000000000000000e+03 1.120000000000000000e+03
1.036000000000000000e+03 1.112000000000000000e+03
9.980000000000000000e+02 1.101000000000000000e+03
9.720000000000000000e+02 1.090000000000000000e+03
1.317000000000000000e+03 1.136000000000000000e+03
9.770000000000000000e+02 1.305000000000000000e+03
9.420000000000000000e+02 1.177000000000000000e+03
9.370000000000000000e+02 1.288000000000000000e+03
9.170000000000000000e+02 1.307000000000000000e+03
9.360000000000000000e+02 1.294000000000000000e+03
9.670000000000000000e+02 1.317000000000000000e+03
9.110000000000000000e+02 1.312000000000000000e+03
9.060000000000000000e+02 1.320000000000000000e+03
9.710000000000000000e+02 1.059000000000000000e+03
9.520000000000000000e+02 1.067000000000000000e+03
9.400000000000000000e+02 1.075000000000000000e+03
1.158000000000000000e+03 1.030000000000000000e+03
1.187000000000000000e+03 1.011000000000000000e+03
6.730000000000000000e+02 1.034000000000000000e+03
7.190000000000000000e+02 1.031000000000000000e+03
6.700000000000000000e+02 9.950000000000000000e+02
6.280000000000000000e+02 1.038000000000000000e+03
6.760000000000000000e+02 1.074000000000000000e+03
1.081000000000000000e+03 1.037000000000000000e+03
1.124000000000000000e+03 1.037000000000000000e+03
1.079000000000000000e+03 9.980000000000000000e+02
1.038000000000000000e+03 1.037000000000000000e+03
1.082000000000000000e+03 1.077000000000000000e+03
0.000000000000000000e+00 0.000000000000000000e+00
1.749000000000000000e+03 0.000000000000000000e+00
1.749000000000000000e+03 2.187000000000000000e+03
0.000000000000000000e+00 2.187000000000000000e+03
8.700000000000000000e+01 0.000000000000000000e+00
8.700000000000000000e+01 2.187000000000000000e+03
0.000000000000000000e+00 1.090000000000000000e+02
1.749000000000000000e+03 1.090000000000000000e+02
1.750000000000000000e+02 0.000000000000000000e+00
1.750000000000000000e+02 2.187000000000000000e+03
0.000000000000000000e+00 2.180000000000000000e+02
1.749000000000000000e+03 2.180000000000000000e+02
2.620000000000000000e+02 0.000000000000000000e+00
2.620000000000000000e+02 2.187000000000000000e+03
0.000000000000000000e+00 3.280000000000000000e+02
1.749000000000000000e+03 3.280000000000000000e+02
3.500000000000000000e+02 0.000000000000000000e+00
3.500000000000000000e+02 2.187000000000000000e+03
0.000000000000000000e+00 4.370000000000000000e+02
1.749000000000000000e+03 4.370000000000000000e+02
4.370000000000000000e+02 0.000000000000000000e+00
4.370000000000000000e+02 2.187000000000000000e+03
0.000000000000000000e+00 5.470000000000000000e+02
1.749000000000000000e+03 5.470000000000000000e+02
5.250000000000000000e+02 0.000000000000000000e+00
5.250000000000000000e+02 2.187000000000000000e+03
0.000000000000000000e+00 6.560000000000000000e+02
1.749000000000000000e+03 6.560000000000000000e+02
6.120000000000000000e+02 0.000000000000000000e+00
6.120000000000000000e+02 2.187000000000000000e+03
0.000000000000000000e+00 7.650000000000000000e+02
1.749000000000000000e+03 7.650000000000000000e+02
7.000000000000000000e+02 0.000000000000000000e+00
7.000000000000000000e+02 2.187000000000000000e+03
0.000000000000000000e+00 8.750000000000000000e+02
1.749000000000000000e+03 8.750000000000000000e+02
7.870000000000000000e+02 0.000000000000000000e+00
7.870000000000000000e+02 2.187000000000000000e+03
0.000000000000000000e+00 9.840000000000000000e+02
1.749000000000000000e+03 9.840000000000000000e+02
8.750000000000000000e+02 0.000000000000000000e+00
8.750000000000000000e+02 2.187000000000000000e+03
0.000000000000000000e+00 1.094000000000000000e+03
1.749000000000000000e+03 1.094000000000000000e+03
9.620000000000000000e+02 0.000000000000000000e+00
9.620000000000000000e+02 2.187000000000000000e+03
0.000000000000000000e+00 1.203000000000000000e+03
1.749000000000000000e+03 1.203000000000000000e+03
1.050000000000000000e+03 0.000000000000000000e+00
1.050000000000000000e+03 2.187000000000000000e+03
0.000000000000000000e+00 1.312000000000000000e+03
1.749000000000000000e+03 1.312000000000000000e+03
1.137000000000000000e+03 0.000000000000000000e+00
1.137000000000000000e+03 2.187000000000000000e+03
0.000000000000000000e+00 1.422000000000000000e+03
1.749000000000000000e+03 1.422000000000000000e+03
1.225000000000000000e+03 0.000000000000000000e+00
1.225000000000000000e+03 2.187000000000000000e+03
0.000000000000000000e+00 1.531000000000000000e+03
1.749000000000000000e+03 1.531000000000000000e+03
1.312000000000000000e+03 0.000000000000000000e+00
1.312000000000000000e+03 2.187000000000000000e+03
0.000000000000000000e+00 1.641000000000000000e+03
1.749000000000000000e+03 1.641000000000000000e+03
1.400000000000000000e+03 0.000000000000000000e+00
1.400000000000000000e+03 2.187000000000000000e+03
0.000000000000000000e+00 1.750000000000000000e+03
1.749000000000000000e+03 1.750000000000000000e+03
1.487000000000000000e+03 0.000000000000000000e+00
1.487000000000000000e+03 2.187000000000000000e+03
0.000000000000000000e+00 1.859000000000000000e+03
1.749000000000000000e+03 1.859000000000000000e+03
1.575000000000000000e+03 0.000000000000000000e+00
1.575000000000000000e+03 2.187000000000000000e+03
0.000000000000000000e+00 1.969000000000000000e+03
1.749000000000000000e+03 1.969000000000000000e+03
1.662000000000000000e+03 0.000000000000000000e+00
1.662000000000000000e+03 2.187000000000000000e+03
0.000000000000000000e+00 2.078000000000000000e+03
1.749000000000000000e+03 2.078000000000000000e+03
