8.100000000000000000e+02 1.429000000000000000e+03
8.090000000000000000e+02 1.260000000000000000e+03
8.100000000000000000e+02 1.304000000000000000e+03
7.780000000000000000e+02 1.135000000000000000e+03
8.090000000000000000e+02 1.219000000000000000e+03
8.080000000000000000e+02 1.169000000000000000e+03
8.060000000000000000e+02 1.054000000000000000e+03
5.640000000000000000e+02 1.052000000000000000e+03
8.050000000000000000e+02 9.840000000000000000e+02
8.040000000000000000e+02 9.360000000000000000e+02
8.040000000000000000e+02 7.330000000000000000e+02
8.110000000000000000e+02 1.441000000000000000e+03
8.110000000000000000e+02 1.451000000000000000e+03
8.120000000000000000e+02 1.457000000000000000e+03
8.120000000000000000e+02 1.457000000000000000e+03
8.130000000000000000e+02 1.467000000000000000e+03
8.140000000000000000e+02 1.480000000000000000e+03
8.150000000000000000e+02 1.497000000000000000e+03
8.170000000000000000e+02 1.559000000000000000e+03
8.100000000000000000e+02 1.283000000000000000e+03
7.760000000000000000e+02 1.284000000000000000e+03
4.170000000000000000e+02 9.270000000000000000e+02
6.580000000000000000e+02 1.084000000000000000e+03
6.250000000000000000e+02 1.087000000000000000e+03
5.930000000000000000e+02 1.086000000000000000e+03
5.480000000000000000e+02 1.067000000000000000e+03
6.840000000000000000e+02 1.076000000000000000e+03
6.060000000000000000e+02 9.850000000000000000e+02
6.430000000000000000e+02 9.890000000000000000e+02
5.710000000000000000e+02 9.920000000000000000e+02
5.480000000000000000e+02 1.007000000000000000e+03
5.180000000000000000e+02 1.094000000000000000e+03
6.800000000000000000e+02 1.642000000000000000e+03
5.510000000000000000e+02 1.044000000000000000e+03
4.010000000000000000e+02 1.098000000000000000e+03
4.750000000000000000e+02 1.072000000000000000e+03
6.330000000000000000e+02 1.245000000000000000e+03
7.680000000000000000e+02 1.421000000000000000e+03
7.730000000000000000e+02 1.449000000000000000e+03
7.280000000000000000e+02 1.436000000000000000e+03
6.990000000000000000e+02 1.451000000000000000e+03
7.390000000000000000e+02 1.454000000000000000e+03
7.100000000000000000e+02 1.461000000000000000e+03
6.480000000000000000e+02 1.499000000000000000e+03
7.790000000000000000e+02 1.260000000000000000e+03
7.740000000000000000e+02 1.221000000000000000e+03
4.950000000000000000e+02 9.790000000000000000e+02
7.050000000000000000e+02 1.144000000000000000e+03
6.940000000000000000e+02 1.256000000000000000e+03
6.920000000000000000e+02 1.236000000000000000e+03
5.270000000000000000e+02 1.248000000000000000e+03
7.760000000000000000e+02 1.174000000000000000e+03
5.790000000000000000e+02 9.350000000000000000e+02
5.300000000000000000e+02 9.500000000000000000e+02
4.550000000000000000e+02 8.530000000000000000e+02
7.340000000000000000e+02 9.680000000000000000e+02
6.760000000000000000e+02 1.004000000000000000e+03
6.180000000000000000e+02 1.463000000000000000e+03
4.350000000000000000e+02 1.489000000000000000e+03
7.220000000000000000e+02 1.278000000000000000e+03
7.510000000000000000e+02 1.289000000000000000e+03
6.600000000000000000e+02 1.477000000000000000e+03
6.680000000000000000e+02 1.475000000000000000e+03
5.080000000000000000e+02 9.270000000000000000e+02
6.920000000000000000e+02 1.274000000000000000e+03
6.460000000000000000e+02 9.390000000000000000e+02
6.380000000000000000e+02 9.080000000000000000e+02
6.030000000000000000e+02 7.560000000000000000e+02
4.820000000000000000e+02 8.910000000000000000e+02
6.250000000000000000e+02 8.300000000000000000e+02
4.720000000000000000e+02 9.640000000000000000e+02
4.430000000000000000e+02 9.490000000000000000e+02
7.700000000000000000e+02 1.438000000000000000e+03
7.340000000000000000e+02 1.446000000000000000e+03
7.050000000000000000e+02 1.456000000000000000e+03
7.300000000000000000e+02 1.285000000000000000e+03
6.640000000000000000e+02 1.476000000000000000e+03
6.840000000000000000e+02 1.477000000000000000e+03
6.730000000000000000e+02 1.474000000000000000e+03
7.400000000000000000e+02 1.262000000000000000e+03
7.160000000000000000e+02 1.463000000000000000e+03
7.440000000000000000e+02 1.458000000000000000e+03
7.760000000000000000e+02 1.456000000000000000e+03
7.700000000000000000e+02 1.558000000000000000e+03
7.740000000000000000e+02 1.496000000000000000e+03
7.740000000000000000e+02 1.479000000000000000e+03
7.740000000000000000e+02 1.467000000000000000e+03
7.760000000000000000e+02 1.457000000000000000e+03
7.150000000000000000e+02 1.464000000000000000e+03
7.110000000000000000e+02 1.469000000000000000e+03
7.070000000000000000e+02 1.477000000000000000e+03
7.030000000000000000e+02 1.487000000000000000e+03
6.570000000000000000e+02 1.387000000000000000e+03
3.980000000000000000e+02 1.289000000000000000e+03
8.100000000000000000e+02 1.293000000000000000e+03
6.940000000000000000e+02 1.469000000000000000e+03
6.890000000000000000e+02 1.472000000000000000e+03
7.630000000000000000e+02 1.304000000000000000e+03
7.060000000000000000e+02 1.299000000000000000e+03
7.570000000000000000e+02 1.296000000000000000e+03
6.680000000000000000e+02 1.169000000000000000e+03
6.110000000000000000e+02 1.197000000000000000e+03
6.860000000000000000e+02 1.255000000000000000e+03
5.150000000000000000e+02 7.950000000000000000e+02
5.410000000000000000e+02 8.490000000000000000e+02
5.640000000000000000e+02 9.060000000000000000e+02
6.810000000000000000e+02 1.523000000000000000e+03
7.220000000000000000e+02 9.190000000000000000e+02
7.100000000000000000e+02 8.250000000000000000e+02
6.960000000000000000e+02 7.380000000000000000e+02
5.650000000000000000e+02 1.080000000000000000e+03
4.810000000000000000e+02 1.122000000000000000e+03
7.010000000000000000e+02 1.067000000000000000e+03
5.120000000000000000e+02 1.025000000000000000e+03
7.290000000000000000e+02 1.118000000000000000e+03
7.170000000000000000e+02 1.239000000000000000e+03
4.340000000000000000e+02 1.163000000000000000e+03
5.080000000000000000e+02 1.146000000000000000e+03
5.540000000000000000e+02 1.158000000000000000e+03
6.200000000000000000e+02 1.151000000000000000e+03
6.680000000000000000e+02 1.135000000000000000e+03
7.030000000000000000e+02 1.117000000000000000e+03
7.730000000000000000e+02 1.064000000000000000e+03
4.400000000000000000e+02 1.246000000000000000e+03
4.820000000000000000e+02 1.022000000000000000e+03
7.910000000000000000e+02 1.282000000000000000e+03
7.060000000000000000e+02 1.180000000000000000e+03
3.900000000000000000e+02 1.104000000000000000e+03
7.290000000000000000e+02 1.097000000000000000e+03
6.840000000000000000e+02 1.259000000000000000e+03
5.350000000000000000e+02 1.047000000000000000e+03
7.160000000000000000e+02 1.215000000000000000e+03
4.100000000000000000e+02 1.388000000000000000e+03
6.980000000000000000e+02 1.055000000000000000e+03
7.450000000000000000e+02 1.190000000000000000e+03
5.150000000000000000e+02 1.565000000000000000e+03
5.160000000000000000e+02 1.621000000000000000e+03
4.030000000000000000e+02 1.271000000000000000e+03
4.690000000000000000e+02 1.515000000000000000e+03
4.210000000000000000e+02 1.017000000000000000e+03
6.710000000000000000e+02 1.690000000000000000e+03
7.950000000000000000e+02 1.292000000000000000e+03
6.740000000000000000e+02 1.212000000000000000e+03
4.430000000000000000e+02 1.082000000000000000e+03
5.970000000000000000e+02 1.063000000000000000e+03
6.240000000000000000e+02 1.065000000000000000e+03
6.790000000000000000e+02 1.483000000000000000e+03
4.460000000000000000e+02 1.330000000000000000e+03
7.410000000000000000e+02 1.749000000000000000e+03
6.240000000000000000e+02 1.703000000000000000e+03
5.740000000000000000e+02 1.670000000000000000e+03
8.040000000000000000e+02 8.250000000000000000e+02
8.210000000000000000e+02 1.754000000000000000e+03
6.510000000000000000e+02 1.063000000000000000e+03
6.750000000000000000e+02 1.059000000000000000e+03
6.900000000000000000e+02 1.057000000000000000e+03
4.530000000000000000e+02 1.017000000000000000e+03
6.680000000000000000e+02 1.031000000000000000e+03
6.400000000000000000e+02 1.021000000000000000e+03
6.130000000000000000e+02 1.019000000000000000e+03
5.860000000000000000e+02 1.024000000000000000e+03
5.690000000000000000e+02 1.032000000000000000e+03
3.970000000000000000e+02 1.005000000000000000e+03
5.780000000000000000e+02 1.058000000000000000e+03
8.110000000000000000e+02 1.337000000000000000e+03
6.920000000000000000e+02 1.359000000000000000e+03
7.220000000000000000e+02 1.270000000000000000e+03
7.610000000000000000e+02 1.341000000000000000e+03
8.050000000000000000e+02 1.019000000000000000e+03
5.660000000000000000e+02 1.616000000000000000e+03
6.160000000000000000e+02 1.655000000000000000e+03
7.390000000000000000e+02 1.713000000000000000e+03
4.730000000000000000e+02 1.566000000000000000e+03
6.880000000000000000e+02 1.045000000000000000e+03
7.520000000000000000e+02 1.123000000000000000e+03
8.200000000000000000e+02 1.718000000000000000e+03
6.780000000000000000e+02 1.730000000000000000e+03
4.140000000000000000e+02 1.362000000000000000e+03
7.430000000000000000e+02 1.459000000000000000e+03
7.400000000000000000e+02 1.467000000000000000e+03
7.370000000000000000e+02 1.478000000000000000e+03
7.360000000000000000e+02 1.492000000000000000e+03
7.200000000000000000e+02 1.544000000000000000e+03
6.870000000000000000e+02 1.468000000000000000e+03
6.810000000000000000e+02 1.467000000000000000e+03
6.760000000000000000e+02 1.465000000000000000e+03
6.310000000000000000e+02 1.422000000000000000e+03
4.950000000000000000e+02 1.342000000000000000e+03
7.520000000000000000e+02 1.088000000000000000e+03
7.290000000000000000e+02 1.027000000000000000e+03
7.040000000000000000e+02 1.032000000000000000e+03
6.940000000000000000e+02 1.469000000000000000e+03
4.880000000000000000e+02 1.447000000000000000e+03
7.630000000000000000e+02 1.025000000000000000e+03
6.990000000000000000e+02 1.593000000000000000e+03
8.070000000000000000e+02 1.128000000000000000e+03
7.750000000000000000e+02 1.100000000000000000e+03
8.070000000000000000e+02 1.091000000000000000e+03
7.270000000000000000e+02 1.184000000000000000e+03
8.180000000000000000e+02 1.669000000000000000e+03
8.180000000000000000e+02 1.611000000000000000e+03
7.580000000000000000e+02 1.610000000000000000e+03
6.120000000000000000e+02 1.524000000000000000e+03
6.550000000000000000e+02 1.295000000000000000e+03
6.530000000000000000e+02 1.565000000000000000e+03
5.750000000000000000e+02 1.296000000000000000e+03
6.220000000000000000e+02 1.339000000000000000e+03
5.430000000000000000e+02 1.367000000000000000e+03
7.440000000000000000e+02 1.665000000000000000e+03
7.050000000000000000e+02 1.208000000000000000e+03
5.800000000000000000e+02 1.562000000000000000e+03
6.300000000000000000e+02 1.606000000000000000e+03
5.810000000000000000e+02 1.473000000000000000e+03
4.540000000000000000e+02 1.402000000000000000e+03
5.340000000000000000e+02 1.486000000000000000e+03
4.330000000000000000e+02 1.444000000000000000e+03
5.930000000000000000e+02 1.396000000000000000e+03
7.300000000000000000e+02 1.151000000000000000e+03
7.290000000000000000e+02 1.255000000000000000e+03
7.060000000000000000e+02 1.268000000000000000e+03
7.440000000000000000e+02 1.228000000000000000e+03
7.020000000000000000e+02 9.950000000000000000e+02
6.460000000000000000e+02 9.710000000000000000e+02
5.970000000000000000e+02 9.660000000000000000e+02
5.550000000000000000e+02 9.750000000000000000e+02
5.260000000000000000e+02 9.940000000000000000e+02
5.090000000000000000e+02 1.059000000000000000e+03
3.970000000000000000e+02 1.183000000000000000e+03
5.390000000000000000e+02 1.108000000000000000e+03
5.750000000000000000e+02 1.118000000000000000e+03
6.210000000000000000e+02 1.117000000000000000e+03
6.630000000000000000e+02 1.108000000000000000e+03
6.950000000000000000e+02 1.096000000000000000e+03
7.180000000000000000e+02 1.084000000000000000e+03
3.930000000000000000e+02 1.196000000000000000e+03
7.060000000000000000e+02 1.280000000000000000e+03
7.510000000000000000e+02 1.155000000000000000e+03
7.540000000000000000e+02 1.255000000000000000e+03
7.740000000000000000e+02 1.277000000000000000e+03
7.550000000000000000e+02 1.264000000000000000e+03
7.160000000000000000e+02 1.292000000000000000e+03
7.800000000000000000e+02 1.279000000000000000e+03
7.840000000000000000e+02 1.289000000000000000e+03
7.120000000000000000e+02 1.056000000000000000e+03
7.350000000000000000e+02 1.063000000000000000e+03
7.490000000000000000e+02 1.068000000000000000e+03
5.590000000000000000e+02 1.038000000000000000e+03
5.330000000000000000e+02 1.024000000000000000e+03
8.370000000000000000e+02 1.134000000000000000e+03
1.045000000000000000e+03 1.054000000000000000e+03
8.440000000000000000e+02 1.283000000000000000e+03
1.196000000000000000e+03 9.210000000000000000e+02
9.510000000000000000e+02 1.082000000000000000e+03
9.830000000000000000e+02 1.086000000000000000e+03
1.015000000000000000e+03 1.087000000000000000e+03
1.061000000000000000e+03 1.066000000000000000e+03
9.260000000000000000e+02 1.073000000000000000e+03
1.008000000000000000e+03 9.860000000000000000e+02
9.720000000000000000e+02 9.890000000000000000e+02
1.042000000000000000e+03 9.920000000000000000e+02
1.063000000000000000e+03 1.006000000000000000e+03
1.091000000000000000e+03 1.091000000000000000e+03
9.530000000000000000e+02 1.640000000000000000e+03
1.061000000000000000e+03 1.044000000000000000e+03
1.212000000000000000e+03 1.092000000000000000e+03
1.135000000000000000e+03 1.066000000000000000e+03
9.860000000000000000e+02 1.242000000000000000e+03
8.520000000000000000e+02 1.420000000000000000e+03
8.500000000000000000e+02 1.448000000000000000e+03
8.930000000000000000e+02 1.433000000000000000e+03
9.240000000000000000e+02 1.446000000000000000e+03
8.840000000000000000e+02 1.451000000000000000e+03
9.130000000000000000e+02 1.456000000000000000e+03
9.780000000000000000e+02 1.497000000000000000e+03
8.390000000000000000e+02 1.259000000000000000e+03
8.430000000000000000e+02 1.220000000000000000e+03
1.118000000000000000e+03 9.740000000000000000e+02
9.120000000000000000e+02 1.143000000000000000e+03
9.240000000000000000e+02 1.254000000000000000e+03
9.260000000000000000e+02 1.234000000000000000e+03
1.091000000000000000e+03 1.243000000000000000e+03
8.400000000000000000e+02 1.173000000000000000e+03
1.034000000000000000e+03 9.370000000000000000e+02
1.083000000000000000e+03 9.480000000000000000e+02
1.156000000000000000e+03 8.490000000000000000e+02
8.800000000000000000e+02 9.740000000000000000e+02
9.400000000000000000e+02 1.004000000000000000e+03
1.006000000000000000e+03 1.459000000000000000e+03
1.188000000000000000e+03 1.483000000000000000e+03
8.980000000000000000e+02 1.276000000000000000e+03
8.690000000000000000e+02 1.288000000000000000e+03
9.650000000000000000e+02 1.468000000000000000e+03
9.570000000000000000e+02 1.467000000000000000e+03
1.108000000000000000e+03 9.230000000000000000e+02
9.260000000000000000e+02 1.273000000000000000e+03
9.670000000000000000e+02 9.440000000000000000e+02
9.740000000000000000e+02 9.140000000000000000e+02
1.004000000000000000e+03 7.530000000000000000e+02
1.126000000000000000e+03 8.870000000000000000e+02
9.800000000000000000e+02 8.280000000000000000e+02
1.143000000000000000e+03 9.570000000000000000e+02
1.168000000000000000e+03 9.450000000000000000e+02
8.520000000000000000e+02 1.436000000000000000e+03
8.890000000000000000e+02 1.443000000000000000e+03
9.190000000000000000e+02 1.451000000000000000e+03
8.890000000000000000e+02 1.284000000000000000e+03
9.610000000000000000e+02 1.468000000000000000e+03
9.420000000000000000e+02 1.470000000000000000e+03
9.520000000000000000e+02 1.466000000000000000e+03
8.790000000000000000e+02 1.261000000000000000e+03
9.090000000000000000e+02 1.458000000000000000e+03
8.800000000000000000e+02 1.455000000000000000e+03
8.480000000000000000e+02 1.455000000000000000e+03
8.630000000000000000e+02 1.557000000000000000e+03
8.550000000000000000e+02 1.495000000000000000e+03
8.530000000000000000e+02 1.478000000000000000e+03
8.510000000000000000e+02 1.465000000000000000e+03
8.480000000000000000e+02 1.455000000000000000e+03
9.090000000000000000e+02 1.458000000000000000e+03
9.140000000000000000e+02 1.464000000000000000e+03
9.200000000000000000e+02 1.472000000000000000e+03
9.240000000000000000e+02 1.482000000000000000e+03
9.640000000000000000e+02 1.384000000000000000e+03
1.219000000000000000e+03 1.284000000000000000e+03
9.310000000000000000e+02 1.462000000000000000e+03
9.360000000000000000e+02 1.465000000000000000e+03
8.580000000000000000e+02 1.303000000000000000e+03
9.130000000000000000e+02 1.297000000000000000e+03
8.630000000000000000e+02 1.296000000000000000e+03
9.490000000000000000e+02 1.167000000000000000e+03
1.007000000000000000e+03 1.194000000000000000e+03
9.330000000000000000e+02 1.253000000000000000e+03
1.094000000000000000e+03 7.910000000000000000e+02
1.065000000000000000e+03 8.460000000000000000e+02
1.049000000000000000e+03 9.070000000000000000e+02
9.480000000000000000e+02 1.521000000000000000e+03
8.920000000000000000e+02 9.270000000000000000e+02
8.960000000000000000e+02 8.240000000000000000e+02
9.120000000000000000e+02 7.360000000000000000e+02
1.044000000000000000e+03 1.081000000000000000e+03
1.128000000000000000e+03 1.118000000000000000e+03
9.100000000000000000e+02 1.064000000000000000e+03
1.098000000000000000e+03 1.021000000000000000e+03
8.860000000000000000e+02 1.116000000000000000e+03
9.000000000000000000e+02 1.237000000000000000e+03
1.179000000000000000e+03 1.158000000000000000e+03
1.098000000000000000e+03 1.143000000000000000e+03
1.051000000000000000e+03 1.157000000000000000e+03
9.860000000000000000e+02 1.149000000000000000e+03
9.410000000000000000e+02 1.131000000000000000e+03
9.080000000000000000e+02 1.115000000000000000e+03
8.400000000000000000e+02 1.063000000000000000e+03
1.176000000000000000e+03 1.240000000000000000e+03
1.129000000000000000e+03 1.017000000000000000e+03
8.280000000000000000e+02 1.281000000000000000e+03
9.110000000000000000e+02 1.179000000000000000e+03
1.225000000000000000e+03 1.098000000000000000e+03
8.820000000000000000e+02 1.097000000000000000e+03
9.350000000000000000e+02 1.257000000000000000e+03
1.077000000000000000e+03 1.045000000000000000e+03
9.010000000000000000e+02 1.213000000000000000e+03
1.211000000000000000e+03 1.383000000000000000e+03
9.130000000000000000e+02 1.054000000000000000e+03
8.710000000000000000e+02 1.189000000000000000e+03
1.113000000000000000e+03 1.560000000000000000e+03
1.113000000000000000e+03 1.616000000000000000e+03
1.214000000000000000e+03 1.264000000000000000e+03
1.155000000000000000e+03 1.509000000000000000e+03
1.191000000000000000e+03 1.012000000000000000e+03
9.640000000000000000e+02 1.688000000000000000e+03
8.240000000000000000e+02 1.291000000000000000e+03
9.430000000000000000e+02 1.209000000000000000e+03
1.169000000000000000e+03 1.073000000000000000e+03
1.010000000000000000e+03 1.066000000000000000e+03
9.830000000000000000e+02 1.067000000000000000e+03
9.470000000000000000e+02 1.476000000000000000e+03
1.174000000000000000e+03 1.324000000000000000e+03
8.990000000000000000e+02 1.748000000000000000e+03
1.011000000000000000e+03 1.700000000000000000e+03
1.059000000000000000e+03 1.666000000000000000e+03
9.570000000000000000e+02 1.063000000000000000e+03
9.340000000000000000e+02 1.057000000000000000e+03
9.200000000000000000e+02 1.055000000000000000e+03
1.159000000000000000e+03 1.008000000000000000e+03
9.460000000000000000e+02 1.031000000000000000e+03
9.740000000000000000e+02 1.023000000000000000e+03
1.001000000000000000e+03 1.022000000000000000e+03
1.027000000000000000e+03 1.027000000000000000e+03
1.043000000000000000e+03 1.034000000000000000e+03
1.217000000000000000e+03 9.990000000000000000e+02
1.030000000000000000e+03 1.061000000000000000e+03
9.290000000000000000e+02 1.357000000000000000e+03
8.970000000000000000e+02 1.269000000000000000e+03
8.610000000000000000e+02 1.340000000000000000e+03
1.065000000000000000e+03 1.612000000000000000e+03
1.016000000000000000e+03 1.652000000000000000e+03
8.990000000000000000e+02 1.712000000000000000e+03
1.154000000000000000e+03 1.560000000000000000e+03
9.240000000000000000e+02 1.045000000000000000e+03
8.630000000000000000e+02 1.122000000000000000e+03
9.590000000000000000e+02 1.728000000000000000e+03
1.206000000000000000e+03 1.355000000000000000e+03
8.800000000000000000e+02 1.455000000000000000e+03
8.860000000000000000e+02 1.463000000000000000e+03
8.900000000000000000e+02 1.474000000000000000e+03
8.930000000000000000e+02 1.490000000000000000e+03
9.110000000000000000e+02 1.542000000000000000e+03
9.380000000000000000e+02 1.461000000000000000e+03
9.430000000000000000e+02 1.460000000000000000e+03
9.480000000000000000e+02 1.457000000000000000e+03
9.920000000000000000e+02 1.419000000000000000e+03
1.125000000000000000e+03 1.337000000000000000e+03
8.620000000000000000e+02 1.087000000000000000e+03
8.860000000000000000e+02 1.027000000000000000e+03
9.090000000000000000e+02 1.031000000000000000e+03
9.310000000000000000e+02 1.462000000000000000e+03
1.136000000000000000e+03 1.441000000000000000e+03
8.500000000000000000e+02 1.029000000000000000e+03
9.320000000000000000e+02 1.591000000000000000e+03
8.390000000000000000e+02 1.099000000000000000e+03
8.900000000000000000e+02 1.183000000000000000e+03
8.760000000000000000e+02 1.609000000000000000e+03
1.015000000000000000e+03 1.520000000000000000e+03
9.650000000000000000e+02 1.292000000000000000e+03
9.760000000000000000e+02 1.562000000000000000e+03
1.044000000000000000e+03 1.292000000000000000e+03
9.980000000000000000e+02 1.336000000000000000e+03
1.079000000000000000e+03 1.362000000000000000e+03
8.900000000000000000e+02 1.665000000000000000e+03
9.130000000000000000e+02 1.206000000000000000e+03
1.049000000000000000e+03 1.558000000000000000e+03
1.001000000000000000e+03 1.603000000000000000e+03
1.043000000000000000e+03 1.470000000000000000e+03
1.168000000000000000e+03 1.396000000000000000e+03
1.091000000000000000e+03 1.481000000000000000e+03
1.190000000000000000e+03 1.437000000000000000e+03
1.030000000000000000e+03 1.392000000000000000e+03
8.860000000000000000e+02 1.150000000000000000e+03
8.890000000000000000e+02 1.254000000000000000e+03
9.130000000000000000e+02 1.266000000000000000e+03
8.730000000000000000e+02 1.226000000000000000e+03
9.140000000000000000e+02 9.970000000000000000e+02
9.680000000000000000e+02 9.730000000000000000e+02
1.016000000000000000e+03 9.680000000000000000e+02
1.057000000000000000e+03 9.760000000000000000e+02
1.085000000000000000e+03 9.930000000000000000e+02
1.102000000000000000e+03 1.055000000000000000e+03
1.218000000000000000e+03 1.177000000000000000e+03
1.068000000000000000e+03 1.107000000000000000e+03
1.031000000000000000e+03 1.117000000000000000e+03
9.860000000000000000e+02 1.115000000000000000e+03
9.460000000000000000e+02 1.104000000000000000e+03
9.160000000000000000e+02 1.092000000000000000e+03
8.950000000000000000e+02 1.081000000000000000e+03
1.223000000000000000e+03 1.191000000000000000e+03
9.130000000000000000e+02 1.278000000000000000e+03
8.640000000000000000e+02 1.154000000000000000e+03
8.640000000000000000e+02 1.254000000000000000e+03
8.460000000000000000e+02 1.276000000000000000e+03
8.640000000000000000e+02 1.263000000000000000e+03
9.030000000000000000e+02 1.290000000000000000e+03
8.390000000000000000e+02 1.279000000000000000e+03
8.360000000000000000e+02 1.289000000000000000e+03
9.000000000000000000e+02 1.054000000000000000e+03
8.790000000000000000e+02 1.063000000000000000e+03
8.640000000000000000e+02 1.071000000000000000e+03
1.053000000000000000e+03 1.040000000000000000e+03
1.077000000000000000e+03 1.023000000000000000e+03
6.200000000000000000e+02 1.039000000000000000e+03
6.540000000000000000e+02 1.037000000000000000e+03
6.190000000000000000e+02 1.006000000000000000e+03
5.850000000000000000e+02 1.041000000000000000e+03
6.210000000000000000e+02 1.071000000000000000e+03
9.920000000000000000e+02 1.041000000000000000e+03
1.025000000000000000e+03 1.041000000000000000e+03
9.920000000000000000e+02 1.011000000000000000e+03
9.600000000000000000e+02 1.040000000000000000e+03
9.920000000000000000e+02 1.071000000000000000e+03
0.000000000000000000e+00 0.000000000000000000e+00
1.749000000000000000e+03 0.000000000000000000e+00
1.749000000000000000e+03 2.187000000000000000e+03
0.000000000000000000e+00 2.187000000000000000e+03
8.700000000000000000e+01 0.000000000000000000e+00
8.700000000000000000e+01 2.187000000000000000e+03
0.000000000000000000e+00 1.090000000000000000e+02
1.749000000000000000e+03 1.090000000000000000e+02
1.750000000000000000e+02 0.000000000000000000e+00
1.750000000000000000e+02 2.187000000000000000e+03
0.000000000000000000e+00 2.180000000000000000e+02
1.749000000000000000e+03 2.180000000000000000e+02
2.620000000000000000e+02 0.000000000000000000e+00
2.620000000000000000e+02 2.187000000000000000e+03
0.000000000000000000e+00 3.280000000000000000e+02
1.749000000000000000e+03 3.280000000000000000e+02
3.500000000000000000e+02 0.000000000000000000e+00
3.500000000000000000e+02 2.187000000000000000e+03
0.000000000000000000e+00 4.370000000000000000e+02
1.749000000000000000e+03 4.370000000000000000e+02
4.370000000000000000e+02 0.000000000000000000e+00
4.370000000000000000e+02 2.187000000000000000e+03
0.000000000000000000e+00 5.470000000000000000e+02
1.749000000000000000e+03 5.470000000000000000e+02
5.250000000000000000e+02 0.000000000000000000e+00
5.250000000000000000e+02 2.187000000000000000e+03
0.000000000000000000e+00 6.560000000000000000e+02
1.749000000000000000e+03 6.560000000000000000e+02
6.120000000000000000e+02 0.000000000000000000e+00
6.120000000000000000e+02 2.187000000000000000e+03
0.000000000000000000e+00 7.650000000000000000e+02
1.749000000000000000e+03 7.650000000000000000e+02
7.000000000000000000e+02 0.000000000000000000e+00
7.000000000000000000e+02 2.187000000000000000e+03
0.000000000000000000e+00 8.750000000000000000e+02
1.749000000000000000e+03 8.750000000000000000e+02
7.870000000000000000e+02 0.000000000000000000e+00
7.870000000000000000e+02 2.187000000000000000e+03
0.000000000000000000e+00 9.840000000000000000e+02
1.749000000000000000e+03 9.840000000000000000e+02
8.750000000000000000e+02 0.000000000000000000e+00
8.750000000000000000e+02 2.187000000000000000e+03
0.000000000000000000e+00 1.094000000000000000e+03
1.749000000000000000e+03 1.094000000000000000e+03
9.620000000000000000e+02 0.000000000000000000e+00
9.620000000000000000e+02 2.187000000000000000e+03
0.000000000000000000e+00 1.203000000000000000e+03
1.749000000000000000e+03 1.203000000000000000e+03
1.050000000000000000e+03 0.000000000000000000e+00
1.050000000000000000e+03 2.187000000000000000e+03
0.000000000000000000e+00 1.312000000000000000e+03
1.749000000000000000e+03 1.312000000000000000e+03
1.137000000000000000e+03 0.000000000000000000e+00
1.137000000000000000e+03 2.187000000000000000e+03
0.000000000000000000e+00 1.422000000000000000e+03
1.749000000000000000e+03 1.422000000000000000e+03
1.225000000000000000e+03 0.000000000000000000e+00
1.225000000000000000e+03 2.187000000000000000e+03
0.000000000000000000e+00 1.531000000000000000e+03
1.749000000000000000e+03 1.531000000000000000e+03
1.312000000000000000e+03 0.000000000000000000e+00
1.312000000000000000e+03 2.187000000000000000e+03
0.000000000000000000e+00 1.641000000000000000e+03
1.749000000000000000e+03 1.641000000000000000e+03
1.400000000000000000e+03 0.000000000000000000e+00
1.400000000000000000e+03 2.187000000000000000e+03
0.000000000000000000e+00 1.750000000000000000e+03
1.749000000000000000e+03 1.750000000000000000e+03
1.487000000000000000e+03 0.000000000000000000e+00
1.487000000000000000e+03 2.187000000000000000e+03
0.000000000000000000e+00 1.859000000000000000e+03
1.749000000000000000e+03 1.859000000000000000e+03
1.575000000000000000e+03 0.000000000000000000e+00
1.575000000000000000e+03 2.187000000000000000e+03
0.000000000000000000e+00 1.969000000000000000e+03
1.749000000000000000e+03 1.969000000000000000e+03
1.662000000000000000e+03 0.000000000000000000e+00
1.662000000000000000e+03 2.187000000000000000e+03
0.000000000000000000e+00 2.078000000000000000e+03
1.749000000000000000e+03 2.078000000000000000e+03
