8.680000000000000000e+02 1.668000000000000000e+03
8.850000000000000000e+02 1.456000000000000000e+03
8.800000000000000000e+02 1.502000000000000000e+03
8.400000000000000000e+02 1.266000000000000000e+03
8.860000000000000000e+02 1.403000000000000000e+03
8.860000000000000000e+02 1.326000000000000000e+03
8.840000000000000000e+02 1.131000000000000000e+03
5.100000000000000000e+02 1.096000000000000000e+03
8.830000000000000000e+02 1.002000000000000000e+03
8.840000000000000000e+02 9.320000000000000000e+02
8.820000000000000000e+02 6.570000000000000000e+02
8.680000000000000000e+02 1.681000000000000000e+03
8.680000000000000000e+02 1.692000000000000000e+03
8.680000000000000000e+02 1.698000000000000000e+03
8.690000000000000000e+02 1.698000000000000000e+03
8.690000000000000000e+02 1.716000000000000000e+03
8.680000000000000000e+02 1.738000000000000000e+03
8.680000000000000000e+02 1.761000000000000000e+03
8.700000000000000000e+02 1.838000000000000000e+03
8.830000000000000000e+02 1.481000000000000000e+03
8.290000000000000000e+02 1.475000000000000000e+03
3.110000000000000000e+02 8.790000000000000000e+02
6.650000000000000000e+02 1.135000000000000000e+03
6.130000000000000000e+02 1.143000000000000000e+03
5.600000000000000000e+02 1.145000000000000000e+03
4.920000000000000000e+02 1.113000000000000000e+03
7.080000000000000000e+02 1.123000000000000000e+03
5.620000000000000000e+02 1.012000000000000000e+03
6.260000000000000000e+02 1.012000000000000000e+03
5.070000000000000000e+02 1.024000000000000000e+03
4.760000000000000000e+02 1.043000000000000000e+03
4.500000000000000000e+02 1.146000000000000000e+03
6.780000000000000000e+02 1.913000000000000000e+03
4.890000000000000000e+02 1.082000000000000000e+03
3.050000000000000000e+02 1.108000000000000000e+03
3.890000000000000000e+02 1.106000000000000000e+03
6.280000000000000000e+02 1.383000000000000000e+03
8.090000000000000000e+02 1.655000000000000000e+03
8.160000000000000000e+02 1.685000000000000000e+03
7.570000000000000000e+02 1.659000000000000000e+03
7.210000000000000000e+02 1.665000000000000000e+03
7.710000000000000000e+02 1.680000000000000000e+03
7.360000000000000000e+02 1.677000000000000000e+03
6.430000000000000000e+02 1.732000000000000000e+03
8.410000000000000000e+02 1.454000000000000000e+03
8.340000000000000000e+02 1.403000000000000000e+03
4.020000000000000000e+02 1.010000000000000000e+03
7.270000000000000000e+02 1.242000000000000000e+03
7.170000000000000000e+02 1.427000000000000000e+03
7.140000000000000000e+02 1.396000000000000000e+03
4.860000000000000000e+02 1.370000000000000000e+03
8.370000000000000000e+02 1.331000000000000000e+03
5.150000000000000000e+02 9.710000000000000000e+02
4.450000000000000000e+02 9.840000000000000000e+02
3.600000000000000000e+02 7.940000000000000000e+02
7.560000000000000000e+02 1.001000000000000000e+03
6.830000000000000000e+02 1.027000000000000000e+03
6.090000000000000000e+02 1.683000000000000000e+03
3.780000000000000000e+02 1.590000000000000000e+03
7.530000000000000000e+02 1.457000000000000000e+03
7.930000000000000000e+02 1.476000000000000000e+03
6.670000000000000000e+02 1.675000000000000000e+03
6.780000000000000000e+02 1.676000000000000000e+03
4.170000000000000000e+02 9.480000000000000000e+02
7.150000000000000000e+02 1.449000000000000000e+03
6.160000000000000000e+02 9.730000000000000000e+02
6.040000000000000000e+02 9.310000000000000000e+02
5.740000000000000000e+02 6.820000000000000000e+02
4.010000000000000000e+02 8.610000000000000000e+02
6.080000000000000000e+02 7.940000000000000000e+02
3.730000000000000000e+02 9.770000000000000000e+02
3.500000000000000000e+02 9.280000000000000000e+02
8.110000000000000000e+02 1.673000000000000000e+03
7.640000000000000000e+02 1.671000000000000000e+03
7.280000000000000000e+02 1.671000000000000000e+03
7.650000000000000000e+02 1.468000000000000000e+03
6.730000000000000000e+02 1.676000000000000000e+03
6.970000000000000000e+02 1.688000000000000000e+03
6.840000000000000000e+02 1.677000000000000000e+03
7.800000000000000000e+02 1.443000000000000000e+03
7.420000000000000000e+02 1.681000000000000000e+03
7.780000000000000000e+02 1.686000000000000000e+03
8.200000000000000000e+02 1.692000000000000000e+03
8.040000000000000000e+02 1.833000000000000000e+03
8.110000000000000000e+02 1.755000000000000000e+03
8.130000000000000000e+02 1.732000000000000000e+03
8.160000000000000000e+02 1.711000000000000000e+03
8.210000000000000000e+02 1.693000000000000000e+03
7.440000000000000000e+02 1.682000000000000000e+03
7.350000000000000000e+02 1.690000000000000000e+03
7.260000000000000000e+02 1.701000000000000000e+03
7.180000000000000000e+02 1.715000000000000000e+03
6.680000000000000000e+02 1.593000000000000000e+03
3.140000000000000000e+02 1.321000000000000000e+03
8.820000000000000000e+02 1.491000000000000000e+03
7.160000000000000000e+02 1.679000000000000000e+03
7.070000000000000000e+02 1.683000000000000000e+03
8.110000000000000000e+02 1.498000000000000000e+03
7.320000000000000000e+02 1.481000000000000000e+03
8.020000000000000000e+02 1.487000000000000000e+03
6.770000000000000000e+02 1.273000000000000000e+03
5.970000000000000000e+02 1.310000000000000000e+03
7.060000000000000000e+02 1.418000000000000000e+03
4.430000000000000000e+02 7.260000000000000000e+02
4.830000000000000000e+02 8.140000000000000000e+02
4.950000000000000000e+02 9.290000000000000000e+02
6.850000000000000000e+02 1.770000000000000000e+03
7.340000000000000000e+02 9.360000000000000000e+02
7.370000000000000000e+02 7.910000000000000000e+02
7.160000000000000000e+02 6.620000000000000000e+02
5.170000000000000000e+02 1.134000000000000000e+03
3.960000000000000000e+02 1.181000000000000000e+03
7.340000000000000000e+02 1.112000000000000000e+03
4.320000000000000000e+02 1.059000000000000000e+03
7.620000000000000000e+02 1.208000000000000000e+03
7.490000000000000000e+02 1.411000000000000000e+03
3.560000000000000000e+02 1.220000000000000000e+03
4.330000000000000000e+02 1.225000000000000000e+03
4.990000000000000000e+02 1.251000000000000000e+03
5.990000000000000000e+02 1.240000000000000000e+03
6.710000000000000000e+02 1.216000000000000000e+03
7.220000000000000000e+02 1.193000000000000000e+03
8.320000000000000000e+02 1.143000000000000000e+03
3.740000000000000000e+02 1.334000000000000000e+03
3.910000000000000000e+02 1.050000000000000000e+03
8.560000000000000000e+02 1.478000000000000000e+03
7.320000000000000000e+02 1.301000000000000000e+03
2.860000000000000000e+02 1.088000000000000000e+03
7.600000000000000000e+02 1.170000000000000000e+03
7.020000000000000000e+02 1.417000000000000000e+03
4.680000000000000000e+02 1.084000000000000000e+03
7.470000000000000000e+02 1.373000000000000000e+03
3.410000000000000000e+02 1.450000000000000000e+03
7.320000000000000000e+02 1.093000000000000000e+03
7.900000000000000000e+02 1.346000000000000000e+03
4.740000000000000000e+02 1.757000000000000000e+03
4.730000000000000000e+02 1.808000000000000000e+03
3.280000000000000000e+02 1.330000000000000000e+03
4.240000000000000000e+02 1.670000000000000000e+03
3.240000000000000000e+02 1.008000000000000000e+03
6.630000000000000000e+02 1.971000000000000000e+03
8.600000000000000000e+02 1.488000000000000000e+03
6.870000000000000000e+02 1.341000000000000000e+03
3.500000000000000000e+02 1.106000000000000000e+03
5.630000000000000000e+02 1.114000000000000000e+03
6.100000000000000000e+02 1.113000000000000000e+03
6.890000000000000000e+02 1.694000000000000000e+03
3.910000000000000000e+02 1.440000000000000000e+03
7.550000000000000000e+02 2.053000000000000000e+03
5.990000000000000000e+02 1.960000000000000000e+03
5.380000000000000000e+02 1.897000000000000000e+03
8.830000000000000000e+02 7.930000000000000000e+02
8.690000000000000000e+02 2.063000000000000000e+03
6.540000000000000000e+02 1.106000000000000000e+03
6.960000000000000000e+02 1.097000000000000000e+03
7.220000000000000000e+02 1.095000000000000000e+03
3.580000000000000000e+02 1.028000000000000000e+03
6.810000000000000000e+02 1.056000000000000000e+03
6.310000000000000000e+02 1.044000000000000000e+03
5.800000000000000000e+02 1.045000000000000000e+03
5.350000000000000000e+02 1.056000000000000000e+03
5.100000000000000000e+02 1.068000000000000000e+03
2.890000000000000000e+02 9.720000000000000000e+02
5.320000000000000000e+02 1.106000000000000000e+03
8.790000000000000000e+02 1.548000000000000000e+03
7.150000000000000000e+02 1.564000000000000000e+03
7.540000000000000000e+02 1.449000000000000000e+03
8.070000000000000000e+02 1.551000000000000000e+03
8.830000000000000000e+02 1.063000000000000000e+03
5.300000000000000000e+02 1.841000000000000000e+03
5.920000000000000000e+02 1.907000000000000000e+03
7.560000000000000000e+02 2.014000000000000000e+03
4.230000000000000000e+02 1.710000000000000000e+03
7.160000000000000000e+02 1.078000000000000000e+03
7.990000000000000000e+02 1.233000000000000000e+03
8.710000000000000000e+02 2.026000000000000000e+03
6.700000000000000000e+02 2.015000000000000000e+03
3.510000000000000000e+02 1.447000000000000000e+03
7.790000000000000000e+02 1.686000000000000000e+03
7.710000000000000000e+02 1.700000000000000000e+03
7.640000000000000000e+02 1.717000000000000000e+03
7.600000000000000000e+02 1.738000000000000000e+03
7.380000000000000000e+02 1.806000000000000000e+03
7.060000000000000000e+02 1.676000000000000000e+03
6.980000000000000000e+02 1.673000000000000000e+03
6.920000000000000000e+02 1.670000000000000000e+03
6.320000000000000000e+02 1.635000000000000000e+03
4.550000000000000000e+02 1.479000000000000000e+03
7.980000000000000000e+02 1.172000000000000000e+03
7.650000000000000000e+02 1.064000000000000000e+03
7.330000000000000000e+02 1.065000000000000000e+03
7.150000000000000000e+02 1.679000000000000000e+03
4.470000000000000000e+02 1.604000000000000000e+03
8.060000000000000000e+02 1.073000000000000000e+03
7.070000000000000000e+02 1.856000000000000000e+03
8.850000000000000000e+02 1.259000000000000000e+03
8.350000000000000000e+02 1.207000000000000000e+03
8.840000000000000000e+02 1.196000000000000000e+03
7.620000000000000000e+02 1.320000000000000000e+03
8.710000000000000000e+02 1.968000000000000000e+03
8.710000000000000000e+02 1.898000000000000000e+03
7.870000000000000000e+02 1.890000000000000000e+03
5.910000000000000000e+02 1.750000000000000000e+03
6.590000000000000000e+02 1.460000000000000000e+03
6.420000000000000000e+02 1.810000000000000000e+03
5.540000000000000000e+02 1.446000000000000000e+03
6.160000000000000000e+02 1.514000000000000000e+03
5.140000000000000000e+02 1.530000000000000000e+03
7.660000000000000000e+02 1.957000000000000000e+03
7.310000000000000000e+02 1.348000000000000000e+03
5.460000000000000000e+02 1.786000000000000000e+03
6.100000000000000000e+02 1.854000000000000000e+03
5.560000000000000000e+02 1.681000000000000000e+03
4.050000000000000000e+02 1.530000000000000000e+03
4.980000000000000000e+02 1.678000000000000000e+03
3.790000000000000000e+02 1.558000000000000000e+03
5.790000000000000000e+02 1.586000000000000000e+03
7.650000000000000000e+02 1.266000000000000000e+03
7.650000000000000000e+02 1.435000000000000000e+03
7.320000000000000000e+02 1.445000000000000000e+03
7.880000000000000000e+02 1.404000000000000000e+03
7.170000000000000000e+02 1.025000000000000000e+03
6.240000000000000000e+02 1.002000000000000000e+03
5.440000000000000000e+02 1.001000000000000000e+03
4.820000000000000000e+02 1.011000000000000000e+03
4.440000000000000000e+02 1.030000000000000000e+03
4.340000000000000000e+02 1.097000000000000000e+03
3.090000000000000000e+02 1.218000000000000000e+03
4.800000000000000000e+02 1.172000000000000000e+03
5.340000000000000000e+02 1.190000000000000000e+03
6.050000000000000000e+02 1.186000000000000000e+03
6.700000000000000000e+02 1.171000000000000000e+03
7.180000000000000000e+02 1.154000000000000000e+03
7.510000000000000000e+02 1.141000000000000000e+03
2.970000000000000000e+02 1.202000000000000000e+03
7.330000000000000000e+02 1.459000000000000000e+03
7.990000000000000000e+02 1.288000000000000000e+03
8.020000000000000000e+02 1.443000000000000000e+03
8.280000000000000000e+02 1.467000000000000000e+03
8.010000000000000000e+02 1.448000000000000000e+03
7.470000000000000000e+02 1.475000000000000000e+03
8.390000000000000000e+02 1.474000000000000000e+03
8.420000000000000000e+02 1.484000000000000000e+03
7.490000000000000000e+02 1.098000000000000000e+03
7.750000000000000000e+02 1.116000000000000000e+03
7.890000000000000000e+02 1.133000000000000000e+03
4.970000000000000000e+02 1.076000000000000000e+03
4.610000000000000000e+02 1.060000000000000000e+03
9.290000000000000000e+02 1.265000000000000000e+03
1.240000000000000000e+03 1.087000000000000000e+03
9.340000000000000000e+02 1.475000000000000000e+03
1.406000000000000000e+03 8.720000000000000000e+02
1.078000000000000000e+03 1.129000000000000000e+03
1.126000000000000000e+03 1.139000000000000000e+03
1.176000000000000000e+03 1.142000000000000000e+03
1.253000000000000000e+03 1.099000000000000000e+03
1.041000000000000000e+03 1.117000000000000000e+03
1.190000000000000000e+03 9.870000000000000000e+02
1.128000000000000000e+03 9.910000000000000000e+02
1.242000000000000000e+03 9.970000000000000000e+02
1.271000000000000000e+03 1.017000000000000000e+03
1.282000000000000000e+03 1.136000000000000000e+03
1.060000000000000000e+03 1.906000000000000000e+03
1.264000000000000000e+03 1.063000000000000000e+03
1.419000000000000000e+03 1.101000000000000000e+03
1.343000000000000000e+03 1.087000000000000000e+03
1.123000000000000000e+03 1.383000000000000000e+03
9.280000000000000000e+02 1.657000000000000000e+03
9.210000000000000000e+02 1.687000000000000000e+03
9.800000000000000000e+02 1.665000000000000000e+03
1.016000000000000000e+03 1.673000000000000000e+03
9.660000000000000000e+02 1.685000000000000000e+03
1.001000000000000000e+03 1.685000000000000000e+03
1.093000000000000000e+03 1.731000000000000000e+03
9.280000000000000000e+02 1.453000000000000000e+03
9.370000000000000000e+02 1.402000000000000000e+03
1.343000000000000000e+03 9.830000000000000000e+02
1.028000000000000000e+03 1.240000000000000000e+03
1.045000000000000000e+03 1.426000000000000000e+03
1.047000000000000000e+03 1.394000000000000000e+03
1.258000000000000000e+03 1.369000000000000000e+03
9.340000000000000000e+02 1.330000000000000000e+03
1.242000000000000000e+03 9.490000000000000000e+02
1.306000000000000000e+03 9.580000000000000000e+02
1.367000000000000000e+03 7.880000000000000000e+02
1.007000000000000000e+03 9.920000000000000000e+02
1.073000000000000000e+03 1.012000000000000000e+03
1.130000000000000000e+03 1.683000000000000000e+03
1.341000000000000000e+03 1.585000000000000000e+03
1.006000000000000000e+03 1.457000000000000000e+03
9.660000000000000000e+02 1.475000000000000000e+03
1.067000000000000000e+03 1.688000000000000000e+03
1.056000000000000000e+03 1.689000000000000000e+03
1.336000000000000000e+03 9.180000000000000000e+02
1.044000000000000000e+03 1.448000000000000000e+03
1.145000000000000000e+03 9.560000000000000000e+02
1.160000000000000000e+03 9.150000000000000000e+02
1.177000000000000000e+03 6.800000000000000000e+02
1.339000000000000000e+03 8.520000000000000000e+02
1.150000000000000000e+03 7.910000000000000000e+02
1.372000000000000000e+03 9.470000000000000000e+02
1.381000000000000000e+03 9.190000000000000000e+02
9.250000000000000000e+02 1.675000000000000000e+03
9.730000000000000000e+02 1.676000000000000000e+03
1.009000000000000000e+03 1.679000000000000000e+03
9.930000000000000000e+02 1.467000000000000000e+03
1.062000000000000000e+03 1.689000000000000000e+03
1.039000000000000000e+03 1.699000000000000000e+03
1.050000000000000000e+03 1.689000000000000000e+03
9.830000000000000000e+02 1.443000000000000000e+03
9.950000000000000000e+02 1.689000000000000000e+03
9.590000000000000000e+02 1.691000000000000000e+03
9.170000000000000000e+02 1.695000000000000000e+03
9.350000000000000000e+02 1.832000000000000000e+03
9.270000000000000000e+02 1.758000000000000000e+03
9.250000000000000000e+02 1.734000000000000000e+03
9.210000000000000000e+02 1.713000000000000000e+03
9.170000000000000000e+02 1.695000000000000000e+03
9.940000000000000000e+02 1.690000000000000000e+03
1.003000000000000000e+03 1.698000000000000000e+03
1.012000000000000000e+03 1.709000000000000000e+03
1.019000000000000000e+03 1.723000000000000000e+03
1.078000000000000000e+03 1.594000000000000000e+03
1.399000000000000000e+03 1.318000000000000000e+03
1.021000000000000000e+03 1.689000000000000000e+03
1.030000000000000000e+03 1.693000000000000000e+03
9.490000000000000000e+02 1.498000000000000000e+03
1.024000000000000000e+03 1.481000000000000000e+03
9.570000000000000000e+02 1.487000000000000000e+03
1.075000000000000000e+03 1.272000000000000000e+03
1.152000000000000000e+03 1.310000000000000000e+03
1.053000000000000000e+03 1.417000000000000000e+03
1.296000000000000000e+03 7.220000000000000000e+02
1.266000000000000000e+03 8.070000000000000000e+02
1.264000000000000000e+03 9.050000000000000000e+02
1.051000000000000000e+03 1.769000000000000000e+03
1.031000000000000000e+03 9.260000000000000000e+02
1.026000000000000000e+03 7.900000000000000000e+02
1.043000000000000000e+03 6.610000000000000000e+02
1.223000000000000000e+03 1.128000000000000000e+03
1.328000000000000000e+03 1.173000000000000000e+03
1.020000000000000000e+03 1.107000000000000000e+03
1.310000000000000000e+03 1.035000000000000000e+03
9.960000000000000000e+02 1.207000000000000000e+03
1.016000000000000000e+03 1.410000000000000000e+03
1.381000000000000000e+03 1.216000000000000000e+03
1.288000000000000000e+03 1.226000000000000000e+03
1.222000000000000000e+03 1.257000000000000000e+03
1.127000000000000000e+03 1.246000000000000000e+03
1.061000000000000000e+03 1.218000000000000000e+03
1.017000000000000000e+03 1.196000000000000000e+03
9.330000000000000000e+02 1.142000000000000000e+03
1.364000000000000000e+03 1.332000000000000000e+03
1.348000000000000000e+03 1.025000000000000000e+03
9.100000000000000000e+02 1.478000000000000000e+03
1.025000000000000000e+03 1.300000000000000000e+03
1.425000000000000000e+03 1.082000000000000000e+03
9.850000000000000000e+02 1.175000000000000000e+03
1.054000000000000000e+03 1.417000000000000000e+03
1.280000000000000000e+03 1.062000000000000000e+03
1.017000000000000000e+03 1.372000000000000000e+03
1.375000000000000000e+03 1.446000000000000000e+03
1.026000000000000000e+03 1.086000000000000000e+03
9.770000000000000000e+02 1.345000000000000000e+03
1.258000000000000000e+03 1.749000000000000000e+03
1.254000000000000000e+03 1.797000000000000000e+03
1.400000000000000000e+03 1.326000000000000000e+03
1.306000000000000000e+03 1.664000000000000000e+03
1.402000000000000000e+03 1.001000000000000000e+03
1.075000000000000000e+03 1.961000000000000000e+03
9.040000000000000000e+02 1.488000000000000000e+03
1.066000000000000000e+03 1.340000000000000000e+03
1.380000000000000000e+03 1.086000000000000000e+03
1.179000000000000000e+03 1.113000000000000000e+03
1.132000000000000000e+03 1.111000000000000000e+03
1.047000000000000000e+03 1.705000000000000000e+03
1.345000000000000000e+03 1.439000000000000000e+03
9.820000000000000000e+02 2.046000000000000000e+03
1.134000000000000000e+03 1.946000000000000000e+03
1.193000000000000000e+03 1.883000000000000000e+03
1.092000000000000000e+03 1.101000000000000000e+03
1.056000000000000000e+03 1.090000000000000000e+03
1.034000000000000000e+03 1.087000000000000000e+03
1.381000000000000000e+03 1.001000000000000000e+03
1.075000000000000000e+03 1.041000000000000000e+03
1.124000000000000000e+03 1.022000000000000000e+03
1.172000000000000000e+03 1.022000000000000000e+03
1.217000000000000000e+03 1.032000000000000000e+03
1.241000000000000000e+03 1.046000000000000000e+03
1.423000000000000000e+03 9.650000000000000000e+02
1.214000000000000000e+03 1.103000000000000000e+03
1.037000000000000000e+03 1.565000000000000000e+03
1.006000000000000000e+03 1.449000000000000000e+03
9.490000000000000000e+02 1.551000000000000000e+03
1.203000000000000000e+03 1.829000000000000000e+03
1.144000000000000000e+03 1.895000000000000000e+03
9.850000000000000000e+02 2.009000000000000000e+03
1.299000000000000000e+03 1.703000000000000000e+03
1.041000000000000000e+03 1.070000000000000000e+03
9.660000000000000000e+02 1.232000000000000000e+03
1.066000000000000000e+03 2.004000000000000000e+03
1.376000000000000000e+03 1.444000000000000000e+03
9.590000000000000000e+02 1.691000000000000000e+03
9.670000000000000000e+02 1.705000000000000000e+03
9.730000000000000000e+02 1.723000000000000000e+03
9.780000000000000000e+02 1.744000000000000000e+03
1.000000000000000000e+03 1.805000000000000000e+03
1.029000000000000000e+03 1.686000000000000000e+03
1.038000000000000000e+03 1.683000000000000000e+03
1.044000000000000000e+03 1.680000000000000000e+03
1.110000000000000000e+03 1.636000000000000000e+03
1.285000000000000000e+03 1.479000000000000000e+03
9.640000000000000000e+02 1.171000000000000000e+03
9.940000000000000000e+02 1.058000000000000000e+03
1.025000000000000000e+03 1.056000000000000000e+03
1.021000000000000000e+03 1.688000000000000000e+03
1.288000000000000000e+03 1.601000000000000000e+03
9.490000000000000000e+02 1.071000000000000000e+03
1.031000000000000000e+03 1.852000000000000000e+03
9.320000000000000000e+02 1.206000000000000000e+03
1.000000000000000000e+03 1.319000000000000000e+03
9.540000000000000000e+02 1.888000000000000000e+03
1.145000000000000000e+03 1.746000000000000000e+03
1.092000000000000000e+03 1.459000000000000000e+03
1.094000000000000000e+03 1.805000000000000000e+03
1.193000000000000000e+03 1.445000000000000000e+03
1.130000000000000000e+03 1.514000000000000000e+03
1.228000000000000000e+03 1.530000000000000000e+03
9.740000000000000000e+02 1.953000000000000000e+03
1.027000000000000000e+03 1.347000000000000000e+03
1.189000000000000000e+03 1.778000000000000000e+03
1.127000000000000000e+03 1.845000000000000000e+03
1.182000000000000000e+03 1.679000000000000000e+03
1.328000000000000000e+03 1.528000000000000000e+03
1.238000000000000000e+03 1.673000000000000000e+03
1.349000000000000000e+03 1.554000000000000000e+03
1.163000000000000000e+03 1.586000000000000000e+03
9.950000000000000000e+02 1.265000000000000000e+03
9.990000000000000000e+02 1.434000000000000000e+03
1.029000000000000000e+03 1.445000000000000000e+03
9.800000000000000000e+02 1.403000000000000000e+03
1.043000000000000000e+03 1.013000000000000000e+03
1.133000000000000000e+03 9.820000000000000000e+02
1.209000000000000000e+03 9.780000000000000000e+02
1.267000000000000000e+03 9.870000000000000000e+02
1.301000000000000000e+03 1.005000000000000000e+03
1.305000000000000000e+03 1.075000000000000000e+03
1.416000000000000000e+03 1.212000000000000000e+03
1.251000000000000000e+03 1.167000000000000000e+03
1.195000000000000000e+03 1.190000000000000000e+03
1.127000000000000000e+03 1.186000000000000000e+03
1.068000000000000000e+03 1.168000000000000000e+03
1.027000000000000000e+03 1.152000000000000000e+03
9.990000000000000000e+02 1.140000000000000000e+03
1.414000000000000000e+03 1.198000000000000000e+03
1.026000000000000000e+03 1.458000000000000000e+03
9.670000000000000000e+02 1.287000000000000000e+03
9.650000000000000000e+02 1.442000000000000000e+03
9.370000000000000000e+02 1.467000000000000000e+03
9.630000000000000000e+02 1.448000000000000000e+03
1.011000000000000000e+03 1.474000000000000000e+03
9.270000000000000000e+02 1.474000000000000000e+03
9.210000000000000000e+02 1.484000000000000000e+03
1.008000000000000000e+03 1.093000000000000000e+03
9.790000000000000000e+02 1.114000000000000000e+03
9.610000000000000000e+02 1.137000000000000000e+03
1.255000000000000000e+03 1.056000000000000000e+03
1.286000000000000000e+03 1.036000000000000000e+03
5.980000000000000000e+02 1.069000000000000000e+03
6.530000000000000000e+02 1.064000000000000000e+03
5.960000000000000000e+02 1.019000000000000000e+03
5.430000000000000000e+02 1.073000000000000000e+03
6.000000000000000000e+02 1.118000000000000000e+03
1.137000000000000000e+03 1.058000000000000000e+03
1.192000000000000000e+03 1.063000000000000000e+03
1.141000000000000000e+03 1.007000000000000000e+03
1.082000000000000000e+03 1.053000000000000000e+03
1.134000000000000000e+03 1.110000000000000000e+03
0.000000000000000000e+00 0.000000000000000000e+00
1.749000000000000000e+03 0.000000000000000000e+00
1.749000000000000000e+03 2.187000000000000000e+03
0.000000000000000000e+00 2.187000000000000000e+03
8.700000000000000000e+01 0.000000000000000000e+00
8.700000000000000000e+01 2.187000000000000000e+03
0.000000000000000000e+00 1.090000000000000000e+02
1.749000000000000000e+03 1.090000000000000000e+02
1.750000000000000000e+02 0.000000000000000000e+00
1.750000000000000000e+02 2.187000000000000000e+03
0.000000000000000000e+00 2.180000000000000000e+02
1.749000000000000000e+03 2.180000000000000000e+02
2.620000000000000000e+02 0.000000000000000000e+00
2.620000000000000000e+02 2.187000000000000000e+03
0.000000000000000000e+00 3.280000000000000000e+02
1.749000000000000000e+03 3.280000000000000000e+02
3.500000000000000000e+02 0.000000000000000000e+00
3.500000000000000000e+02 2.187000000000000000e+03
0.000000000000000000e+00 4.370000000000000000e+02
1.749000000000000000e+03 4.370000000000000000e+02
4.370000000000000000e+02 0.000000000000000000e+00
4.370000000000000000e+02 2.187000000000000000e+03
0.000000000000000000e+00 5.470000000000000000e+02
1.749000000000000000e+03 5.470000000000000000e+02
5.250000000000000000e+02 0.000000000000000000e+00
5.250000000000000000e+02 2.187000000000000000e+03
0.000000000000000000e+00 6.560000000000000000e+02
1.749000000000000000e+03 6.560000000000000000e+02
6.120000000000000000e+02 0.000000000000000000e+00
6.120000000000000000e+02 2.187000000000000000e+03
0.000000000000000000e+00 7.650000000000000000e+02
1.749000000000000000e+03 7.650000000000000000e+02
7.000000000000000000e+02 0.000000000000000000e+00
7.000000000000000000e+02 2.187000000000000000e+03
0.000000000000000000e+00 8.750000000000000000e+02
1.749000000000000000e+03 8.750000000000000000e+02
7.870000000000000000e+02 0.000000000000000000e+00
7.870000000000000000e+02 2.187000000000000000e+03
0.000000000000000000e+00 9.840000000000000000e+02
1.749000000000000000e+03 9.840000000000000000e+02
8.750000000000000000e+02 0.000000000000000000e+00
8.750000000000000000e+02 2.187000000000000000e+03
0.000000000000000000e+00 1.094000000000000000e+03
1.749000000000000000e+03 1.094000000000000000e+03
9.620000000000000000e+02 0.000000000000000000e+00
9.620000000000000000e+02 2.187000000000000000e+03
0.000000000000000000e+00 1.203000000000000000e+03
1.749000000000000000e+03 1.203000000000000000e+03
1.050000000000000000e+03 0.000000000000000000e+00
1.050000000000000000e+03 2.187000000000000000e+03
0.000000000000000000e+00 1.312000000000000000e+03
1.749000000000000000e+03 1.312000000000000000e+03
1.137000000000000000e+03 0.000000000000000000e+00
1.137000000000000000e+03 2.187000000000000000e+03
0.000000000000000000e+00 1.422000000000000000e+03
1.749000000000000000e+03 1.422000000000000000e+03
1.225000000000000000e+03 0.000000000000000000e+00
1.225000000000000000e+03 2.187000000000000000e+03
0.000000000000000000e+00 1.531000000000000000e+03
1.749000000000000000e+03 1.531000000000000000e+03
1.312000000000000000e+03 0.000000000000000000e+00
1.312000000000000000e+03 2.187000000000000000e+03
0.000000000000000000e+00 1.641000000000000000e+03
1.749000000000000000e+03 1.641000000000000000e+03
1.400000000000000000e+03 0.000000000000000000e+00
1.400000000000000000e+03 2.187000000000000000e+03
0.000000000000000000e+00 1.750000000000000000e+03
1.749000000000000000e+03 1.750000000000000000e+03
1.487000000000000000e+03 0.000000000000000000e+00
1.487000000000000000e+03 2.187000000000000000e+03
0.000000000000000000e+00 1.859000000000000000e+03
1.749000000000000000e+03 1.859000000000000000e+03
1.575000000000000000e+03 0.000000000000000000e+00
1.575000000000000000e+03 2.187000000000000000e+03
0.000000000000000000e+00 1.969000000000000000e+03
1.749000000000000000e+03 1.969000000000000000e+03
1.662000000000000000e+03 0.000000000000000000e+00
1.662000000000000000e+03 2.187000000000000000e+03
0.000000000000000000e+00 2.078000000000000000e+03
1.749000000000000000e+03 2.078000000000000000e+03
