8.160000000000000000e+02 1.472000000000000000e+03
8.140000000000000000e+02 1.319000000000000000e+03
8.130000000000000000e+02 1.352000000000000000e+03
7.830000000000000000e+02 1.180000000000000000e+03
8.140000000000000000e+02 1.278000000000000000e+03
8.130000000000000000e+02 1.222000000000000000e+03
8.130000000000000000e+02 1.084000000000000000e+03
5.610000000000000000e+02 1.062000000000000000e+03
8.120000000000000000e+02 9.920000000000000000e+02
8.120000000000000000e+02 9.390000000000000000e+02
8.120000000000000000e+02 7.260000000000000000e+02
8.160000000000000000e+02 1.485000000000000000e+03
8.160000000000000000e+02 1.496000000000000000e+03
8.160000000000000000e+02 1.503000000000000000e+03
8.170000000000000000e+02 1.502000000000000000e+03
8.170000000000000000e+02 1.519000000000000000e+03
8.170000000000000000e+02 1.540000000000000000e+03
8.170000000000000000e+02 1.562000000000000000e+03
8.140000000000000000e+02 1.598000000000000000e+03
8.140000000000000000e+02 1.338000000000000000e+03
7.770000000000000000e+02 1.334000000000000000e+03
4.160000000000000000e+02 9.070000000000000000e+02
6.630000000000000000e+02 1.095000000000000000e+03
6.280000000000000000e+02 1.100000000000000000e+03
5.940000000000000000e+02 1.099000000000000000e+03
5.480000000000000000e+02 1.075000000000000000e+03
6.930000000000000000e+02 1.085000000000000000e+03
5.980000000000000000e+02 9.880000000000000000e+02
6.410000000000000000e+02 9.910000000000000000e+02
5.620000000000000000e+02 9.960000000000000000e+02
5.400000000000000000e+02 1.011000000000000000e+03
5.180000000000000000e+02 1.102000000000000000e+03
6.800000000000000000e+02 1.662000000000000000e+03
5.470000000000000000e+02 1.050000000000000000e+03
4.060000000000000000e+02 1.083000000000000000e+03
4.750000000000000000e+02 1.072000000000000000e+03
6.350000000000000000e+02 1.272000000000000000e+03
7.740000000000000000e+02 1.462000000000000000e+03
7.780000000000000000e+02 1.493000000000000000e+03
7.360000000000000000e+02 1.474000000000000000e+03
7.080000000000000000e+02 1.485000000000000000e+03
7.460000000000000000e+02 1.494000000000000000e+03
7.190000000000000000e+02 1.496000000000000000e+03
6.540000000000000000e+02 1.525000000000000000e+03
7.830000000000000000e+02 1.318000000000000000e+03
7.790000000000000000e+02 1.278000000000000000e+03
4.840000000000000000e+02 9.830000000000000000e+02
7.070000000000000000e+02 1.169000000000000000e+03
6.980000000000000000e+02 1.298000000000000000e+03
6.960000000000000000e+02 1.275000000000000000e+03
5.290000000000000000e+02 1.266000000000000000e+03
7.800000000000000000e+02 1.226000000000000000e+03
5.610000000000000000e+02 9.430000000000000000e+02
5.140000000000000000e+02 9.560000000000000000e+02
4.500000000000000000e+02 8.370000000000000000e+02
7.250000000000000000e+02 9.720000000000000000e+02
6.790000000000000000e+02 1.006000000000000000e+03
6.260000000000000000e+02 1.488000000000000000e+03
4.440000000000000000e+02 1.463000000000000000e+03
7.240000000000000000e+02 1.321000000000000000e+03
7.540000000000000000e+02 1.333000000000000000e+03
6.690000000000000000e+02 1.500000000000000000e+03
6.770000000000000000e+02 1.501000000000000000e+03
4.920000000000000000e+02 9.320000000000000000e+02
6.960000000000000000e+02 1.314000000000000000e+03
6.290000000000000000e+02 9.440000000000000000e+02
6.190000000000000000e+02 9.150000000000000000e+02
5.990000000000000000e+02 7.450000000000000000e+02
4.770000000000000000e+02 8.830000000000000000e+02
6.220000000000000000e+02 8.290000000000000000e+02
4.620000000000000000e+02 9.640000000000000000e+02
4.410000000000000000e+02 9.380000000000000000e+02
7.760000000000000000e+02 1.480000000000000000e+03
7.410000000000000000e+02 1.485000000000000000e+03
7.130000000000000000e+02 1.491000000000000000e+03
7.330000000000000000e+02 1.328000000000000000e+03
6.730000000000000000e+02 1.500000000000000000e+03
6.910000000000000000e+02 1.509000000000000000e+03
6.810000000000000000e+02 1.501000000000000000e+03
7.420000000000000000e+02 1.312000000000000000e+03
7.240000000000000000e+02 1.500000000000000000e+03
7.510000000000000000e+02 1.500000000000000000e+03
7.810000000000000000e+02 1.501000000000000000e+03
7.670000000000000000e+02 1.595000000000000000e+03
7.740000000000000000e+02 1.559000000000000000e+03
7.750000000000000000e+02 1.536000000000000000e+03
7.780000000000000000e+02 1.516000000000000000e+03
7.810000000000000000e+02 1.501000000000000000e+03
7.240000000000000000e+02 1.501000000000000000e+03
7.180000000000000000e+02 1.507000000000000000e+03
7.110000000000000000e+02 1.517000000000000000e+03
7.060000000000000000e+02 1.530000000000000000e+03
6.650000000000000000e+02 1.421000000000000000e+03
4.060000000000000000e+02 1.259000000000000000e+03
8.130000000000000000e+02 1.345000000000000000e+03
7.040000000000000000e+02 1.501000000000000000e+03
6.970000000000000000e+02 1.504000000000000000e+03
7.660000000000000000e+02 1.349000000000000000e+03
7.090000000000000000e+02 1.337000000000000000e+03
7.600000000000000000e+02 1.341000000000000000e+03
6.700000000000000000e+02 1.192000000000000000e+03
6.120000000000000000e+02 1.219000000000000000e+03
6.900000000000000000e+02 1.292000000000000000e+03
5.080000000000000000e+02 7.810000000000000000e+02
5.350000000000000000e+02 8.450000000000000000e+02
5.450000000000000000e+02 9.130000000000000000e+02
6.830000000000000000e+02 1.552000000000000000e+03
7.090000000000000000e+02 9.230000000000000000e+02
7.110000000000000000e+02 8.270000000000000000e+02
6.970000000000000000e+02 7.280000000000000000e+02
5.650000000000000000e+02 1.091000000000000000e+03
4.810000000000000000e+02 1.129000000000000000e+03
7.120000000000000000e+02 1.076000000000000000e+03
5.070000000000000000e+02 1.027000000000000000e+03
7.320000000000000000e+02 1.144000000000000000e+03
7.200000000000000000e+02 1.286000000000000000e+03
4.380000000000000000e+02 1.162000000000000000e+03
5.070000000000000000e+02 1.160000000000000000e+03
5.550000000000000000e+02 1.178000000000000000e+03
6.240000000000000000e+02 1.170000000000000000e+03
6.730000000000000000e+02 1.152000000000000000e+03
7.090000000000000000e+02 1.134000000000000000e+03
7.790000000000000000e+02 1.093000000000000000e+03
4.460000000000000000e+02 1.248000000000000000e+03
4.770000000000000000e+02 1.022000000000000000e+03
7.950000000000000000e+02 1.337000000000000000e+03
7.090000000000000000e+02 1.211000000000000000e+03
3.950000000000000000e+02 1.077000000000000000e+03
7.350000000000000000e+02 1.114000000000000000e+03
6.870000000000000000e+02 1.293000000000000000e+03
5.320000000000000000e+02 1.051000000000000000e+03
7.190000000000000000e+02 1.259000000000000000e+03
4.200000000000000000e+02 1.359000000000000000e+03
7.100000000000000000e+02 1.062000000000000000e+03
7.490000000000000000e+02 1.238000000000000000e+03
5.220000000000000000e+02 1.566000000000000000e+03
5.230000000000000000e+02 1.612000000000000000e+03
4.120000000000000000e+02 1.256000000000000000e+03
4.780000000000000000e+02 1.509000000000000000e+03
4.220000000000000000e+02 1.004000000000000000e+03
6.710000000000000000e+02 1.705000000000000000e+03
7.980000000000000000e+02 1.344000000000000000e+03
6.770000000000000000e+02 1.239000000000000000e+03
4.470000000000000000e+02 1.076000000000000000e+03
5.950000000000000000e+02 1.076000000000000000e+03
6.250000000000000000e+02 1.078000000000000000e+03
6.850000000000000000e+02 1.515000000000000000e+03
4.530000000000000000e+02 1.331000000000000000e+03
7.370000000000000000e+02 1.761000000000000000e+03
6.250000000000000000e+02 1.706000000000000000e+03
5.770000000000000000e+02 1.668000000000000000e+03
8.120000000000000000e+02 8.290000000000000000e+02
8.140000000000000000e+02 1.768000000000000000e+03
6.550000000000000000e+02 1.074000000000000000e+03
6.830000000000000000e+02 1.067000000000000000e+03
7.020000000000000000e+02 1.064000000000000000e+03
4.520000000000000000e+02 1.012000000000000000e+03
6.760000000000000000e+02 1.034000000000000000e+03
6.430000000000000000e+02 1.024000000000000000e+03
6.110000000000000000e+02 1.023000000000000000e+03
5.810000000000000000e+02 1.030000000000000000e+03
5.640000000000000000e+02 1.038000000000000000e+03
4.000000000000000000e+02 9.820000000000000000e+02
5.750000000000000000e+02 1.070000000000000000e+03
8.140000000000000000e+02 1.385000000000000000e+03
6.990000000000000000e+02 1.398000000000000000e+03
7.250000000000000000e+02 1.315000000000000000e+03
7.640000000000000000e+02 1.386000000000000000e+03
8.120000000000000000e+02 1.036000000000000000e+03
5.710000000000000000e+02 1.621000000000000000e+03
6.180000000000000000e+02 1.664000000000000000e+03
7.360000000000000000e+02 1.733000000000000000e+03
4.810000000000000000e+02 1.548000000000000000e+03
6.990000000000000000e+02 1.051000000000000000e+03
7.560000000000000000e+02 1.158000000000000000e+03
8.150000000000000000e+02 1.739000000000000000e+03
6.770000000000000000e+02 1.739000000000000000e+03
4.240000000000000000e+02 1.346000000000000000e+03
7.500000000000000000e+02 1.500000000000000000e+03
7.440000000000000000e+02 1.512000000000000000e+03
7.400000000000000000e+02 1.528000000000000000e+03
7.370000000000000000e+02 1.547000000000000000e+03
7.200000000000000000e+02 1.577000000000000000e+03
6.970000000000000000e+02 1.498000000000000000e+03
6.910000000000000000e+02 1.496000000000000000e+03
6.860000000000000000e+02 1.493000000000000000e+03
6.390000000000000000e+02 1.452000000000000000e+03
5.000000000000000000e+02 1.354000000000000000e+03
7.560000000000000000e+02 1.115000000000000000e+03
7.340000000000000000e+02 1.034000000000000000e+03
7.130000000000000000e+02 1.037000000000000000e+03
7.040000000000000000e+02 1.501000000000000000e+03
4.950000000000000000e+02 1.452000000000000000e+03
7.630000000000000000e+02 1.036000000000000000e+03
6.990000000000000000e+02 1.619000000000000000e+03
8.130000000000000000e+02 1.174000000000000000e+03
7.800000000000000000e+02 1.138000000000000000e+03
8.130000000000000000e+02 1.130000000000000000e+03
7.310000000000000000e+02 1.222000000000000000e+03
8.150000000000000000e+02 1.696000000000000000e+03
8.140000000000000000e+02 1.644000000000000000e+03
7.560000000000000000e+02 1.640000000000000000e+03
6.170000000000000000e+02 1.543000000000000000e+03
6.590000000000000000e+02 1.325000000000000000e+03
6.540000000000000000e+02 1.586000000000000000e+03
5.790000000000000000e+02 1.320000000000000000e+03
6.280000000000000000e+02 1.367000000000000000e+03
5.480000000000000000e+02 1.385000000000000000e+03
7.430000000000000000e+02 1.691000000000000000e+03
7.090000000000000000e+02 1.243000000000000000e+03
5.840000000000000000e+02 1.575000000000000000e+03
6.310000000000000000e+02 1.622000000000000000e+03
5.880000000000000000e+02 1.493000000000000000e+03
4.620000000000000000e+02 1.401000000000000000e+03
5.410000000000000000e+02 1.498000000000000000e+03
4.430000000000000000e+02 1.431000000000000000e+03
6.000000000000000000e+02 1.420000000000000000e+03
7.330000000000000000e+02 1.184000000000000000e+03
7.320000000000000000e+02 1.305000000000000000e+03
7.090000000000000000e+02 1.312000000000000000e+03
7.480000000000000000e+02 1.281000000000000000e+03
7.010000000000000000e+02 9.980000000000000000e+02
6.370000000000000000e+02 9.750000000000000000e+02
5.840000000000000000e+02 9.730000000000000000e+02
5.420000000000000000e+02 9.820000000000000000e+02
5.170000000000000000e+02 1.000000000000000000e+03
5.070000000000000000e+02 1.062000000000000000e+03
4.040000000000000000e+02 1.168000000000000000e+03
5.390000000000000000e+02 1.120000000000000000e+03
5.760000000000000000e+02 1.133000000000000000e+03
6.250000000000000000e+02 1.131000000000000000e+03
6.690000000000000000e+02 1.121000000000000000e+03
7.030000000000000000e+02 1.108000000000000000e+03
7.260000000000000000e+02 1.096000000000000000e+03
4.000000000000000000e+02 1.167000000000000000e+03
7.090000000000000000e+02 1.321000000000000000e+03
7.550000000000000000e+02 1.197000000000000000e+03
7.570000000000000000e+02 1.310000000000000000e+03
7.750000000000000000e+02 1.329000000000000000e+03
7.570000000000000000e+02 1.315000000000000000e+03
7.190000000000000000e+02 1.332000000000000000e+03
7.830000000000000000e+02 1.333000000000000000e+03
7.860000000000000000e+02 1.341000000000000000e+03
7.230000000000000000e+02 1.064000000000000000e+03
7.420000000000000000e+02 1.075000000000000000e+03
7.530000000000000000e+02 1.085000000000000000e+03
5.540000000000000000e+02 1.045000000000000000e+03
5.280000000000000000e+02 1.028000000000000000e+03
8.440000000000000000e+02 1.180000000000000000e+03
1.062000000000000000e+03 1.064000000000000000e+03
8.490000000000000000e+02 1.334000000000000000e+03
1.200000000000000000e+03 9.070000000000000000e+02
9.600000000000000000e+02 1.095000000000000000e+03
9.950000000000000000e+02 1.100000000000000000e+03
1.029000000000000000e+03 1.100000000000000000e+03
1.074000000000000000e+03 1.078000000000000000e+03
9.300000000000000000e+02 1.086000000000000000e+03
1.027000000000000000e+03 9.920000000000000000e+02
9.840000000000000000e+02 9.940000000000000000e+02
1.064000000000000000e+03 1.000000000000000000e+03
1.085000000000000000e+03 1.015000000000000000e+03
1.103000000000000000e+03 1.102000000000000000e+03
9.480000000000000000e+02 1.661000000000000000e+03
1.075000000000000000e+03 1.053000000000000000e+03
1.214000000000000000e+03 1.083000000000000000e+03
1.145000000000000000e+03 1.073000000000000000e+03
9.910000000000000000e+02 1.271000000000000000e+03
8.570000000000000000e+02 1.462000000000000000e+03
8.540000000000000000e+02 1.493000000000000000e+03
8.960000000000000000e+02 1.473000000000000000e+03
9.250000000000000000e+02 1.483000000000000000e+03
8.870000000000000000e+02 1.493000000000000000e+03
9.150000000000000000e+02 1.495000000000000000e+03
9.750000000000000000e+02 1.523000000000000000e+03
8.440000000000000000e+02 1.318000000000000000e+03
8.480000000000000000e+02 1.278000000000000000e+03
1.139000000000000000e+03 9.890000000000000000e+02
9.180000000000000000e+02 1.168000000000000000e+03
9.290000000000000000e+02 1.298000000000000000e+03
9.300000000000000000e+02 1.275000000000000000e+03
1.097000000000000000e+03 1.265000000000000000e+03
8.460000000000000000e+02 1.225000000000000000e+03
1.063000000000000000e+03 9.520000000000000000e+02
1.110000000000000000e+03 9.640000000000000000e+02
1.167000000000000000e+03 8.370000000000000000e+02
8.980000000000000000e+02 9.870000000000000000e+02
9.450000000000000000e+02 1.010000000000000000e+03
1.003000000000000000e+03 1.486000000000000000e+03
1.180000000000000000e+03 1.463000000000000000e+03
9.020000000000000000e+02 1.321000000000000000e+03
8.730000000000000000e+02 1.333000000000000000e+03
9.670000000000000000e+02 1.499000000000000000e+03
9.590000000000000000e+02 1.499000000000000000e+03
1.131000000000000000e+03 9.380000000000000000e+02
9.310000000000000000e+02 1.314000000000000000e+03
9.940000000000000000e+02 9.570000000000000000e+02
1.003000000000000000e+03 9.260000000000000000e+02
1.023000000000000000e+03 7.450000000000000000e+02
1.141000000000000000e+03 8.840000000000000000e+02
9.990000000000000000e+02 8.290000000000000000e+02
1.159000000000000000e+03 9.680000000000000000e+02
1.177000000000000000e+03 9.390000000000000000e+02
8.560000000000000000e+02 1.480000000000000000e+03
8.920000000000000000e+02 1.484000000000000000e+03
9.200000000000000000e+02 1.489000000000000000e+03
8.940000000000000000e+02 1.328000000000000000e+03
9.630000000000000000e+02 1.499000000000000000e+03
9.440000000000000000e+02 1.508000000000000000e+03
9.550000000000000000e+02 1.500000000000000000e+03
8.840000000000000000e+02 1.311000000000000000e+03
9.100000000000000000e+02 1.499000000000000000e+03
8.830000000000000000e+02 1.499000000000000000e+03
8.520000000000000000e+02 1.500000000000000000e+03
8.610000000000000000e+02 1.595000000000000000e+03
8.600000000000000000e+02 1.559000000000000000e+03
8.580000000000000000e+02 1.536000000000000000e+03
8.550000000000000000e+02 1.516000000000000000e+03
8.520000000000000000e+02 1.500000000000000000e+03
9.100000000000000000e+02 1.499000000000000000e+03
9.170000000000000000e+02 1.506000000000000000e+03
9.240000000000000000e+02 1.517000000000000000e+03
9.290000000000000000e+02 1.529000000000000000e+03
9.630000000000000000e+02 1.419000000000000000e+03
1.213000000000000000e+03 1.259000000000000000e+03
9.310000000000000000e+02 1.500000000000000000e+03
9.380000000000000000e+02 1.503000000000000000e+03
8.610000000000000000e+02 1.349000000000000000e+03
9.170000000000000000e+02 1.336000000000000000e+03
8.670000000000000000e+02 1.342000000000000000e+03
9.550000000000000000e+02 1.191000000000000000e+03
1.013000000000000000e+03 1.219000000000000000e+03
9.370000000000000000e+02 1.292000000000000000e+03
1.111000000000000000e+03 7.810000000000000000e+02
1.085000000000000000e+03 8.460000000000000000e+02
1.077000000000000000e+03 9.200000000000000000e+02
9.450000000000000000e+02 1.551000000000000000e+03
9.140000000000000000e+02 9.370000000000000000e+02
9.110000000000000000e+02 8.270000000000000000e+02
9.260000000000000000e+02 7.290000000000000000e+02
1.058000000000000000e+03 1.093000000000000000e+03
1.139000000000000000e+03 1.128000000000000000e+03
9.120000000000000000e+02 1.077000000000000000e+03
1.116000000000000000e+03 1.031000000000000000e+03
8.930000000000000000e+02 1.143000000000000000e+03
9.060000000000000000e+02 1.286000000000000000e+03
1.185000000000000000e+03 1.162000000000000000e+03
1.115000000000000000e+03 1.160000000000000000e+03
1.070000000000000000e+03 1.178000000000000000e+03
1.001000000000000000e+03 1.171000000000000000e+03
9.510000000000000000e+02 1.153000000000000000e+03
9.160000000000000000e+02 1.136000000000000000e+03
8.470000000000000000e+02 1.093000000000000000e+03
1.179000000000000000e+03 1.248000000000000000e+03
1.145000000000000000e+03 1.025000000000000000e+03
8.320000000000000000e+02 1.337000000000000000e+03
9.160000000000000000e+02 1.210000000000000000e+03
1.222000000000000000e+03 1.076000000000000000e+03
8.890000000000000000e+02 1.117000000000000000e+03
9.390000000000000000e+02 1.292000000000000000e+03
1.090000000000000000e+03 1.055000000000000000e+03
9.070000000000000000e+02 1.258000000000000000e+03
1.202000000000000000e+03 1.359000000000000000e+03
9.120000000000000000e+02 1.063000000000000000e+03
8.770000000000000000e+02 1.238000000000000000e+03
1.106000000000000000e+03 1.565000000000000000e+03
1.104000000000000000e+03 1.608000000000000000e+03
1.211000000000000000e+03 1.256000000000000000e+03
1.149000000000000000e+03 1.508000000000000000e+03
1.197000000000000000e+03 1.004000000000000000e+03
9.570000000000000000e+02 1.704000000000000000e+03
8.280000000000000000e+02 1.344000000000000000e+03
9.480000000000000000e+02 1.239000000000000000e+03
1.172000000000000000e+03 1.075000000000000000e+03
1.027000000000000000e+03 1.077000000000000000e+03
9.980000000000000000e+02 1.078000000000000000e+03
9.500000000000000000e+02 1.514000000000000000e+03
1.173000000000000000e+03 1.330000000000000000e+03
8.910000000000000000e+02 1.760000000000000000e+03
1.001000000000000000e+03 1.702000000000000000e+03
1.050000000000000000e+03 1.664000000000000000e+03
9.680000000000000000e+02 1.074000000000000000e+03
9.390000000000000000e+02 1.068000000000000000e+03
9.210000000000000000e+02 1.065000000000000000e+03
1.169000000000000000e+03 1.013000000000000000e+03
9.490000000000000000e+02 1.034000000000000000e+03
9.820000000000000000e+02 1.023000000000000000e+03
1.014000000000000000e+03 1.022000000000000000e+03
1.044000000000000000e+03 1.029000000000000000e+03
1.060000000000000000e+03 1.039000000000000000e+03
1.216000000000000000e+03 9.820000000000000000e+02
1.047000000000000000e+03 1.071000000000000000e+03
9.290000000000000000e+02 1.397000000000000000e+03
9.020000000000000000e+02 1.315000000000000000e+03
8.640000000000000000e+02 1.386000000000000000e+03
1.057000000000000000e+03 1.619000000000000000e+03
1.009000000000000000e+03 1.662000000000000000e+03
8.920000000000000000e+02 1.732000000000000000e+03
1.145000000000000000e+03 1.546000000000000000e+03
9.240000000000000000e+02 1.052000000000000000e+03
8.700000000000000000e+02 1.158000000000000000e+03
9.500000000000000000e+02 1.736000000000000000e+03
1.200000000000000000e+03 1.347000000000000000e+03
8.830000000000000000e+02 1.499000000000000000e+03
8.900000000000000000e+02 1.511000000000000000e+03
8.940000000000000000e+02 1.527000000000000000e+03
8.980000000000000000e+02 1.547000000000000000e+03
9.080000000000000000e+02 1.576000000000000000e+03
9.380000000000000000e+02 1.497000000000000000e+03
9.440000000000000000e+02 1.494000000000000000e+03
9.490000000000000000e+02 1.491000000000000000e+03
9.890000000000000000e+02 1.450000000000000000e+03
1.126000000000000000e+03 1.353000000000000000e+03
8.690000000000000000e+02 1.115000000000000000e+03
8.900000000000000000e+02 1.038000000000000000e+03
9.110000000000000000e+02 1.040000000000000000e+03
9.310000000000000000e+02 1.500000000000000000e+03
1.133000000000000000e+03 1.451000000000000000e+03
8.590000000000000000e+02 1.042000000000000000e+03
9.290000000000000000e+02 1.617000000000000000e+03
8.460000000000000000e+02 1.138000000000000000e+03
8.950000000000000000e+02 1.222000000000000000e+03
8.730000000000000000e+02 1.640000000000000000e+03
1.011000000000000000e+03 1.541000000000000000e+03
9.670000000000000000e+02 1.324000000000000000e+03
9.730000000000000000e+02 1.584000000000000000e+03
1.048000000000000000e+03 1.319000000000000000e+03
1.000000000000000000e+03 1.366000000000000000e+03
1.079000000000000000e+03 1.384000000000000000e+03
8.860000000000000000e+02 1.690000000000000000e+03
9.170000000000000000e+02 1.242000000000000000e+03
1.044000000000000000e+03 1.573000000000000000e+03
9.970000000000000000e+02 1.620000000000000000e+03
1.040000000000000000e+03 1.491000000000000000e+03
1.165000000000000000e+03 1.400000000000000000e+03
1.087000000000000000e+03 1.496000000000000000e+03
1.183000000000000000e+03 1.431000000000000000e+03
1.028000000000000000e+03 1.418000000000000000e+03
8.920000000000000000e+02 1.183000000000000000e+03
8.950000000000000000e+02 1.305000000000000000e+03
9.180000000000000000e+02 1.312000000000000000e+03
8.790000000000000000e+02 1.281000000000000000e+03
9.220000000000000000e+02 1.006000000000000000e+03
9.860000000000000000e+02 9.830000000000000000e+02
1.041000000000000000e+03 9.790000000000000000e+02
1.082000000000000000e+03 9.880000000000000000e+02
1.107000000000000000e+03 1.005000000000000000e+03
1.114000000000000000e+03 1.064000000000000000e+03
1.217000000000000000e+03 1.169000000000000000e+03
1.083000000000000000e+03 1.121000000000000000e+03
1.047000000000000000e+03 1.133000000000000000e+03
9.990000000000000000e+02 1.132000000000000000e+03
9.540000000000000000e+02 1.121000000000000000e+03
9.210000000000000000e+02 1.109000000000000000e+03
8.980000000000000000e+02 1.098000000000000000e+03
1.218000000000000000e+03 1.167000000000000000e+03
9.170000000000000000e+02 1.321000000000000000e+03
8.710000000000000000e+02 1.197000000000000000e+03
8.700000000000000000e+02 1.310000000000000000e+03
8.510000000000000000e+02 1.329000000000000000e+03
8.700000000000000000e+02 1.315000000000000000e+03
9.070000000000000000e+02 1.332000000000000000e+03
8.440000000000000000e+02 1.333000000000000000e+03
8.400000000000000000e+02 1.340000000000000000e+03
9.000000000000000000e+02 1.066000000000000000e+03
8.810000000000000000e+02 1.078000000000000000e+03
8.700000000000000000e+02 1.088000000000000000e+03
1.069000000000000000e+03 1.047000000000000000e+03
1.096000000000000000e+03 1.032000000000000000e+03
6.230000000000000000e+02 1.043000000000000000e+03
6.560000000000000000e+02 1.041000000000000000e+03
6.200000000000000000e+02 1.010000000000000000e+03
5.880000000000000000e+02 1.045000000000000000e+03
6.240000000000000000e+02 1.076000000000000000e+03
9.990000000000000000e+02 1.045000000000000000e+03
1.036000000000000000e+03 1.046000000000000000e+03
1.000000000000000000e+03 1.012000000000000000e+03
9.620000000000000000e+02 1.043000000000000000e+03
9.980000000000000000e+02 1.078000000000000000e+03
0.000000000000000000e+00 0.000000000000000000e+00
1.749000000000000000e+03 0.000000000000000000e+00
1.749000000000000000e+03 2.187000000000000000e+03
0.000000000000000000e+00 2.187000000000000000e+03
8.700000000000000000e+01 0.000000000000000000e+00
8.700000000000000000e+01 2.187000000000000000e+03
0.000000000000000000e+00 1.090000000000000000e+02
1.749000000000000000e+03 1.090000000000000000e+02
1.750000000000000000e+02 0.000000000000000000e+00
1.750000000000000000e+02 2.187000000000000000e+03
0.000000000000000000e+00 2.180000000000000000e+02
1.749000000000000000e+03 2.180000000000000000e+02
2.620000000000000000e+02 0.000000000000000000e+00
2.620000000000000000e+02 2.187000000000000000e+03
0.000000000000000000e+00 3.280000000000000000e+02
1.749000000000000000e+03 3.280000000000000000e+02
3.500000000000000000e+02 0.000000000000000000e+00
3.500000000000000000e+02 2.187000000000000000e+03
0.000000000000000000e+00 4.370000000000000000e+02
1.749000000000000000e+03 4.370000000000000000e+02
4.370000000000000000e+02 0.000000000000000000e+00
4.370000000000000000e+02 2.187000000000000000e+03
0.000000000000000000e+00 5.470000000000000000e+02
1.749000000000000000e+03 5.470000000000000000e+02
5.250000000000000000e+02 0.000000000000000000e+00
5.250000000000000000e+02 2.187000000000000000e+03
0.000000000000000000e+00 6.560000000000000000e+02
1.749000000000000000e+03 6.560000000000000000e+02
6.120000000000000000e+02 0.000000000000000000e+00
6.120000000000000000e+02 2.187000000000000000e+03
0.000000000000000000e+00 7.650000000000000000e+02
1.749000000000000000e+03 7.650000000000000000e+02
7.000000000000000000e+02 0.000000000000000000e+00
7.000000000000000000e+02 2.187000000000000000e+03
0.000000000000000000e+00 8.750000000000000000e+02
1.749000000000000000e+03 8.750000000000000000e+02
7.870000000000000000e+02 0.000000000000000000e+00
7.870000000000000000e+02 2.187000000000000000e+03
0.000000000000000000e+00 9.840000000000000000e+02
1.749000000000000000e+03 9.840000000000000000e+02
8.750000000000000000e+02 0.000000000000000000e+00
8.750000000000000000e+02 2.187000000000000000e+03
0.000000000000000000e+00 1.094000000000000000e+03
1.749000000000000000e+03 1.094000000000000000e+03
9.620000000000000000e+02 0.000000000000000000e+00
9.620000000000000000e+02 2.187000000000000000e+03
0.000000000000000000e+00 1.203000000000000000e+03
1.749000000000000000e+03 1.203000000000000000e+03
1.050000000000000000e+03 0.000000000000000000e+00
1.050000000000000000e+03 2.187000000000000000e+03
0.000000000000000000e+00 1.312000000000000000e+03
1.749000000000000000e+03 1.312000000000000000e+03
1.137000000000000000e+03 0.000000000000000000e+00
1.137000000000000000e+03 2.187000000000000000e+03
0.000000000000000000e+00 1.422000000000000000e+03
1.749000000000000000e+03 1.422000000000000000e+03
1.225000000000000000e+03 0.000000000000000000e+00
1.225000000000000000e+03 2.187000000000000000e+03
0.000000000000000000e+00 1.531000000000000000e+03
1.749000000000000000e+03 1.531000000000000000e+03
1.312000000000000000e+03 0.000000000000000000e+00
1.312000000000000000e+03 2.187000000000000000e+03
0.000000000000000000e+00 1.641000000000000000e+03
1.749000000000000000e+03 1.641000000000000000e+03
1.400000000000000000e+03 0.000000000000000000e+00
1.400000000000000000e+03 2.187000000000000000e+03
0.000000000000000000e+00 1.750000000000000000e+03
1.749000000000000000e+03 1.750000000000000000e+03
1.487000000000000000e+03 0.000000000000000000e+00
1.487000000000000000e+03 2.187000000000000000e+03
0.000000000000000000e+00 1.859000000000000000e+03
1.749000000000000000e+03 1.859000000000000000e+03
1.575000000000000000e+03 0.000000000000000000e+00
1.575000000000000000e+03 2.187000000000000000e+03
0.000000000000000000e+00 1.969000000000000000e+03
1.749000000000000000e+03 1.969000000000000000e+03
1.662000000000000000e+03 0.000000000000000000e+00
1.662000000000000000e+03 2.187000000000000000e+03
0.000000000000000000e+00 2.078000000000000000e+03
1.749000000000000000e+03 2.078000000000000000e+03
