8.450000000000000000e+02 1.565000000000000000e+03
8.420000000000000000e+02 1.406000000000000000e+03
8.430000000000000000e+02 1.442000000000000000e+03
8.030000000000000000e+02 1.242000000000000000e+03
8.420000000000000000e+02 1.358000000000000000e+03
8.420000000000000000e+02 1.292000000000000000e+03
8.450000000000000000e+02 1.128000000000000000e+03
5.220000000000000000e+02 1.108000000000000000e+03
8.460000000000000000e+02 1.021000000000000000e+03
8.450000000000000000e+02 9.610000000000000000e+02
8.460000000000000000e+02 7.170000000000000000e+02
8.450000000000000000e+02 1.577000000000000000e+03
8.450000000000000000e+02 1.588000000000000000e+03
8.460000000000000000e+02 1.595000000000000000e+03
8.450000000000000000e+02 1.595000000000000000e+03
8.460000000000000000e+02 1.613000000000000000e+03
8.460000000000000000e+02 1.635000000000000000e+03
8.460000000000000000e+02 1.658000000000000000e+03
8.490000000000000000e+02 1.734000000000000000e+03
8.420000000000000000e+02 1.427000000000000000e+03
7.950000000000000000e+02 1.421000000000000000e+03
3.400000000000000000e+02 9.240000000000000000e+02
6.560000000000000000e+02 1.142000000000000000e+03
6.120000000000000000e+02 1.147000000000000000e+03
5.660000000000000000e+02 1.148000000000000000e+03
5.040000000000000000e+02 1.122000000000000000e+03
6.930000000000000000e+02 1.133000000000000000e+03
5.700000000000000000e+02 1.033000000000000000e+03
6.230000000000000000e+02 1.035000000000000000e+03
5.230000000000000000e+02 1.041000000000000000e+03
4.950000000000000000e+02 1.057000000000000000e+03
4.660000000000000000e+02 1.151000000000000000e+03
6.760000000000000000e+02 1.807000000000000000e+03
5.020000000000000000e+02 1.096000000000000000e+03
3.210000000000000000e+02 1.126000000000000000e+03
4.090000000000000000e+02 1.118000000000000000e+03
6.100000000000000000e+02 1.345000000000000000e+03
7.870000000000000000e+02 1.552000000000000000e+03
7.940000000000000000e+02 1.583000000000000000e+03
7.360000000000000000e+02 1.561000000000000000e+03
7.010000000000000000e+02 1.571000000000000000e+03
7.510000000000000000e+02 1.581000000000000000e+03
7.170000000000000000e+02 1.582000000000000000e+03
6.320000000000000000e+02 1.636000000000000000e+03
8.020000000000000000e+02 1.404000000000000000e+03
7.950000000000000000e+02 1.358000000000000000e+03
4.250000000000000000e+02 1.023000000000000000e+03
7.070000000000000000e+02 1.225000000000000000e+03
6.910000000000000000e+02 1.378000000000000000e+03
6.900000000000000000e+02 1.351000000000000000e+03
4.720000000000000000e+02 1.337000000000000000e+03
7.990000000000000000e+02 1.297000000000000000e+03
5.290000000000000000e+02 9.850000000000000000e+02
4.660000000000000000e+02 9.970000000000000000e+02
3.820000000000000000e+02 8.450000000000000000e+02
7.390000000000000000e+02 1.018000000000000000e+03
6.710000000000000000e+02 1.051000000000000000e+03
5.950000000000000000e+02 1.589000000000000000e+03
3.820000000000000000e+02 1.559000000000000000e+03
7.260000000000000000e+02 1.404000000000000000e+03
7.640000000000000000e+02 1.419000000000000000e+03
6.530000000000000000e+02 1.588000000000000000e+03
6.630000000000000000e+02 1.588000000000000000e+03
4.390000000000000000e+02 9.660000000000000000e+02
6.890000000000000000e+02 1.395000000000000000e+03
6.170000000000000000e+02 9.880000000000000000e+02
6.060000000000000000e+02 9.520000000000000000e+02
5.680000000000000000e+02 7.420000000000000000e+02
4.130000000000000000e+02 8.980000000000000000e+02
5.950000000000000000e+02 8.380000000000000000e+02
3.960000000000000000e+02 9.970000000000000000e+02
3.680000000000000000e+02 9.600000000000000000e+02
7.890000000000000000e+02 1.571000000000000000e+03
7.440000000000000000e+02 1.573000000000000000e+03
7.080000000000000000e+02 1.577000000000000000e+03
7.370000000000000000e+02 1.412000000000000000e+03
6.580000000000000000e+02 1.588000000000000000e+03
6.810000000000000000e+02 1.596000000000000000e+03
6.690000000000000000e+02 1.588000000000000000e+03
7.500000000000000000e+02 1.395000000000000000e+03
7.240000000000000000e+02 1.586000000000000000e+03
7.580000000000000000e+02 1.587000000000000000e+03
7.990000000000000000e+02 1.591000000000000000e+03
7.860000000000000000e+02 1.730000000000000000e+03
7.900000000000000000e+02 1.654000000000000000e+03
7.910000000000000000e+02 1.630000000000000000e+03
7.940000000000000000e+02 1.609000000000000000e+03
7.990000000000000000e+02 1.591000000000000000e+03
7.240000000000000000e+02 1.586000000000000000e+03
7.150000000000000000e+02 1.595000000000000000e+03
7.070000000000000000e+02 1.606000000000000000e+03
7.000000000000000000e+02 1.620000000000000000e+03
6.450000000000000000e+02 1.515000000000000000e+03
3.280000000000000000e+02 1.325000000000000000e+03
8.430000000000000000e+02 1.434000000000000000e+03
6.980000000000000000e+02 1.587000000000000000e+03
6.890000000000000000e+02 1.591000000000000000e+03
7.800000000000000000e+02 1.437000000000000000e+03
7.060000000000000000e+02 1.420000000000000000e+03
7.730000000000000000e+02 1.428000000000000000e+03
6.580000000000000000e+02 1.251000000000000000e+03
5.810000000000000000e+02 1.283000000000000000e+03
6.820000000000000000e+02 1.369000000000000000e+03
4.530000000000000000e+02 7.820000000000000000e+02
4.840000000000000000e+02 8.550000000000000000e+02
5.100000000000000000e+02 9.490000000000000000e+02
6.720000000000000000e+02 1.673000000000000000e+03
7.200000000000000000e+02 9.600000000000000000e+02
7.110000000000000000e+02 8.340000000000000000e+02
6.940000000000000000e+02 7.220000000000000000e+02
5.270000000000000000e+02 1.139000000000000000e+03
4.170000000000000000e+02 1.181000000000000000e+03
7.160000000000000000e+02 1.125000000000000000e+03
4.510000000000000000e+02 1.072000000000000000e+03
7.400000000000000000e+02 1.197000000000000000e+03
7.210000000000000000e+02 1.366000000000000000e+03
3.590000000000000000e+02 1.218000000000000000e+03
4.520000000000000000e+02 1.216000000000000000e+03
5.140000000000000000e+02 1.236000000000000000e+03
6.030000000000000000e+02 1.229000000000000000e+03
6.670000000000000000e+02 1.209000000000000000e+03
7.130000000000000000e+02 1.190000000000000000e+03
8.000000000000000000e+02 1.140000000000000000e+03
3.670000000000000000e+02 1.316000000000000000e+03
4.130000000000000000e+02 1.064000000000000000e+03
8.180000000000000000e+02 1.425000000000000000e+03
7.090000000000000000e+02 1.274000000000000000e+03
3.130000000000000000e+02 1.116000000000000000e+03
7.470000000000000000e+02 1.170000000000000000e+03
6.790000000000000000e+02 1.369000000000000000e+03
4.820000000000000000e+02 1.097000000000000000e+03
7.200000000000000000e+02 1.333000000000000000e+03
3.460000000000000000e+02 1.439000000000000000e+03
7.110000000000000000e+02 1.110000000000000000e+03
7.580000000000000000e+02 1.310000000000000000e+03
4.770000000000000000e+02 1.683000000000000000e+03
4.860000000000000000e+02 1.732000000000000000e+03
3.280000000000000000e+02 1.324000000000000000e+03
4.210000000000000000e+02 1.614000000000000000e+03
3.430000000000000000e+02 1.035000000000000000e+03
6.670000000000000000e+02 1.859000000000000000e+03
8.230000000000000000e+02 1.432000000000000000e+03
6.660000000000000000e+02 1.307000000000000000e+03
3.710000000000000000e+02 1.121000000000000000e+03
5.700000000000000000e+02 1.121000000000000000e+03
6.090000000000000000e+02 1.121000000000000000e+03
6.730000000000000000e+02 1.603000000000000000e+03
3.780000000000000000e+02 1.410000000000000000e+03
7.550000000000000000e+02 1.929000000000000000e+03
6.140000000000000000e+02 1.853000000000000000e+03
5.550000000000000000e+02 1.803000000000000000e+03
8.450000000000000000e+02 8.340000000000000000e+02
8.570000000000000000e+02 1.938000000000000000e+03
6.450000000000000000e+02 1.117000000000000000e+03
6.800000000000000000e+02 1.112000000000000000e+03
7.020000000000000000e+02 1.111000000000000000e+03
3.790000000000000000e+02 1.049000000000000000e+03
6.660000000000000000e+02 1.082000000000000000e+03
6.240000000000000000e+02 1.071000000000000000e+03
5.830000000000000000e+02 1.070000000000000000e+03
5.460000000000000000e+02 1.076000000000000000e+03
5.240000000000000000e+02 1.085000000000000000e+03
3.190000000000000000e+02 1.009000000000000000e+03
5.420000000000000000e+02 1.116000000000000000e+03
8.440000000000000000e+02 1.478000000000000000e+03
6.900000000000000000e+02 1.490000000000000000e+03
7.270000000000000000e+02 1.398000000000000000e+03
7.770000000000000000e+02 1.479000000000000000e+03
8.460000000000000000e+02 1.072000000000000000e+03
5.390000000000000000e+02 1.750000000000000000e+03
6.010000000000000000e+02 1.805000000000000000e+03
7.510000000000000000e+02 1.895000000000000000e+03
4.320000000000000000e+02 1.656000000000000000e+03
6.970000000000000000e+02 1.099000000000000000e+03
7.690000000000000000e+02 1.215000000000000000e+03
8.550000000000000000e+02 1.905000000000000000e+03
6.780000000000000000e+02 1.898000000000000000e+03
3.460000000000000000e+02 1.427000000000000000e+03
7.580000000000000000e+02 1.587000000000000000e+03
7.500000000000000000e+02 1.601000000000000000e+03
7.440000000000000000e+02 1.618000000000000000e+03
7.400000000000000000e+02 1.640000000000000000e+03
7.220000000000000000e+02 1.707000000000000000e+03
6.890000000000000000e+02 1.585000000000000000e+03
6.810000000000000000e+02 1.582000000000000000e+03
6.740000000000000000e+02 1.580000000000000000e+03
6.120000000000000000e+02 1.549000000000000000e+03
4.370000000000000000e+02 1.438000000000000000e+03
7.710000000000000000e+02 1.165000000000000000e+03
7.440000000000000000e+02 1.081000000000000000e+03
7.150000000000000000e+02 1.084000000000000000e+03
6.980000000000000000e+02 1.587000000000000000e+03
4.350000000000000000e+02 1.550000000000000000e+03
7.860000000000000000e+02 1.085000000000000000e+03
6.980000000000000000e+02 1.754000000000000000e+03
8.430000000000000000e+02 1.235000000000000000e+03
8.010000000000000000e+02 1.193000000000000000e+03
8.440000000000000000e+02 1.183000000000000000e+03
7.360000000000000000e+02 1.289000000000000000e+03
8.530000000000000000e+02 1.853000000000000000e+03
8.510000000000000000e+02 1.790000000000000000e+03
7.720000000000000000e+02 1.784000000000000000e+03
5.890000000000000000e+02 1.658000000000000000e+03
6.400000000000000000e+02 1.406000000000000000e+03
6.390000000000000000e+02 1.712000000000000000e+03
5.350000000000000000e+02 1.401000000000000000e+03
5.980000000000000000e+02 1.455000000000000000e+03
4.970000000000000000e+02 1.476000000000000000e+03
7.580000000000000000e+02 1.844000000000000000e+03
7.080000000000000000e+02 1.312000000000000000e+03
5.510000000000000000e+02 1.696000000000000000e+03
6.130000000000000000e+02 1.755000000000000000e+03
5.490000000000000000e+02 1.597000000000000000e+03
3.930000000000000000e+02 1.490000000000000000e+03
4.930000000000000000e+02 1.605000000000000000e+03
3.740000000000000000e+02 1.523000000000000000e+03
5.620000000000000000e+02 1.514000000000000000e+03
7.400000000000000000e+02 1.244000000000000000e+03
7.350000000000000000e+02 1.387000000000000000e+03
7.060000000000000000e+02 1.394000000000000000e+03
7.550000000000000000e+02 1.361000000000000000e+03
7.020000000000000000e+02 1.044000000000000000e+03
6.230000000000000000e+02 1.020000000000000000e+03
5.550000000000000000e+02 1.016000000000000000e+03
5.000000000000000000e+02 1.025000000000000000e+03
4.660000000000000000e+02 1.043000000000000000e+03
4.510000000000000000e+02 1.108000000000000000e+03
3.180000000000000000e+02 1.224000000000000000e+03
4.940000000000000000e+02 1.171000000000000000e+03
5.430000000000000000e+02 1.186000000000000000e+03
6.060000000000000000e+02 1.184000000000000000e+03
6.630000000000000000e+02 1.172000000000000000e+03
7.050000000000000000e+02 1.159000000000000000e+03
7.340000000000000000e+02 1.148000000000000000e+03
3.190000000000000000e+02 1.219000000000000000e+03
7.070000000000000000e+02 1.404000000000000000e+03
7.670000000000000000e+02 1.262000000000000000e+03
7.680000000000000000e+02 1.394000000000000000e+03
7.920000000000000000e+02 1.415000000000000000e+03
7.680000000000000000e+02 1.400000000000000000e+03
7.200000000000000000e+02 1.416000000000000000e+03
8.020000000000000000e+02 1.421000000000000000e+03
8.070000000000000000e+02 1.428000000000000000e+03
7.290000000000000000e+02 1.113000000000000000e+03
7.550000000000000000e+02 1.126000000000000000e+03
7.710000000000000000e+02 1.138000000000000000e+03
5.110000000000000000e+02 1.092000000000000000e+03
4.780000000000000000e+02 1.074000000000000000e+03
8.850000000000000000e+02 1.241000000000000000e+03
1.183000000000000000e+03 1.100000000000000000e+03
8.910000000000000000e+02 1.419000000000000000e+03
1.371000000000000000e+03 9.060000000000000000e+02
1.055000000000000000e+03 1.135000000000000000e+03
1.097000000000000000e+03 1.139000000000000000e+03
1.140000000000000000e+03 1.139000000000000000e+03
1.202000000000000000e+03 1.114000000000000000e+03
1.021000000000000000e+03 1.126000000000000000e+03
1.129000000000000000e+03 1.018000000000000000e+03
1.079000000000000000e+03 1.022000000000000000e+03
1.175000000000000000e+03 1.025000000000000000e+03
1.205000000000000000e+03 1.042000000000000000e+03
1.239000000000000000e+03 1.140000000000000000e+03
1.034000000000000000e+03 1.803000000000000000e+03
1.203000000000000000e+03 1.087000000000000000e+03
1.393000000000000000e+03 1.110000000000000000e+03
1.295000000000000000e+03 1.105000000000000000e+03
1.087000000000000000e+03 1.339000000000000000e+03
9.040000000000000000e+02 1.552000000000000000e+03
8.980000000000000000e+02 1.584000000000000000e+03
9.580000000000000000e+02 1.562000000000000000e+03
9.960000000000000000e+02 1.572000000000000000e+03
9.440000000000000000e+02 1.582000000000000000e+03
9.810000000000000000e+02 1.583000000000000000e+03
1.069000000000000000e+03 1.633000000000000000e+03
8.830000000000000000e+02 1.403000000000000000e+03
8.890000000000000000e+02 1.357000000000000000e+03
1.268000000000000000e+03 1.004000000000000000e+03
9.890000000000000000e+02 1.221000000000000000e+03
9.980000000000000000e+02 1.374000000000000000e+03
1.001000000000000000e+03 1.347000000000000000e+03
1.230000000000000000e+03 1.328000000000000000e+03
8.870000000000000000e+02 1.295000000000000000e+03
1.156000000000000000e+03 9.620000000000000000e+02
1.221000000000000000e+03 9.760000000000000000e+02
1.324000000000000000e+03 8.290000000000000000e+02
9.520000000000000000e+02 1.004000000000000000e+03
1.036000000000000000e+03 1.040000000000000000e+03
1.106000000000000000e+03 1.586000000000000000e+03
1.346000000000000000e+03 1.545000000000000000e+03
9.630000000000000000e+02 1.401000000000000000e+03
9.240000000000000000e+02 1.417000000000000000e+03
1.049000000000000000e+03 1.588000000000000000e+03
1.038000000000000000e+03 1.588000000000000000e+03
1.249000000000000000e+03 9.430000000000000000e+02
1.001000000000000000e+03 1.392000000000000000e+03
1.068000000000000000e+03 9.670000000000000000e+02
1.075000000000000000e+03 9.290000000000000000e+02
1.127000000000000000e+03 7.330000000000000000e+02
1.289000000000000000e+03 8.820000000000000000e+02
1.096000000000000000e+03 8.280000000000000000e+02
1.300000000000000000e+03 9.780000000000000000e+02
1.339000000000000000e+03 9.440000000000000000e+02
9.020000000000000000e+02 1.571000000000000000e+03
9.510000000000000000e+02 1.573000000000000000e+03
9.890000000000000000e+02 1.578000000000000000e+03
9.520000000000000000e+02 1.409000000000000000e+03
1.043000000000000000e+03 1.588000000000000000e+03
1.019000000000000000e+03 1.597000000000000000e+03
1.032000000000000000e+03 1.588000000000000000e+03
9.370000000000000000e+02 1.392000000000000000e+03
9.740000000000000000e+02 1.587000000000000000e+03
9.370000000000000000e+02 1.588000000000000000e+03
8.950000000000000000e+02 1.591000000000000000e+03
9.150000000000000000e+02 1.730000000000000000e+03
9.050000000000000000e+02 1.654000000000000000e+03
9.020000000000000000e+02 1.631000000000000000e+03
8.990000000000000000e+02 1.609000000000000000e+03
8.940000000000000000e+02 1.592000000000000000e+03
9.740000000000000000e+02 1.587000000000000000e+03
9.830000000000000000e+02 1.595000000000000000e+03
9.910000000000000000e+02 1.607000000000000000e+03
9.980000000000000000e+02 1.620000000000000000e+03
1.049000000000000000e+03 1.512000000000000000e+03
1.395000000000000000e+03 1.309000000000000000e+03
1.001000000000000000e+03 1.587000000000000000e+03
1.010000000000000000e+03 1.592000000000000000e+03
9.080000000000000000e+02 1.437000000000000000e+03
9.850000000000000000e+02 1.418000000000000000e+03
9.160000000000000000e+02 1.427000000000000000e+03
1.038000000000000000e+03 1.246000000000000000e+03
1.117000000000000000e+03 1.276000000000000000e+03
1.010000000000000000e+03 1.366000000000000000e+03
1.247000000000000000e+03 7.690000000000000000e+02
1.212000000000000000e+03 8.410000000000000000e+02
1.173000000000000000e+03 9.240000000000000000e+02
1.030000000000000000e+03 1.671000000000000000e+03
9.650000000000000000e+02 9.430000000000000000e+02
9.780000000000000000e+02 8.290000000000000000e+02
9.980000000000000000e+02 7.170000000000000000e+02
1.178000000000000000e+03 1.131000000000000000e+03
1.287000000000000000e+03 1.169000000000000000e+03
9.990000000000000000e+02 1.119000000000000000e+03
1.249000000000000000e+03 1.058000000000000000e+03
9.550000000000000000e+02 1.193000000000000000e+03
9.670000000000000000e+02 1.363000000000000000e+03
1.350000000000000000e+03 1.203000000000000000e+03
1.250000000000000000e+03 1.205000000000000000e+03
1.188000000000000000e+03 1.225000000000000000e+03
1.101000000000000000e+03 1.219000000000000000e+03
1.041000000000000000e+03 1.200000000000000000e+03
9.960000000000000000e+02 1.183000000000000000e+03
8.910000000000000000e+02 1.138000000000000000e+03
1.342000000000000000e+03 1.303000000000000000e+03
1.286000000000000000e+03 1.049000000000000000e+03
8.680000000000000000e+02 1.424000000000000000e+03
9.850000000000000000e+02 1.270000000000000000e+03
1.406000000000000000e+03 1.098000000000000000e+03
9.610000000000000000e+02 1.163000000000000000e+03
1.014000000000000000e+03 1.365000000000000000e+03
1.223000000000000000e+03 1.088000000000000000e+03
9.690000000000000000e+02 1.330000000000000000e+03
1.380000000000000000e+03 1.424000000000000000e+03
1.003000000000000000e+03 1.104000000000000000e+03
9.290000000000000000e+02 1.308000000000000000e+03
1.242000000000000000e+03 1.674000000000000000e+03
1.240000000000000000e+03 1.723000000000000000e+03
1.389000000000000000e+03 1.309000000000000000e+03
1.300000000000000000e+03 1.603000000000000000e+03
1.367000000000000000e+03 1.018000000000000000e+03
1.047000000000000000e+03 1.855000000000000000e+03
8.630000000000000000e+02 1.432000000000000000e+03
1.028000000000000000e+03 1.302000000000000000e+03
1.338000000000000000e+03 1.107000000000000000e+03
1.136000000000000000e+03 1.113000000000000000e+03
1.099000000000000000e+03 1.114000000000000000e+03
1.027000000000000000e+03 1.603000000000000000e+03
1.334000000000000000e+03 1.398000000000000000e+03
9.600000000000000000e+02 1.927000000000000000e+03
1.106000000000000000e+03 1.847000000000000000e+03
1.169000000000000000e+03 1.795000000000000000e+03
1.065000000000000000e+03 1.110000000000000000e+03
1.033000000000000000e+03 1.105000000000000000e+03
1.013000000000000000e+03 1.105000000000000000e+03
1.324000000000000000e+03 1.032000000000000000e+03
1.046000000000000000e+03 1.072000000000000000e+03
1.084000000000000000e+03 1.059000000000000000e+03
1.122000000000000000e+03 1.056000000000000000e+03
1.158000000000000000e+03 1.062000000000000000e+03
1.180000000000000000e+03 1.072000000000000000e+03
1.396000000000000000e+03 9.910000000000000000e+02
1.163000000000000000e+03 1.108000000000000000e+03
1.002000000000000000e+03 1.488000000000000000e+03
9.620000000000000000e+02 1.396000000000000000e+03
9.120000000000000000e+02 1.479000000000000000e+03
1.178000000000000000e+03 1.743000000000000000e+03
1.116000000000000000e+03 1.800000000000000000e+03
9.600000000000000000e+02 1.893000000000000000e+03
1.296000000000000000e+03 1.644000000000000000e+03
1.017000000000000000e+03 1.092000000000000000e+03
9.220000000000000000e+02 1.213000000000000000e+03
1.039000000000000000e+03 1.894000000000000000e+03
1.373000000000000000e+03 1.413000000000000000e+03
9.370000000000000000e+02 1.588000000000000000e+03
9.450000000000000000e+02 1.602000000000000000e+03
9.520000000000000000e+02 1.619000000000000000e+03
9.570000000000000000e+02 1.641000000000000000e+03
9.800000000000000000e+02 1.705000000000000000e+03
1.010000000000000000e+03 1.585000000000000000e+03
1.019000000000000000e+03 1.583000000000000000e+03
1.025000000000000000e+03 1.580000000000000000e+03
1.086000000000000000e+03 1.545000000000000000e+03
1.270000000000000000e+03 1.428000000000000000e+03
9.230000000000000000e+02 1.162000000000000000e+03
9.640000000000000000e+02 1.072000000000000000e+03
9.970000000000000000e+02 1.076000000000000000e+03
1.002000000000000000e+03 1.587000000000000000e+03
1.278000000000000000e+03 1.539000000000000000e+03
9.130000000000000000e+02 1.076000000000000000e+03
1.008000000000000000e+03 1.752000000000000000e+03
8.880000000000000000e+02 1.191000000000000000e+03
9.560000000000000000e+02 1.286000000000000000e+03
9.320000000000000000e+02 1.782000000000000000e+03
1.117000000000000000e+03 1.653000000000000000e+03
1.054000000000000000e+03 1.402000000000000000e+03
1.068000000000000000e+03 1.708000000000000000e+03
1.165000000000000000e+03 1.393000000000000000e+03
1.099000000000000000e+03 1.449000000000000000e+03
1.207000000000000000e+03 1.467000000000000000e+03
9.500000000000000000e+02 1.843000000000000000e+03
9.850000000000000000e+02 1.309000000000000000e+03
1.161000000000000000e+03 1.690000000000000000e+03
1.098000000000000000e+03 1.750000000000000000e+03
1.155000000000000000e+03 1.592000000000000000e+03
1.322000000000000000e+03 1.478000000000000000e+03
1.218000000000000000e+03 1.597000000000000000e+03
1.348000000000000000e+03 1.511000000000000000e+03
1.138000000000000000e+03 1.508000000000000000e+03
9.530000000000000000e+02 1.241000000000000000e+03
9.520000000000000000e+02 1.385000000000000000e+03
9.830000000000000000e+02 1.391000000000000000e+03
9.300000000000000000e+02 1.358000000000000000e+03
1.000000000000000000e+03 1.033000000000000000e+03
1.073000000000000000e+03 1.005000000000000000e+03
1.137000000000000000e+03 9.990000000000000000e+02
1.191000000000000000e+03 1.008000000000000000e+03
1.230000000000000000e+03 1.027000000000000000e+03
1.254000000000000000e+03 1.097000000000000000e+03
1.397000000000000000e+03 1.208000000000000000e+03
1.210000000000000000e+03 1.162000000000000000e+03
1.161000000000000000e+03 1.176000000000000000e+03
1.101000000000000000e+03 1.175000000000000000e+03
1.047000000000000000e+03 1.164000000000000000e+03
1.007000000000000000e+03 1.152000000000000000e+03
9.780000000000000000e+02 1.141000000000000000e+03
1.403000000000000000e+03 1.202000000000000000e+03
9.830000000000000000e+02 1.401000000000000000e+03
9.220000000000000000e+02 1.259000000000000000e+03
9.170000000000000000e+02 1.392000000000000000e+03
8.930000000000000000e+02 1.414000000000000000e+03
9.180000000000000000e+02 1.398000000000000000e+03
9.700000000000000000e+02 1.414000000000000000e+03
8.830000000000000000e+02 1.420000000000000000e+03
8.790000000000000000e+02 1.427000000000000000e+03
9.860000000000000000e+02 1.106000000000000000e+03
9.560000000000000000e+02 1.118000000000000000e+03
9.340000000000000000e+02 1.130000000000000000e+03
1.193000000000000000e+03 1.080000000000000000e+03
1.223000000000000000e+03 1.061000000000000000e+03
6.010000000000000000e+02 1.091000000000000000e+03
6.470000000000000000e+02 1.090000000000000000e+03
5.990000000000000000e+02 1.054000000000000000e+03
5.540000000000000000e+02 1.093000000000000000e+03
6.030000000000000000e+02 1.128000000000000000e+03
1.109000000000000000e+03 1.084000000000000000e+03
1.151000000000000000e+03 1.083000000000000000e+03
1.109000000000000000e+03 1.044000000000000000e+03
1.068000000000000000e+03 1.084000000000000000e+03
1.110000000000000000e+03 1.123000000000000000e+03
0.000000000000000000e+00 0.000000000000000000e+00
1.749000000000000000e+03 0.000000000000000000e+00
1.749000000000000000e+03 2.187000000000000000e+03
0.000000000000000000e+00 2.187000000000000000e+03
8.700000000000000000e+01 0.000000000000000000e+00
8.700000000000000000e+01 2.187000000000000000e+03
0.000000000000000000e+00 1.090000000000000000e+02
1.749000000000000000e+03 1.090000000000000000e+02
1.750000000000000000e+02 0.000000000000000000e+00
1.750000000000000000e+02 2.187000000000000000e+03
0.000000000000000000e+00 2.180000000000000000e+02
1.749000000000000000e+03 2.180000000000000000e+02
2.620000000000000000e+02 0.000000000000000000e+00
2.620000000000000000e+02 2.187000000000000000e+03
0.000000000000000000e+00 3.280000000000000000e+02
1.749000000000000000e+03 3.280000000000000000e+02
3.500000000000000000e+02 0.000000000000000000e+00
3.500000000000000000e+02 2.187000000000000000e+03
0.000000000000000000e+00 4.370000000000000000e+02
1.749000000000000000e+03 4.370000000000000000e+02
4.370000000000000000e+02 0.000000000000000000e+00
4.370000000000000000e+02 2.187000000000000000e+03
0.000000000000000000e+00 5.470000000000000000e+02
1.749000000000000000e+03 5.470000000000000000e+02
5.250000000000000000e+02 0.000000000000000000e+00
5.250000000000000000e+02 2.187000000000000000e+03
0.000000000000000000e+00 6.560000000000000000e+02
1.749000000000000000e+03 6.560000000000000000e+02
6.120000000000000000e+02 0.000000000000000000e+00
6.120000000000000000e+02 2.187000000000000000e+03
0.000000000000000000e+00 7.650000000000000000e+02
1.749000000000000000e+03 7.650000000000000000e+02
7.000000000000000000e+02 0.000000000000000000e+00
7.000000000000000000e+02 2.187000000000000000e+03
0.000000000000000000e+00 8.750000000000000000e+02
1.749000000000000000e+03 8.750000000000000000e+02
7.870000000000000000e+02 0.000000000000000000e+00
7.870000000000000000e+02 2.187000000000000000e+03
0.000000000000000000e+00 9.840000000000000000e+02
1.749000000000000000e+03 9.840000000000000000e+02
8.750000000000000000e+02 0.000000000000000000e+00
8.750000000000000000e+02 2.187000000000000000e+03
0.000000000000000000e+00 1.094000000000000000e+03
1.749000000000000000e+03 1.094000000000000000e+03
9.620000000000000000e+02 0.000000000000000000e+00
9.620000000000000000e+02 2.187000000000000000e+03
0.000000000000000000e+00 1.203000000000000000e+03
1.749000000000000000e+03 1.203000000000000000e+03
1.050000000000000000e+03 0.000000000000000000e+00
1.050000000000000000e+03 2.187000000000000000e+03
0.000000000000000000e+00 1.312000000000000000e+03
1.749000000000000000e+03 1.312000000000000000e+03
1.137000000000000000e+03 0.000000000000000000e+00
1.137000000000000000e+03 2.187000000000000000e+03
0.000000000000000000e+00 1.422000000000000000e+03
1.749000000000000000e+03 1.422000000000000000e+03
1.225000000000000000e+03 0.000000000000000000e+00
1.225000000000000000e+03 2.187000000000000000e+03
0.000000000000000000e+00 1.531000000000000000e+03
1.749000000000000000e+03 1.531000000000000000e+03
1.312000000000000000e+03 0.000000000000000000e+00
1.312000000000000000e+03 2.187000000000000000e+03
0.000000000000000000e+00 1.641000000000000000e+03
1.749000000000000000e+03 1.641000000000000000e+03
1.400000000000000000e+03 0.000000000000000000e+00
1.400000000000000000e+03 2.187000000000000000e+03
0.000000000000000000e+00 1.750000000000000000e+03
1.749000000000000000e+03 1.750000000000000000e+03
1.487000000000000000e+03 0.000000000000000000e+00
1.487000000000000000e+03 2.187000000000000000e+03
0.000000000000000000e+00 1.859000000000000000e+03
1.749000000000000000e+03 1.859000000000000000e+03
1.575000000000000000e+03 0.000000000000000000e+00
1.575000000000000000e+03 2.187000000000000000e+03
0.000000000000000000e+00 1.969000000000000000e+03
1.749000000000000000e+03 1.969000000000000000e+03
1.662000000000000000e+03 0.000000000000000000e+00
1.662000000000000000e+03 2.187000000000000000e+03
0.000000000000000000e+00 2.078000000000000000e+03
1.749000000000000000e+03 2.078000000000000000e+03
