8.370000000000000000e+02 1.467000000000000000e+03
8.410000000000000000e+02 1.321000000000000000e+03
8.360000000000000000e+02 1.369000000000000000e+03
8.020000000000000000e+02 1.170000000000000000e+03
8.410000000000000000e+02 1.273000000000000000e+03
8.400000000000000000e+02 1.212000000000000000e+03
8.350000000000000000e+02 1.065000000000000000e+03
5.500000000000000000e+02 1.050000000000000000e+03
8.330000000000000000e+02 9.480000000000000000e+02
8.330000000000000000e+02 8.870000000000000000e+02
8.340000000000000000e+02 6.700000000000000000e+02
8.370000000000000000e+02 1.486000000000000000e+03
8.370000000000000000e+02 1.508000000000000000e+03
8.360000000000000000e+02 1.523000000000000000e+03
8.360000000000000000e+02 1.527000000000000000e+03
8.360000000000000000e+02 1.553000000000000000e+03
8.360000000000000000e+02 1.586000000000000000e+03
8.350000000000000000e+02 1.619000000000000000e+03
8.310000000000000000e+02 1.670000000000000000e+03
8.400000000000000000e+02 1.346000000000000000e+03
8.000000000000000000e+02 1.346000000000000000e+03
3.560000000000000000e+02 8.790000000000000000e+02
6.680000000000000000e+02 1.089000000000000000e+03
6.260000000000000000e+02 1.094000000000000000e+03
5.850000000000000000e+02 1.094000000000000000e+03
5.290000000000000000e+02 1.069000000000000000e+03
7.040000000000000000e+02 1.078000000000000000e+03
6.060000000000000000e+02 9.490000000000000000e+02
6.550000000000000000e+02 9.530000000000000000e+02
5.610000000000000000e+02 9.610000000000000000e+02
5.310000000000000000e+02 9.830000000000000000e+02
4.880000000000000000e+02 1.103000000000000000e+03
6.670000000000000000e+02 1.741000000000000000e+03
5.330000000000000000e+02 1.038000000000000000e+03
3.310000000000000000e+02 1.084000000000000000e+03
4.330000000000000000e+02 1.070000000000000000e+03
6.220000000000000000e+02 1.292000000000000000e+03
7.860000000000000000e+02 1.457000000000000000e+03
7.920000000000000000e+02 1.507000000000000000e+03
7.350000000000000000e+02 1.480000000000000000e+03
7.020000000000000000e+02 1.505000000000000000e+03
7.540000000000000000e+02 1.514000000000000000e+03
7.240000000000000000e+02 1.524000000000000000e+03
6.400000000000000000e+02 1.597000000000000000e+03
8.060000000000000000e+02 1.320000000000000000e+03
7.990000000000000000e+02 1.275000000000000000e+03
4.690000000000000000e+02 9.480000000000000000e+02
7.080000000000000000e+02 1.172000000000000000e+03
7.070000000000000000e+02 1.314000000000000000e+03
7.020000000000000000e+02 1.290000000000000000e+03
4.920000000000000000e+02 1.292000000000000000e+03
8.010000000000000000e+02 1.218000000000000000e+03
5.760000000000000000e+02 8.920000000000000000e+02
5.150000000000000000e+02 9.110000000000000000e+02
4.060000000000000000e+02 7.970000000000000000e+02
7.580000000000000000e+02 9.330000000000000000e+02
6.960000000000000000e+02 9.740000000000000000e+02
6.090000000000000000e+02 1.553000000000000000e+03
3.710000000000000000e+02 1.531000000000000000e+03
7.400000000000000000e+02 1.340000000000000000e+03
7.710000000000000000e+02 1.352000000000000000e+03
6.690000000000000000e+02 1.547000000000000000e+03
6.790000000000000000e+02 1.545000000000000000e+03
4.900000000000000000e+02 8.820000000000000000e+02
7.050000000000000000e+02 1.336000000000000000e+03
6.550000000000000000e+02 8.950000000000000000e+02
6.470000000000000000e+02 8.600000000000000000e+02
5.880000000000000000e+02 6.930000000000000000e+02
4.400000000000000000e+02 8.420000000000000000e+02
6.120000000000000000e+02 7.780000000000000000e+02
4.380000000000000000e+02 9.280000000000000000e+02
3.900000000000000000e+02 9.070000000000000000e+02
7.880000000000000000e+02 1.484000000000000000e+03
7.440000000000000000e+02 1.498000000000000000e+03
7.130000000000000000e+02 1.515000000000000000e+03
7.490000000000000000e+02 1.348000000000000000e+03
6.740000000000000000e+02 1.546000000000000000e+03
6.910000000000000000e+02 1.554000000000000000e+03
6.850000000000000000e+02 1.544000000000000000e+03
7.600000000000000000e+02 1.322000000000000000e+03
7.320000000000000000e+02 1.531000000000000000e+03
7.610000000000000000e+02 1.524000000000000000e+03
7.960000000000000000e+02 1.522000000000000000e+03
7.750000000000000000e+02 1.669000000000000000e+03
7.820000000000000000e+02 1.617000000000000000e+03
7.860000000000000000e+02 1.584000000000000000e+03
7.900000000000000000e+02 1.551000000000000000e+03
7.960000000000000000e+02 1.527000000000000000e+03
7.320000000000000000e+02 1.534000000000000000e+03
7.220000000000000000e+02 1.547000000000000000e+03
7.110000000000000000e+02 1.564000000000000000e+03
7.010000000000000000e+02 1.584000000000000000e+03
6.600000000000000000e+02 1.464000000000000000e+03
3.190000000000000000e+02 1.292000000000000000e+03
8.380000000000000000e+02 1.356000000000000000e+03
7.100000000000000000e+02 1.538000000000000000e+03
7.010000000000000000e+02 1.546000000000000000e+03
7.840000000000000000e+02 1.369000000000000000e+03
7.190000000000000000e+02 1.364000000000000000e+03
7.780000000000000000e+02 1.361000000000000000e+03
6.630000000000000000e+02 1.200000000000000000e+03
5.920000000000000000e+02 1.234000000000000000e+03
6.950000000000000000e+02 1.312000000000000000e+03
4.800000000000000000e+02 7.330000000000000000e+02
5.110000000000000000e+02 7.970000000000000000e+02
5.600000000000000000e+02 8.580000000000000000e+02
6.740000000000000000e+02 1.626000000000000000e+03
7.440000000000000000e+02 8.730000000000000000e+02
7.160000000000000000e+02 7.760000000000000000e+02
7.020000000000000000e+02 6.750000000000000000e+02
5.500000000000000000e+02 1.086000000000000000e+03
4.380000000000000000e+02 1.140000000000000000e+03
7.290000000000000000e+02 1.067000000000000000e+03
4.850000000000000000e+02 1.008000000000000000e+03
7.380000000000000000e+02 1.140000000000000000e+03
7.320000000000000000e+02 1.294000000000000000e+03
3.750000000000000000e+02 1.174000000000000000e+03
4.730000000000000000e+02 1.174000000000000000e+03
5.320000000000000000e+02 1.191000000000000000e+03
6.160000000000000000e+02 1.179000000000000000e+03
6.750000000000000000e+02 1.157000000000000000e+03
7.190000000000000000e+02 1.134000000000000000e+03
7.940000000000000000e+02 1.077000000000000000e+03
3.840000000000000000e+02 1.276000000000000000e+03
4.470000000000000000e+02 1.004000000000000000e+03
8.180000000000000000e+02 1.344000000000000000e+03
7.130000000000000000e+02 1.217000000000000000e+03
3.120000000000000000e+02 1.079000000000000000e+03
7.530000000000000000e+02 1.109000000000000000e+03
6.910000000000000000e+02 1.316000000000000000e+03
5.120000000000000000e+02 1.040000000000000000e+03
7.290000000000000000e+02 1.265000000000000000e+03
3.360000000000000000e+02 1.409000000000000000e+03
7.280000000000000000e+02 1.050000000000000000e+03
7.630000000000000000e+02 1.236000000000000000e+03
4.780000000000000000e+02 1.643000000000000000e+03
4.750000000000000000e+02 1.697000000000000000e+03
3.330000000000000000e+02 1.286000000000000000e+03
4.230000000000000000e+02 1.580000000000000000e+03
3.580000000000000000e+02 9.880000000000000000e+02
6.550000000000000000e+02 1.788000000000000000e+03
8.220000000000000000e+02 1.355000000000000000e+03
6.740000000000000000e+02 1.254000000000000000e+03
3.890000000000000000e+02 1.081000000000000000e+03
5.920000000000000000e+02 1.064000000000000000e+03
6.280000000000000000e+02 1.067000000000000000e+03
6.810000000000000000e+02 1.564000000000000000e+03
3.950000000000000000e+02 1.371000000000000000e+03
7.360000000000000000e+02 1.851000000000000000e+03
6.010000000000000000e+02 1.794000000000000000e+03
5.430000000000000000e+02 1.755000000000000000e+03
8.340000000000000000e+02 7.770000000000000000e+02
8.290000000000000000e+02 1.859000000000000000e+03
6.620000000000000000e+02 1.063000000000000000e+03
6.950000000000000000e+02 1.057000000000000000e+03
7.170000000000000000e+02 1.054000000000000000e+03
4.080000000000000000e+02 9.950000000000000000e+02
6.880000000000000000e+02 1.012000000000000000e+03
6.510000000000000000e+02 9.970000000000000000e+02
6.150000000000000000e+02 9.960000000000000000e+02
5.790000000000000000e+02 1.005000000000000000e+03
5.570000000000000000e+02 1.018000000000000000e+03
3.270000000000000000e+02 9.690000000000000000e+02
5.680000000000000000e+02 1.058000000000000000e+03
8.350000000000000000e+02 1.408000000000000000e+03
7.000000000000000000e+02 1.433000000000000000e+03
7.400000000000000000e+02 1.331000000000000000e+03
7.790000000000000000e+02 1.413000000000000000e+03
8.340000000000000000e+02 1.008000000000000000e+03
5.370000000000000000e+02 1.702000000000000000e+03
5.920000000000000000e+02 1.746000000000000000e+03
7.340000000000000000e+02 1.819000000000000000e+03
4.200000000000000000e+02 1.628000000000000000e+03
7.160000000000000000e+02 1.036000000000000000e+03
7.680000000000000000e+02 1.151000000000000000e+03
8.290000000000000000e+02 1.826000000000000000e+03
6.630000000000000000e+02 1.827000000000000000e+03
3.480000000000000000e+02 1.392000000000000000e+03
7.610000000000000000e+02 1.529000000000000000e+03
7.510000000000000000e+02 1.548000000000000000e+03
7.430000000000000000e+02 1.575000000000000000e+03
7.360000000000000000e+02 1.605000000000000000e+03
7.190000000000000000e+02 1.651000000000000000e+03
7.010000000000000000e+02 1.535000000000000000e+03
6.900000000000000000e+02 1.531000000000000000e+03
6.800000000000000000e+02 1.526000000000000000e+03
6.280000000000000000e+02 1.505000000000000000e+03
4.580000000000000000e+02 1.396000000000000000e+03
7.670000000000000000e+02 1.105000000000000000e+03
7.570000000000000000e+02 1.012000000000000000e+03
7.320000000000000000e+02 1.017000000000000000e+03
7.110000000000000000e+02 1.537000000000000000e+03
4.510000000000000000e+02 1.511000000000000000e+03
7.930000000000000000e+02 1.012000000000000000e+03
6.910000000000000000e+02 1.696000000000000000e+03
8.380000000000000000e+02 1.162000000000000000e+03
7.970000000000000000e+02 1.125000000000000000e+03
8.370000000000000000e+02 1.115000000000000000e+03
7.400000000000000000e+02 1.225000000000000000e+03
8.290000000000000000e+02 1.778000000000000000e+03
8.300000000000000000e+02 1.721000000000000000e+03
7.580000000000000000e+02 1.718000000000000000e+03
5.950000000000000000e+02 1.615000000000000000e+03
6.540000000000000000e+02 1.355000000000000000e+03
6.380000000000000000e+02 1.662000000000000000e+03
5.550000000000000000e+02 1.351000000000000000e+03
6.150000000000000000e+02 1.404000000000000000e+03
5.200000000000000000e+02 1.430000000000000000e+03
7.420000000000000000e+02 1.772000000000000000e+03
7.140000000000000000e+02 1.254000000000000000e+03
5.550000000000000000e+02 1.649000000000000000e+03
6.090000000000000000e+02 1.699000000000000000e+03
5.630000000000000000e+02 1.558000000000000000e+03
4.080000000000000000e+02 1.453000000000000000e+03
5.060000000000000000e+02 1.564000000000000000e+03
3.740000000000000000e+02 1.490000000000000000e+03
5.820000000000000000e+02 1.470000000000000000e+03
7.410000000000000000e+02 1.183000000000000000e+03
7.470000000000000000e+02 1.314000000000000000e+03
7.210000000000000000e+02 1.329000000000000000e+03
7.630000000000000000e+02 1.282000000000000000e+03
7.240000000000000000e+02 9.650000000000000000e+02
6.560000000000000000e+02 9.340000000000000000e+02
5.950000000000000000e+02 9.300000000000000000e+02
5.440000000000000000e+02 9.420000000000000000e+02
5.070000000000000000e+02 9.680000000000000000e+02
4.780000000000000000e+02 1.055000000000000000e+03
3.250000000000000000e+02 1.183000000000000000e+03
5.140000000000000000e+02 1.123000000000000000e+03
5.600000000000000000e+02 1.136000000000000000e+03
6.190000000000000000e+02 1.133000000000000000e+03
6.720000000000000000e+02 1.120000000000000000e+03
7.130000000000000000e+02 1.104000000000000000e+03
7.420000000000000000e+02 1.089000000000000000e+03
3.130000000000000000e+02 1.185000000000000000e+03
7.210000000000000000e+02 1.342000000000000000e+03
7.690000000000000000e+02 1.192000000000000000e+03
7.760000000000000000e+02 1.315000000000000000e+03
7.970000000000000000e+02 1.338000000000000000e+03
7.760000000000000000e+02 1.323000000000000000e+03
7.320000000000000000e+02 1.356000000000000000e+03
8.050000000000000000e+02 1.341000000000000000e+03
8.090000000000000000e+02 1.352000000000000000e+03
7.430000000000000000e+02 1.051000000000000000e+03
7.630000000000000000e+02 1.063000000000000000e+03
7.770000000000000000e+02 1.072000000000000000e+03
5.440000000000000000e+02 1.029000000000000000e+03
5.120000000000000000e+02 1.008000000000000000e+03
8.730000000000000000e+02 1.169000000000000000e+03
1.136000000000000000e+03 1.039000000000000000e+03
8.760000000000000000e+02 1.345000000000000000e+03
1.299000000000000000e+03 8.730000000000000000e+02
1.018000000000000000e+03 1.081000000000000000e+03
1.060000000000000000e+03 1.085000000000000000e+03
1.101000000000000000e+03 1.084000000000000000e+03
1.154000000000000000e+03 1.056000000000000000e+03
9.810000000000000000e+02 1.071000000000000000e+03
1.081000000000000000e+03 9.370000000000000000e+02
1.030000000000000000e+03 9.450000000000000000e+02
1.128000000000000000e+03 9.440000000000000000e+02
1.158000000000000000e+03 9.640000000000000000e+02
1.189000000000000000e+03 1.088000000000000000e+03
9.890000000000000000e+02 1.738000000000000000e+03
1.151000000000000000e+03 1.024000000000000000e+03
1.313000000000000000e+03 1.076000000000000000e+03
1.234000000000000000e+03 1.048000000000000000e+03
1.040000000000000000e+03 1.289000000000000000e+03
8.880000000000000000e+02 1.456000000000000000e+03
8.810000000000000000e+02 1.507000000000000000e+03
9.380000000000000000e+02 1.477000000000000000e+03
9.700000000000000000e+02 1.500000000000000000e+03
9.180000000000000000e+02 1.512000000000000000e+03
9.470000000000000000e+02 1.520000000000000000e+03
1.017000000000000000e+03 1.593000000000000000e+03
8.750000000000000000e+02 1.320000000000000000e+03
8.800000000000000000e+02 1.274000000000000000e+03
1.216000000000000000e+03 9.130000000000000000e+02
9.570000000000000000e+02 1.169000000000000000e+03
9.620000000000000000e+02 1.311000000000000000e+03
9.650000000000000000e+02 1.287000000000000000e+03
1.165000000000000000e+03 1.287000000000000000e+03
8.780000000000000000e+02 1.217000000000000000e+03
1.119000000000000000e+03 8.640000000000000000e+02
1.177000000000000000e+03 8.770000000000000000e+02
1.257000000000000000e+03 7.910000000000000000e+02
9.270000000000000000e+02 9.290000000000000000e+02
9.860000000000000000e+02 9.700000000000000000e+02
1.046000000000000000e+03 1.549000000000000000e+03
1.258000000000000000e+03 1.518000000000000000e+03
9.300000000000000000e+02 1.337000000000000000e+03
9.000000000000000000e+02 1.351000000000000000e+03
1.002000000000000000e+03 1.541000000000000000e+03
9.920000000000000000e+02 1.539000000000000000e+03
1.199000000000000000e+03 8.430000000000000000e+02
9.620000000000000000e+02 1.333000000000000000e+03
1.038000000000000000e+03 8.790000000000000000e+02
1.045000000000000000e+03 8.390000000000000000e+02
1.080000000000000000e+03 6.880000000000000000e+02
1.226000000000000000e+03 8.330000000000000000e+02
1.054000000000000000e+03 7.730000000000000000e+02
1.238000000000000000e+03 8.910000000000000000e+02
1.270000000000000000e+03 8.990000000000000000e+02
8.860000000000000000e+02 1.483000000000000000e+03
9.290000000000000000e+02 1.496000000000000000e+03
9.590000000000000000e+02 1.511000000000000000e+03
9.200000000000000000e+02 1.346000000000000000e+03
9.970000000000000000e+02 1.540000000000000000e+03
9.790000000000000000e+02 1.549000000000000000e+03
9.860000000000000000e+02 1.538000000000000000e+03
9.150000000000000000e+02 1.320000000000000000e+03
9.380000000000000000e+02 1.526000000000000000e+03
9.100000000000000000e+02 1.522000000000000000e+03
8.760000000000000000e+02 1.521000000000000000e+03
8.870000000000000000e+02 1.668000000000000000e+03
8.880000000000000000e+02 1.615000000000000000e+03
8.860000000000000000e+02 1.582000000000000000e+03
8.810000000000000000e+02 1.549000000000000000e+03
8.760000000000000000e+02 1.525000000000000000e+03
9.380000000000000000e+02 1.529000000000000000e+03
9.480000000000000000e+02 1.542000000000000000e+03
9.590000000000000000e+02 1.559000000000000000e+03
9.680000000000000000e+02 1.578000000000000000e+03
1.001000000000000000e+03 1.460000000000000000e+03
1.308000000000000000e+03 1.284000000000000000e+03
9.590000000000000000e+02 1.533000000000000000e+03
9.690000000000000000e+02 1.540000000000000000e+03
8.880000000000000000e+02 1.369000000000000000e+03
9.460000000000000000e+02 1.362000000000000000e+03
8.940000000000000000e+02 1.360000000000000000e+03
1.001000000000000000e+03 1.197000000000000000e+03
1.070000000000000000e+03 1.230000000000000000e+03
9.710000000000000000e+02 1.309000000000000000e+03
1.187000000000000000e+03 7.270000000000000000e+02
1.157000000000000000e+03 7.890000000000000000e+02
1.133000000000000000e+03 8.240000000000000000e+02
9.840000000000000000e+02 1.623000000000000000e+03
9.400000000000000000e+02 8.640000000000000000e+02
9.500000000000000000e+02 7.740000000000000000e+02
9.660000000000000000e+02 6.720000000000000000e+02
1.135000000000000000e+03 1.075000000000000000e+03
1.233000000000000000e+03 1.122000000000000000e+03
9.560000000000000000e+02 1.061000000000000000e+03
1.196000000000000000e+03 9.840000000000000000e+02
9.280000000000000000e+02 1.137000000000000000e+03
9.400000000000000000e+02 1.292000000000000000e+03
1.277000000000000000e+03 1.167000000000000000e+03
1.207000000000000000e+03 1.159000000000000000e+03
1.154000000000000000e+03 1.179000000000000000e+03
1.072000000000000000e+03 1.171000000000000000e+03
1.011000000000000000e+03 1.151000000000000000e+03
9.650000000000000000e+02 1.129000000000000000e+03
8.740000000000000000e+02 1.076000000000000000e+03
1.266000000000000000e+03 1.268000000000000000e+03
1.227000000000000000e+03 9.770000000000000000e+02
8.600000000000000000e+02 1.344000000000000000e+03
9.530000000000000000e+02 1.215000000000000000e+03
1.325000000000000000e+03 1.073000000000000000e+03
9.310000000000000000e+02 1.104000000000000000e+03
9.740000000000000000e+02 1.313000000000000000e+03
1.171000000000000000e+03 1.025000000000000000e+03
9.410000000000000000e+02 1.263000000000000000e+03
1.289000000000000000e+03 1.398000000000000000e+03
9.550000000000000000e+02 1.044000000000000000e+03
9.110000000000000000e+02 1.234000000000000000e+03
1.169000000000000000e+03 1.632000000000000000e+03
1.167000000000000000e+03 1.683000000000000000e+03
1.305000000000000000e+03 1.276000000000000000e+03
1.219000000000000000e+03 1.567000000000000000e+03
1.293000000000000000e+03 9.810000000000000000e+02
9.990000000000000000e+02 1.784000000000000000e+03
8.550000000000000000e+02 1.355000000000000000e+03
9.900000000000000000e+02 1.251000000000000000e+03
1.268000000000000000e+03 1.056000000000000000e+03
1.096000000000000000e+03 1.054000000000000000e+03
1.061000000000000000e+03 1.057000000000000000e+03
9.890000000000000000e+02 1.558000000000000000e+03
1.253000000000000000e+03 1.362000000000000000e+03
9.220000000000000000e+02 1.849000000000000000e+03
1.051000000000000000e+03 1.786000000000000000e+03
1.106000000000000000e+03 1.744000000000000000e+03
1.025000000000000000e+03 1.054000000000000000e+03
9.900000000000000000e+02 1.049000000000000000e+03
9.670000000000000000e+02 1.047000000000000000e+03
1.254000000000000000e+03 9.660000000000000000e+02
9.960000000000000000e+02 1.009000000000000000e+03
1.033000000000000000e+03 9.940000000000000000e+02
1.071000000000000000e+03 9.900000000000000000e+02
1.108000000000000000e+03 9.970000000000000000e+02
1.130000000000000000e+03 1.008000000000000000e+03
1.320000000000000000e+03 9.630000000000000000e+02
1.120000000000000000e+03 1.047000000000000000e+03
9.640000000000000000e+02 1.431000000000000000e+03
9.310000000000000000e+02 1.329000000000000000e+03
8.900000000000000000e+02 1.412000000000000000e+03
1.114000000000000000e+03 1.693000000000000000e+03
1.059000000000000000e+03 1.739000000000000000e+03
9.230000000000000000e+02 1.817000000000000000e+03
1.215000000000000000e+03 1.613000000000000000e+03
9.680000000000000000e+02 1.030000000000000000e+03
9.020000000000000000e+02 1.149000000000000000e+03
9.920000000000000000e+02 1.822000000000000000e+03
1.287000000000000000e+03 1.381000000000000000e+03
9.100000000000000000e+02 1.526000000000000000e+03
9.190000000000000000e+02 1.545000000000000000e+03
9.270000000000000000e+02 1.571000000000000000e+03
9.330000000000000000e+02 1.601000000000000000e+03
9.410000000000000000e+02 1.649000000000000000e+03
9.700000000000000000e+02 1.529000000000000000e+03
9.810000000000000000e+02 1.526000000000000000e+03
9.910000000000000000e+02 1.521000000000000000e+03
1.029000000000000000e+03 1.501000000000000000e+03
1.193000000000000000e+03 1.388000000000000000e+03
9.010000000000000000e+02 1.103000000000000000e+03
9.240000000000000000e+02 1.008000000000000000e+03
9.500000000000000000e+02 1.013000000000000000e+03
9.590000000000000000e+02 1.532000000000000000e+03
1.198000000000000000e+03 1.501000000000000000e+03
8.870000000000000000e+02 1.009000000000000000e+03
9.660000000000000000e+02 1.692000000000000000e+03
8.740000000000000000e+02 1.124000000000000000e+03
9.300000000000000000e+02 1.223000000000000000e+03
9.010000000000000000e+02 1.717000000000000000e+03
1.061000000000000000e+03 1.610000000000000000e+03
1.009000000000000000e+03 1.352000000000000000e+03
1.019000000000000000e+03 1.658000000000000000e+03
1.103000000000000000e+03 1.346000000000000000e+03
1.046000000000000000e+03 1.401000000000000000e+03
1.137000000000000000e+03 1.424000000000000000e+03
9.160000000000000000e+02 1.771000000000000000e+03
9.530000000000000000e+02 1.251000000000000000e+03
1.100000000000000000e+03 1.643000000000000000e+03
1.045000000000000000e+03 1.693000000000000000e+03
1.092000000000000000e+03 1.552000000000000000e+03
1.239000000000000000e+03 1.442000000000000000e+03
1.146000000000000000e+03 1.556000000000000000e+03
1.263000000000000000e+03 1.478000000000000000e+03
1.076000000000000000e+03 1.466000000000000000e+03
9.270000000000000000e+02 1.181000000000000000e+03
9.280000000000000000e+02 1.312000000000000000e+03
9.490000000000000000e+02 1.326000000000000000e+03
9.130000000000000000e+02 1.281000000000000000e+03
9.600000000000000000e+02 9.600000000000000000e+02
1.032000000000000000e+03 9.220000000000000000e+02
1.096000000000000000e+03 9.110000000000000000e+02
1.148000000000000000e+03 9.200000000000000000e+02
1.182000000000000000e+03 9.430000000000000000e+02
1.198000000000000000e+03 1.036000000000000000e+03
1.315000000000000000e+03 1.175000000000000000e+03
1.167000000000000000e+03 1.111000000000000000e+03
1.124000000000000000e+03 1.126000000000000000e+03
1.067000000000000000e+03 1.125000000000000000e+03
1.013000000000000000e+03 1.113000000000000000e+03
9.700000000000000000e+02 1.099000000000000000e+03
9.410000000000000000e+02 1.084000000000000000e+03
1.318000000000000000e+03 1.178000000000000000e+03
9.470000000000000000e+02 1.339000000000000000e+03
9.040000000000000000e+02 1.191000000000000000e+03
9.020000000000000000e+02 1.314000000000000000e+03
8.800000000000000000e+02 1.337000000000000000e+03
9.010000000000000000e+02 1.322000000000000000e+03
9.340000000000000000e+02 1.354000000000000000e+03
8.730000000000000000e+02 1.341000000000000000e+03
8.670000000000000000e+02 1.352000000000000000e+03
9.400000000000000000e+02 1.046000000000000000e+03
9.180000000000000000e+02 1.058000000000000000e+03
9.040000000000000000e+02 1.068000000000000000e+03
1.142000000000000000e+03 1.017000000000000000e+03
1.174000000000000000e+03 9.890000000000000000e+02
6.130000000000000000e+02 1.029000000000000000e+03
6.610000000000000000e+02 1.026000000000000000e+03
6.120000000000000000e+02 9.850000000000000000e+02
5.650000000000000000e+02 1.032000000000000000e+03
6.140000000000000000e+02 1.073000000000000000e+03
1.056000000000000000e+03 1.023000000000000000e+03
1.103000000000000000e+03 1.023000000000000000e+03
1.055000000000000000e+03 9.790000000000000000e+02
1.010000000000000000e+03 1.022000000000000000e+03
1.058000000000000000e+03 1.067000000000000000e+03
0.000000000000000000e+00 0.000000000000000000e+00
1.749000000000000000e+03 0.000000000000000000e+00
1.749000000000000000e+03 2.187000000000000000e+03
0.000000000000000000e+00 2.187000000000000000e+03
8.700000000000000000e+01 0.000000000000000000e+00
8.700000000000000000e+01 2.187000000000000000e+03
0.000000000000000000e+00 1.090000000000000000e+02
1.749000000000000000e+03 1.090000000000000000e+02
1.750000000000000000e+02 0.000000000000000000e+00
1.750000000000000000e+02 2.187000000000000000e+03
0.000000000000000000e+00 2.180000000000000000e+02
1.749000000000000000e+03 2.180000000000000000e+02
2.620000000000000000e+02 0.000000000000000000e+00
2.620000000000000000e+02 2.187000000000000000e+03
0.000000000000000000e+00 3.280000000000000000e+02
1.749000000000000000e+03 3.280000000000000000e+02
3.500000000000000000e+02 0.000000000000000000e+00
3.500000000000000000e+02 2.187000000000000000e+03
0.000000000000000000e+00 4.370000000000000000e+02
1.749000000000000000e+03 4.370000000000000000e+02
4.370000000000000000e+02 0.000000000000000000e+00
4.370000000000000000e+02 2.187000000000000000e+03
0.000000000000000000e+00 5.470000000000000000e+02
1.749000000000000000e+03 5.470000000000000000e+02
5.250000000000000000e+02 0.000000000000000000e+00
5.250000000000000000e+02 2.187000000000000000e+03
0.000000000000000000e+00 6.560000000000000000e+02
1.749000000000000000e+03 6.560000000000000000e+02
6.120000000000000000e+02 0.000000000000000000e+00
6.120000000000000000e+02 2.187000000000000000e+03
0.000000000000000000e+00 7.650000000000000000e+02
1.749000000000000000e+03 7.650000000000000000e+02
7.000000000000000000e+02 0.000000000000000000e+00
7.000000000000000000e+02 2.187000000000000000e+03
0.000000000000000000e+00 8.750000000000000000e+02
1.749000000000000000e+03 8.750000000000000000e+02
7.870000000000000000e+02 0.000000000000000000e+00
7.870000000000000000e+02 2.187000000000000000e+03
0.000000000000000000e+00 9.840000000000000000e+02
1.749000000000000000e+03 9.840000000000000000e+02
8.750000000000000000e+02 0.000000000000000000e+00
8.750000000000000000e+02 2.187000000000000000e+03
0.000000000000000000e+00 1.094000000000000000e+03
1.749000000000000000e+03 1.094000000000000000e+03
9.620000000000000000e+02 0.000000000000000000e+00
9.620000000000000000e+02 2.187000000000000000e+03
0.000000000000000000e+00 1.203000000000000000e+03
1.749000000000000000e+03 1.203000000000000000e+03
1.050000000000000000e+03 0.000000000000000000e+00
1.050000000000000000e+03 2.187000000000000000e+03
0.000000000000000000e+00 1.312000000000000000e+03
1.749000000000000000e+03 1.312000000000000000e+03
1.137000000000000000e+03 0.000000000000000000e+00
1.137000000000000000e+03 2.187000000000000000e+03
0.000000000000000000e+00 1.422000000000000000e+03
1.749000000000000000e+03 1.422000000000000000e+03
1.225000000000000000e+03 0.000000000000000000e+00
1.225000000000000000e+03 2.187000000000000000e+03
0.000000000000000000e+00 1.531000000000000000e+03
1.749000000000000000e+03 1.531000000000000000e+03
1.312000000000000000e+03 0.000000000000000000e+00
1.312000000000000000e+03 2.187000000000000000e+03
0.000000000000000000e+00 1.641000000000000000e+03
1.749000000000000000e+03 1.641000000000000000e+03
1.400000000000000000e+03 0.000000000000000000e+00
1.400000000000000000e+03 2.187000000000000000e+03
0.000000000000000000e+00 1.750000000000000000e+03
1.749000000000000000e+03 1.750000000000000000e+03
1.487000000000000000e+03 0.000000000000000000e+00
1.487000000000000000e+03 2.187000000000000000e+03
0.000000000000000000e+00 1.859000000000000000e+03
1.749000000000000000e+03 1.859000000000000000e+03
1.575000000000000000e+03 0.000000000000000000e+00
1.575000000000000000e+03 2.187000000000000000e+03
0.000000000000000000e+00 1.969000000000000000e+03
1.749000000000000000e+03 1.969000000000000000e+03
1.662000000000000000e+03 0.000000000000000000e+00
1.662000000000000000e+03 2.187000000000000000e+03
0.000000000000000000e+00 2.078000000000000000e+03
1.749000000000000000e+03 2.078000000000000000e+03
