8.040000000000000000e+02 1.488000000000000000e+03
7.980000000000000000e+02 1.322000000000000000e+03
7.970000000000000000e+02 1.366000000000000000e+03
7.680000000000000000e+02 1.185000000000000000e+03
7.990000000000000000e+02 1.280000000000000000e+03
8.010000000000000000e+02 1.224000000000000000e+03
8.060000000000000000e+02 1.094000000000000000e+03
5.360000000000000000e+02 1.088000000000000000e+03
8.080000000000000000e+02 1.010000000000000000e+03
8.080000000000000000e+02 9.610000000000000000e+02
8.120000000000000000e+02 7.670000000000000000e+02
8.040000000000000000e+02 1.508000000000000000e+03
8.030000000000000000e+02 1.528000000000000000e+03
8.020000000000000000e+02 1.543000000000000000e+03
8.010000000000000000e+02 1.542000000000000000e+03
8.010000000000000000e+02 1.572000000000000000e+03
7.990000000000000000e+02 1.608000000000000000e+03
7.980000000000000000e+02 1.645000000000000000e+03
7.910000000000000000e+02 1.682000000000000000e+03
7.980000000000000000e+02 1.344000000000000000e+03
7.570000000000000000e+02 1.342000000000000000e+03
4.130000000000000000e+02 9.540000000000000000e+02
6.410000000000000000e+02 1.113000000000000000e+03
6.040000000000000000e+02 1.118000000000000000e+03
5.670000000000000000e+02 1.120000000000000000e+03
5.190000000000000000e+02 1.105000000000000000e+03
6.730000000000000000e+02 1.103000000000000000e+03
5.800000000000000000e+02 1.025000000000000000e+03
6.250000000000000000e+02 1.025000000000000000e+03
5.410000000000000000e+02 1.034000000000000000e+03
5.160000000000000000e+02 1.048000000000000000e+03
4.870000000000000000e+02 1.130000000000000000e+03
6.390000000000000000e+02 1.719000000000000000e+03
5.210000000000000000e+02 1.083000000000000000e+03
3.920000000000000000e+02 1.119000000000000000e+03
4.440000000000000000e+02 1.108000000000000000e+03
6.050000000000000000e+02 1.290000000000000000e+03
7.520000000000000000e+02 1.471000000000000000e+03
7.570000000000000000e+02 1.523000000000000000e+03
7.000000000000000000e+02 1.486000000000000000e+03
6.670000000000000000e+02 1.507000000000000000e+03
7.180000000000000000e+02 1.523000000000000000e+03
6.880000000000000000e+02 1.529000000000000000e+03
6.090000000000000000e+02 1.577000000000000000e+03
7.630000000000000000e+02 1.320000000000000000e+03
7.580000000000000000e+02 1.280000000000000000e+03
4.630000000000000000e+02 1.026000000000000000e+03
6.850000000000000000e+02 1.184000000000000000e+03
6.640000000000000000e+02 1.309000000000000000e+03
6.630000000000000000e+02 1.287000000000000000e+03
5.000000000000000000e+02 1.287000000000000000e+03
7.630000000000000000e+02 1.229000000000000000e+03
5.540000000000000000e+02 9.880000000000000000e+02
4.980000000000000000e+02 1.001000000000000000e+03
4.450000000000000000e+02 8.830000000000000000e+02
7.280000000000000000e+02 1.016000000000000000e+03
6.630000000000000000e+02 1.036000000000000000e+03
5.850000000000000000e+02 1.530000000000000000e+03
4.300000000000000000e+02 1.495000000000000000e+03
6.950000000000000000e+02 1.332000000000000000e+03
7.290000000000000000e+02 1.346000000000000000e+03
6.300000000000000000e+02 1.547000000000000000e+03
6.410000000000000000e+02 1.546000000000000000e+03
4.790000000000000000e+02 9.760000000000000000e+02
6.630000000000000000e+02 1.329000000000000000e+03
6.310000000000000000e+02 9.920000000000000000e+02
6.230000000000000000e+02 9.580000000000000000e+02
5.900000000000000000e+02 7.880000000000000000e+02
4.640000000000000000e+02 9.190000000000000000e+02
6.090000000000000000e+02 8.620000000000000000e+02
4.430000000000000000e+02 1.007000000000000000e+03
4.300000000000000000e+02 9.750000000000000000e+02
7.540000000000000000e+02 1.500000000000000000e+03
7.090000000000000000e+02 1.507000000000000000e+03
6.770000000000000000e+02 1.519000000000000000e+03
7.050000000000000000e+02 1.341000000000000000e+03
6.360000000000000000e+02 1.547000000000000000e+03
6.530000000000000000e+02 1.557000000000000000e+03
6.470000000000000000e+02 1.545000000000000000e+03
7.150000000000000000e+02 1.317000000000000000e+03
6.950000000000000000e+02 1.535000000000000000e+03
7.250000000000000000e+02 1.534000000000000000e+03
7.610000000000000000e+02 1.537000000000000000e+03
7.330000000000000000e+02 1.676000000000000000e+03
7.440000000000000000e+02 1.640000000000000000e+03
7.480000000000000000e+02 1.602000000000000000e+03
7.540000000000000000e+02 1.565000000000000000e+03
7.610000000000000000e+02 1.538000000000000000e+03
6.950000000000000000e+02 1.537000000000000000e+03
6.850000000000000000e+02 1.552000000000000000e+03
6.730000000000000000e+02 1.571000000000000000e+03
6.630000000000000000e+02 1.592000000000000000e+03
6.300000000000000000e+02 1.448000000000000000e+03
3.920000000000000000e+02 1.295000000000000000e+03
7.970000000000000000e+02 1.354000000000000000e+03
6.720000000000000000e+02 1.540000000000000000e+03
6.630000000000000000e+02 1.548000000000000000e+03
7.420000000000000000e+02 1.364000000000000000e+03
6.780000000000000000e+02 1.355000000000000000e+03
7.350000000000000000e+02 1.355000000000000000e+03
6.450000000000000000e+02 1.208000000000000000e+03
5.840000000000000000e+02 1.238000000000000000e+03
6.560000000000000000e+02 1.307000000000000000e+03
5.000000000000000000e+02 8.260000000000000000e+02
5.200000000000000000e+02 8.800000000000000000e+02
5.410000000000000000e+02 9.560000000000000000e+02
6.400000000000000000e+02 1.613000000000000000e+03
7.150000000000000000e+02 9.640000000000000000e+02
7.020000000000000000e+02 8.570000000000000000e+02
6.910000000000000000e+02 7.700000000000000000e+02
5.370000000000000000e+02 1.116000000000000000e+03
4.460000000000000000e+02 1.158000000000000000e+03
6.930000000000000000e+02 1.094000000000000000e+03
4.800000000000000000e+02 1.065000000000000000e+03
7.140000000000000000e+02 1.157000000000000000e+03
6.900000000000000000e+02 1.292000000000000000e+03
4.120000000000000000e+02 1.189000000000000000e+03
4.700000000000000000e+02 1.185000000000000000e+03
5.180000000000000000e+02 1.198000000000000000e+03
5.910000000000000000e+02 1.190000000000000000e+03
6.450000000000000000e+02 1.172000000000000000e+03
6.850000000000000000e+02 1.153000000000000000e+03
7.670000000000000000e+02 1.103000000000000000e+03
4.190000000000000000e+02 1.272000000000000000e+03
4.510000000000000000e+02 1.063000000000000000e+03
7.760000000000000000e+02 1.342000000000000000e+03
6.850000000000000000e+02 1.224000000000000000e+03
3.880000000000000000e+02 1.121000000000000000e+03
7.150000000000000000e+02 1.132000000000000000e+03
6.550000000000000000e+02 1.310000000000000000e+03
5.040000000000000000e+02 1.087000000000000000e+03
6.900000000000000000e+02 1.266000000000000000e+03
4.050000000000000000e+02 1.391000000000000000e+03
6.930000000000000000e+02 1.080000000000000000e+03
7.260000000000000000e+02 1.243000000000000000e+03
4.950000000000000000e+02 1.602000000000000000e+03
4.960000000000000000e+02 1.651000000000000000e+03
3.910000000000000000e+02 1.284000000000000000e+03
4.600000000000000000e+02 1.540000000000000000e+03
4.110000000000000000e+02 1.041000000000000000e+03
6.280000000000000000e+02 1.764000000000000000e+03
7.800000000000000000e+02 1.352000000000000000e+03
6.490000000000000000e+02 1.256000000000000000e+03
4.160000000000000000e+02 1.114000000000000000e+03
5.720000000000000000e+02 1.094000000000000000e+03
6.030000000000000000e+02 1.093000000000000000e+03
6.430000000000000000e+02 1.568000000000000000e+03
4.290000000000000000e+02 1.354000000000000000e+03
7.010000000000000000e+02 1.829000000000000000e+03
5.830000000000000000e+02 1.760000000000000000e+03
5.400000000000000000e+02 1.714000000000000000e+03
8.100000000000000000e+02 8.590000000000000000e+02
7.920000000000000000e+02 1.840000000000000000e+03
6.350000000000000000e+02 1.089000000000000000e+03
6.640000000000000000e+02 1.084000000000000000e+03
6.840000000000000000e+02 1.082000000000000000e+03
4.270000000000000000e+02 1.053000000000000000e+03
6.570000000000000000e+02 1.059000000000000000e+03
6.240000000000000000e+02 1.052000000000000000e+03
5.910000000000000000e+02 1.053000000000000000e+03
5.590000000000000000e+02 1.060000000000000000e+03
5.400000000000000000e+02 1.070000000000000000e+03
3.960000000000000000e+02 1.028000000000000000e+03
5.500000000000000000e+02 1.092000000000000000e+03
7.960000000000000000e+02 1.405000000000000000e+03
6.640000000000000000e+02 1.421000000000000000e+03
6.950000000000000000e+02 1.324000000000000000e+03
7.380000000000000000e+02 1.406000000000000000e+03
8.080000000000000000e+02 1.051000000000000000e+03
5.330000000000000000e+02 1.664000000000000000e+03
5.770000000000000000e+02 1.714000000000000000e+03
7.000000000000000000e+02 1.799000000000000000e+03
4.640000000000000000e+02 1.583000000000000000e+03
6.810000000000000000e+02 1.071000000000000000e+03
7.390000000000000000e+02 1.167000000000000000e+03
7.910000000000000000e+02 1.811000000000000000e+03
6.340000000000000000e+02 1.801000000000000000e+03
4.050000000000000000e+02 1.373000000000000000e+03
7.250000000000000000e+02 1.535000000000000000e+03
7.150000000000000000e+02 1.558000000000000000e+03
7.050000000000000000e+02 1.587000000000000000e+03
6.980000000000000000e+02 1.621000000000000000e+03
6.790000000000000000e+02 1.649000000000000000e+03
6.630000000000000000e+02 1.537000000000000000e+03
6.530000000000000000e+02 1.533000000000000000e+03
6.440000000000000000e+02 1.527000000000000000e+03
6.030000000000000000e+02 1.486000000000000000e+03
4.760000000000000000e+02 1.376000000000000000e+03
7.410000000000000000e+02 1.127000000000000000e+03
7.230000000000000000e+02 1.057000000000000000e+03
6.980000000000000000e+02 1.060000000000000000e+03
6.730000000000000000e+02 1.540000000000000000e+03
4.720000000000000000e+02 1.480000000000000000e+03
7.550000000000000000e+02 1.060000000000000000e+03
6.590000000000000000e+02 1.680000000000000000e+03
8.030000000000000000e+02 1.179000000000000000e+03
7.670000000000000000e+02 1.146000000000000000e+03
8.040000000000000000e+02 1.137000000000000000e+03
7.060000000000000000e+02 1.232000000000000000e+03
7.910000000000000000e+02 1.767000000000000000e+03
7.910000000000000000e+02 1.719000000000000000e+03
7.210000000000000000e+02 1.711000000000000000e+03
5.750000000000000000e+02 1.588000000000000000e+03
6.260000000000000000e+02 1.345000000000000000e+03
6.110000000000000000e+02 1.639000000000000000e+03
5.500000000000000000e+02 1.340000000000000000e+03
5.960000000000000000e+02 1.390000000000000000e+03
5.220000000000000000e+02 1.409000000000000000e+03
7.070000000000000000e+02 1.756000000000000000e+03
6.800000000000000000e+02 1.255000000000000000e+03
5.430000000000000000e+02 1.618000000000000000e+03
5.890000000000000000e+02 1.671000000000000000e+03
5.500000000000000000e+02 1.529000000000000000e+03
4.410000000000000000e+02 1.426000000000000000e+03
5.090000000000000000e+02 1.532000000000000000e+03
4.260000000000000000e+02 1.458000000000000000e+03
5.690000000000000000e+02 1.449000000000000000e+03
7.120000000000000000e+02 1.195000000000000000e+03
7.030000000000000000e+02 1.310000000000000000e+03
6.770000000000000000e+02 1.322000000000000000e+03
7.220000000000000000e+02 1.283000000000000000e+03
6.930000000000000000e+02 1.032000000000000000e+03
6.280000000000000000e+02 1.015000000000000000e+03
5.700000000000000000e+02 1.013000000000000000e+03
5.230000000000000000e+02 1.022000000000000000e+03
4.920000000000000000e+02 1.039000000000000000e+03
4.780000000000000000e+02 1.097000000000000000e+03
3.860000000000000000e+02 1.200000000000000000e+03
5.070000000000000000e+02 1.146000000000000000e+03
5.460000000000000000e+02 1.154000000000000000e+03
5.970000000000000000e+02 1.152000000000000000e+03
6.450000000000000000e+02 1.140000000000000000e+03
6.820000000000000000e+02 1.127000000000000000e+03
7.080000000000000000e+02 1.114000000000000000e+03
3.880000000000000000e+02 1.208000000000000000e+03
6.780000000000000000e+02 1.334000000000000000e+03
7.360000000000000000e+02 1.204000000000000000e+03
7.320000000000000000e+02 1.313000000000000000e+03
7.550000000000000000e+02 1.335000000000000000e+03
7.330000000000000000e+02 1.320000000000000000e+03
6.900000000000000000e+02 1.348000000000000000e+03
7.630000000000000000e+02 1.339000000000000000e+03
7.670000000000000000e+02 1.349000000000000000e+03
7.060000000000000000e+02 1.083000000000000000e+03
7.270000000000000000e+02 1.094000000000000000e+03
7.380000000000000000e+02 1.102000000000000000e+03
5.290000000000000000e+02 1.077000000000000000e+03
5.010000000000000000e+02 1.065000000000000000e+03
8.380000000000000000e+02 1.186000000000000000e+03
1.085000000000000000e+03 1.100000000000000000e+03
8.390000000000000000e+02 1.344000000000000000e+03
1.209000000000000000e+03 9.600000000000000000e+02
9.800000000000000000e+02 1.118000000000000000e+03
1.015000000000000000e+03 1.125000000000000000e+03
1.051000000000000000e+03 1.129000000000000000e+03
1.100000000000000000e+03 1.116000000000000000e+03
9.490000000000000000e+02 1.108000000000000000e+03
1.040000000000000000e+03 1.033000000000000000e+03
9.980000000000000000e+02 1.032000000000000000e+03
1.079000000000000000e+03 1.042000000000000000e+03
1.103000000000000000e+03 1.057000000000000000e+03
1.130000000000000000e+03 1.141000000000000000e+03
9.510000000000000000e+02 1.724000000000000000e+03
1.100000000000000000e+03 1.093000000000000000e+03
1.230000000000000000e+03 1.129000000000000000e+03
1.172000000000000000e+03 1.119000000000000000e+03
1.001000000000000000e+03 1.296000000000000000e+03
8.570000000000000000e+02 1.474000000000000000e+03
8.480000000000000000e+02 1.527000000000000000e+03
9.070000000000000000e+02 1.492000000000000000e+03
9.370000000000000000e+02 1.516000000000000000e+03
8.860000000000000000e+02 1.529000000000000000e+03
9.150000000000000000e+02 1.537000000000000000e+03
9.820000000000000000e+02 1.585000000000000000e+03
8.330000000000000000e+02 1.322000000000000000e+03
8.400000000000000000e+02 1.281000000000000000e+03
1.153000000000000000e+03 1.035000000000000000e+03
9.250000000000000000e+02 1.187000000000000000e+03
9.360000000000000000e+02 1.314000000000000000e+03
9.400000000000000000e+02 1.292000000000000000e+03
1.110000000000000000e+03 1.296000000000000000e+03
8.390000000000000000e+02 1.230000000000000000e+03
1.064000000000000000e+03 9.950000000000000000e+02
1.118000000000000000e+03 1.009000000000000000e+03
1.178000000000000000e+03 8.880000000000000000e+02
8.910000000000000000e+02 1.017000000000000000e+03
9.610000000000000000e+02 1.042000000000000000e+03
1.009000000000000000e+03 1.539000000000000000e+03
1.192000000000000000e+03 1.506000000000000000e+03
9.040000000000000000e+02 1.337000000000000000e+03
8.680000000000000000e+02 1.350000000000000000e+03
9.710000000000000000e+02 1.560000000000000000e+03
9.610000000000000000e+02 1.557000000000000000e+03
1.137000000000000000e+03 9.840000000000000000e+02
9.370000000000000000e+02 1.335000000000000000e+03
9.890000000000000000e+02 9.960000000000000000e+02
9.950000000000000000e+02 9.630000000000000000e+02
1.033000000000000000e+03 7.920000000000000000e+02
1.158000000000000000e+03 9.240000000000000000e+02
1.010000000000000000e+03 8.650000000000000000e+02
1.173000000000000000e+03 1.016000000000000000e+03
1.192000000000000000e+03 9.810000000000000000e+02
8.540000000000000000e+02 1.503000000000000000e+03
8.960000000000000000e+02 1.513000000000000000e+03
9.270000000000000000e+02 1.527000000000000000e+03
8.930000000000000000e+02 1.345000000000000000e+03
9.660000000000000000e+02 1.559000000000000000e+03
9.470000000000000000e+02 1.567000000000000000e+03
9.550000000000000000e+02 1.556000000000000000e+03
8.820000000000000000e+02 1.320000000000000000e+03
9.060000000000000000e+02 1.543000000000000000e+03
8.770000000000000000e+02 1.539000000000000000e+03
8.420000000000000000e+02 1.540000000000000000e+03
8.510000000000000000e+02 1.678000000000000000e+03
8.520000000000000000e+02 1.642000000000000000e+03
8.500000000000000000e+02 1.605000000000000000e+03
8.460000000000000000e+02 1.568000000000000000e+03
8.420000000000000000e+02 1.540000000000000000e+03
9.050000000000000000e+02 1.543000000000000000e+03
9.150000000000000000e+02 1.559000000000000000e+03
9.250000000000000000e+02 1.578000000000000000e+03
9.340000000000000000e+02 1.600000000000000000e+03
9.650000000000000000e+02 1.455000000000000000e+03
1.231000000000000000e+03 1.306000000000000000e+03
9.280000000000000000e+02 1.548000000000000000e+03
9.370000000000000000e+02 1.557000000000000000e+03
8.550000000000000000e+02 1.367000000000000000e+03
9.200000000000000000e+02 1.361000000000000000e+03
8.610000000000000000e+02 1.358000000000000000e+03
9.650000000000000000e+02 1.213000000000000000e+03
1.026000000000000000e+03 1.244000000000000000e+03
9.460000000000000000e+02 1.312000000000000000e+03
1.124000000000000000e+03 8.310000000000000000e+02
1.101000000000000000e+03 8.830000000000000000e+02
1.076000000000000000e+03 9.630000000000000000e+02
9.490000000000000000e+02 1.619000000000000000e+03
9.020000000000000000e+02 9.670000000000000000e+02
9.160000000000000000e+02 8.590000000000000000e+02
9.330000000000000000e+02 7.730000000000000000e+02
1.082000000000000000e+03 1.127000000000000000e+03
1.170000000000000000e+03 1.170000000000000000e+03
9.300000000000000000e+02 1.099000000000000000e+03
1.137000000000000000e+03 1.074000000000000000e+03
8.980000000000000000e+02 1.159000000000000000e+03
9.090000000000000000e+02 1.296000000000000000e+03
1.206000000000000000e+03 1.199000000000000000e+03
1.143000000000000000e+03 1.196000000000000000e+03
1.095000000000000000e+03 1.208000000000000000e+03
1.023000000000000000e+03 1.197000000000000000e+03
9.710000000000000000e+02 1.177000000000000000e+03
9.320000000000000000e+02 1.157000000000000000e+03
8.450000000000000000e+02 1.104000000000000000e+03
1.198000000000000000e+03 1.284000000000000000e+03
1.165000000000000000e+03 1.072000000000000000e+03
8.190000000000000000e+02 1.343000000000000000e+03
9.230000000000000000e+02 1.228000000000000000e+03
1.234000000000000000e+03 1.131000000000000000e+03
9.030000000000000000e+02 1.135000000000000000e+03
9.480000000000000000e+02 1.316000000000000000e+03
1.116000000000000000e+03 1.097000000000000000e+03
9.120000000000000000e+02 1.270000000000000000e+03
1.219000000000000000e+03 1.402000000000000000e+03
9.320000000000000000e+02 1.085000000000000000e+03
8.760000000000000000e+02 1.245000000000000000e+03
1.114000000000000000e+03 1.611000000000000000e+03
1.115000000000000000e+03 1.658000000000000000e+03
1.230000000000000000e+03 1.296000000000000000e+03
1.155000000000000000e+03 1.550000000000000000e+03
1.211000000000000000e+03 1.049000000000000000e+03
9.610000000000000000e+02 1.767000000000000000e+03
8.150000000000000000e+02 1.353000000000000000e+03
9.580000000000000000e+02 1.261000000000000000e+03
1.203000000000000000e+03 1.128000000000000000e+03
1.048000000000000000e+03 1.105000000000000000e+03
1.017000000000000000e+03 1.102000000000000000e+03
9.560000000000000000e+02 1.578000000000000000e+03
1.187000000000000000e+03 1.366000000000000000e+03
8.860000000000000000e+02 1.831000000000000000e+03
1.014000000000000000e+03 1.763000000000000000e+03
1.063000000000000000e+03 1.719000000000000000e+03
9.870000000000000000e+02 1.095000000000000000e+03
9.590000000000000000e+02 1.089000000000000000e+03
9.410000000000000000e+02 1.087000000000000000e+03
1.189000000000000000e+03 1.063000000000000000e+03
9.670000000000000000e+02 1.065000000000000000e+03
9.990000000000000000e+02 1.060000000000000000e+03
1.030000000000000000e+03 1.062000000000000000e+03
1.061000000000000000e+03 1.070000000000000000e+03
1.080000000000000000e+03 1.080000000000000000e+03
1.225000000000000000e+03 1.037000000000000000e+03
1.070000000000000000e+03 1.103000000000000000e+03
9.310000000000000000e+02 1.427000000000000000e+03
9.040000000000000000e+02 1.329000000000000000e+03
8.560000000000000000e+02 1.409000000000000000e+03
1.069000000000000000e+03 1.671000000000000000e+03
1.019000000000000000e+03 1.720000000000000000e+03
8.860000000000000000e+02 1.801000000000000000e+03
1.155000000000000000e+03 1.592000000000000000e+03
9.430000000000000000e+02 1.076000000000000000e+03
8.700000000000000000e+02 1.169000000000000000e+03
9.570000000000000000e+02 1.803000000000000000e+03
1.216000000000000000e+03 1.385000000000000000e+03
8.760000000000000000e+02 1.539000000000000000e+03
8.850000000000000000e+02 1.562000000000000000e+03
8.930000000000000000e+02 1.592000000000000000e+03
8.990000000000000000e+02 1.626000000000000000e+03
9.070000000000000000e+02 1.652000000000000000e+03
9.390000000000000000e+02 1.546000000000000000e+03
9.490000000000000000e+02 1.543000000000000000e+03
9.590000000000000000e+02 1.537000000000000000e+03
9.920000000000000000e+02 1.494000000000000000e+03
1.134000000000000000e+03 1.387000000000000000e+03
8.710000000000000000e+02 1.129000000000000000e+03
8.990000000000000000e+02 1.061000000000000000e+03
9.260000000000000000e+02 1.065000000000000000e+03
9.280000000000000000e+02 1.548000000000000000e+03
1.139000000000000000e+03 1.490000000000000000e+03
8.620000000000000000e+02 1.062000000000000000e+03
9.300000000000000000e+02 1.684000000000000000e+03
8.420000000000000000e+02 1.146000000000000000e+03
8.990000000000000000e+02 1.235000000000000000e+03
8.640000000000000000e+02 1.713000000000000000e+03
1.021000000000000000e+03 1.596000000000000000e+03
9.760000000000000000e+02 1.352000000000000000e+03
9.810000000000000000e+02 1.645000000000000000e+03
1.055000000000000000e+03 1.348000000000000000e+03
1.005000000000000000e+03 1.397000000000000000e+03
1.084000000000000000e+03 1.419000000000000000e+03
8.780000000000000000e+02 1.759000000000000000e+03
9.250000000000000000e+02 1.259000000000000000e+03
1.056000000000000000e+03 1.625000000000000000e+03
1.006000000000000000e+03 1.677000000000000000e+03
1.048000000000000000e+03 1.539000000000000000e+03
1.175000000000000000e+03 1.437000000000000000e+03
1.095000000000000000e+03 1.541000000000000000e+03
1.194000000000000000e+03 1.470000000000000000e+03
1.031000000000000000e+03 1.457000000000000000e+03
8.960000000000000000e+02 1.197000000000000000e+03
8.950000000000000000e+02 1.314000000000000000e+03
9.220000000000000000e+02 1.327000000000000000e+03
8.770000000000000000e+02 1.286000000000000000e+03
9.290000000000000000e+02 1.037000000000000000e+03
9.930000000000000000e+02 1.021000000000000000e+03
1.049000000000000000e+03 1.019000000000000000e+03
1.094000000000000000e+03 1.029000000000000000e+03
1.124000000000000000e+03 1.047000000000000000e+03
1.140000000000000000e+03 1.108000000000000000e+03
1.236000000000000000e+03 1.211000000000000000e+03
1.109000000000000000e+03 1.156000000000000000e+03
1.070000000000000000e+03 1.163000000000000000e+03
1.020000000000000000e+03 1.158000000000000000e+03
9.740000000000000000e+02 1.145000000000000000e+03
9.390000000000000000e+02 1.131000000000000000e+03
9.130000000000000000e+02 1.118000000000000000e+03
1.235000000000000000e+03 1.218000000000000000e+03
9.210000000000000000e+02 1.339000000000000000e+03
8.700000000000000000e+02 1.206000000000000000e+03
8.640000000000000000e+02 1.316000000000000000e+03
8.410000000000000000e+02 1.337000000000000000e+03
8.640000000000000000e+02 1.323000000000000000e+03
9.080000000000000000e+02 1.353000000000000000e+03
8.320000000000000000e+02 1.340000000000000000e+03
8.280000000000000000e+02 1.350000000000000000e+03
9.180000000000000000e+02 1.087000000000000000e+03
8.940000000000000000e+02 1.097000000000000000e+03
8.800000000000000000e+02 1.105000000000000000e+03
1.092000000000000000e+03 1.087000000000000000e+03
1.118000000000000000e+03 1.074000000000000000e+03
6.010000000000000000e+02 1.068000000000000000e+03
6.410000000000000000e+02 1.066000000000000000e+03
5.990000000000000000e+02 1.033000000000000000e+03
5.610000000000000000e+02 1.069000000000000000e+03
6.020000000000000000e+02 1.102000000000000000e+03
1.028000000000000000e+03 1.075000000000000000e+03
1.066000000000000000e+03 1.078000000000000000e+03
1.029000000000000000e+03 1.042000000000000000e+03
9.900000000000000000e+02 1.073000000000000000e+03
1.027000000000000000e+03 1.109000000000000000e+03
0.000000000000000000e+00 0.000000000000000000e+00
1.749000000000000000e+03 0.000000000000000000e+00
1.749000000000000000e+03 2.187000000000000000e+03
0.000000000000000000e+00 2.187000000000000000e+03
8.700000000000000000e+01 0.000000000000000000e+00
8.700000000000000000e+01 2.187000000000000000e+03
0.000000000000000000e+00 1.090000000000000000e+02
1.749000000000000000e+03 1.090000000000000000e+02
1.750000000000000000e+02 0.000000000000000000e+00
1.750000000000000000e+02 2.187000000000000000e+03
0.000000000000000000e+00 2.180000000000000000e+02
1.749000000000000000e+03 2.180000000000000000e+02
2.620000000000000000e+02 0.000000000000000000e+00
2.620000000000000000e+02 2.187000000000000000e+03
0.000000000000000000e+00 3.280000000000000000e+02
1.749000000000000000e+03 3.280000000000000000e+02
3.500000000000000000e+02 0.000000000000000000e+00
3.500000000000000000e+02 2.187000000000000000e+03
0.000000000000000000e+00 4.370000000000000000e+02
1.749000000000000000e+03 4.370000000000000000e+02
4.370000000000000000e+02 0.000000000000000000e+00
4.370000000000000000e+02 2.187000000000000000e+03
0.000000000000000000e+00 5.470000000000000000e+02
1.749000000000000000e+03 5.470000000000000000e+02
5.250000000000000000e+02 0.000000000000000000e+00
5.250000000000000000e+02 2.187000000000000000e+03
0.000000000000000000e+00 6.560000000000000000e+02
1.749000000000000000e+03 6.560000000000000000e+02
6.120000000000000000e+02 0.000000000000000000e+00
6.120000000000000000e+02 2.187000000000000000e+03
0.000000000000000000e+00 7.650000000000000000e+02
1.749000000000000000e+03 7.650000000000000000e+02
7.000000000000000000e+02 0.000000000000000000e+00
7.000000000000000000e+02 2.187000000000000000e+03
0.000000000000000000e+00 8.750000000000000000e+02
1.749000000000000000e+03 8.750000000000000000e+02
7.870000000000000000e+02 0.000000000000000000e+00
7.870000000000000000e+02 2.187000000000000000e+03
0.000000000000000000e+00 9.840000000000000000e+02
1.749000000000000000e+03 9.840000000000000000e+02
8.750000000000000000e+02 0.000000000000000000e+00
8.750000000000000000e+02 2.187000000000000000e+03
0.000000000000000000e+00 1.094000000000000000e+03
1.749000000000000000e+03 1.094000000000000000e+03
9.620000000000000000e+02 0.000000000000000000e+00
9.620000000000000000e+02 2.187000000000000000e+03
0.000000000000000000e+00 1.203000000000000000e+03
1.749000000000000000e+03 1.203000000000000000e+03
1.050000000000000000e+03 0.000000000000000000e+00
1.050000000000000000e+03 2.187000000000000000e+03
0.000000000000000000e+00 1.312000000000000000e+03
1.749000000000000000e+03 1.312000000000000000e+03
1.137000000000000000e+03 0.000000000000000000e+00
1.137000000000000000e+03 2.187000000000000000e+03
0.000000000000000000e+00 1.422000000000000000e+03
1.749000000000000000e+03 1.422000000000000000e+03
1.225000000000000000e+03 0.000000000000000000e+00
1.225000000000000000e+03 2.187000000000000000e+03
0.000000000000000000e+00 1.531000000000000000e+03
1.749000000000000000e+03 1.531000000000000000e+03
1.312000000000000000e+03 0.000000000000000000e+00
1.312000000000000000e+03 2.187000000000000000e+03
0.000000000000000000e+00 1.641000000000000000e+03
1.749000000000000000e+03 1.641000000000000000e+03
1.400000000000000000e+03 0.000000000000000000e+00
1.400000000000000000e+03 2.187000000000000000e+03
0.000000000000000000e+00 1.750000000000000000e+03
1.749000000000000000e+03 1.750000000000000000e+03
1.487000000000000000e+03 0.000000000000000000e+00
1.487000000000000000e+03 2.187000000000000000e+03
0.000000000000000000e+00 1.859000000000000000e+03
1.749000000000000000e+03 1.859000000000000000e+03
1.575000000000000000e+03 0.000000000000000000e+00
1.575000000000000000e+03 2.187000000000000000e+03
0.000000000000000000e+00 1.969000000000000000e+03
1.749000000000000000e+03 1.969000000000000000e+03
1.662000000000000000e+03 0.000000000000000000e+00
1.662000000000000000e+03 2.187000000000000000e+03
0.000000000000000000e+00 2.078000000000000000e+03
1.749000000000000000e+03 2.078000000000000000e+03
