8.460000000000000000e+02 1.566000000000000000e+03
8.310000000000000000e+02 1.413000000000000000e+03
8.360000000000000000e+02 1.449000000000000000e+03
7.940000000000000000e+02 1.253000000000000000e+03
8.300000000000000000e+02 1.367000000000000000e+03
8.310000000000000000e+02 1.302000000000000000e+03
8.350000000000000000e+02 1.143000000000000000e+03
5.450000000000000000e+02 1.115000000000000000e+03
8.350000000000000000e+02 1.028000000000000000e+03
8.340000000000000000e+02 9.710000000000000000e+02
8.330000000000000000e+02 7.800000000000000000e+02
8.460000000000000000e+02 1.580000000000000000e+03
8.460000000000000000e+02 1.592000000000000000e+03
8.470000000000000000e+02 1.601000000000000000e+03
8.470000000000000000e+02 1.602000000000000000e+03
8.470000000000000000e+02 1.622000000000000000e+03
8.470000000000000000e+02 1.645000000000000000e+03
8.470000000000000000e+02 1.669000000000000000e+03
8.430000000000000000e+02 1.715000000000000000e+03
8.330000000000000000e+02 1.434000000000000000e+03
7.840000000000000000e+02 1.428000000000000000e+03
4.010000000000000000e+02 9.690000000000000000e+02
6.590000000000000000e+02 1.146000000000000000e+03
6.180000000000000000e+02 1.152000000000000000e+03
5.770000000000000000e+02 1.153000000000000000e+03
5.270000000000000000e+02 1.133000000000000000e+03
6.950000000000000000e+02 1.136000000000000000e+03
5.900000000000000000e+02 1.039000000000000000e+03
6.400000000000000000e+02 1.040000000000000000e+03
5.470000000000000000e+02 1.049000000000000000e+03
5.210000000000000000e+02 1.067000000000000000e+03
4.910000000000000000e+02 1.163000000000000000e+03
6.710000000000000000e+02 1.778000000000000000e+03
5.290000000000000000e+02 1.107000000000000000e+03
3.800000000000000000e+02 1.147000000000000000e+03
4.440000000000000000e+02 1.138000000000000000e+03
6.190000000000000000e+02 1.346000000000000000e+03
7.860000000000000000e+02 1.554000000000000000e+03
7.930000000000000000e+02 1.587000000000000000e+03
7.310000000000000000e+02 1.560000000000000000e+03
6.950000000000000000e+02 1.568000000000000000e+03
7.480000000000000000e+02 1.584000000000000000e+03
7.140000000000000000e+02 1.583000000000000000e+03
6.350000000000000000e+02 1.620000000000000000e+03
7.910000000000000000e+02 1.411000000000000000e+03
7.840000000000000000e+02 1.367000000000000000e+03
4.630000000000000000e+02 1.041000000000000000e+03
7.090000000000000000e+02 1.234000000000000000e+03
6.830000000000000000e+02 1.383000000000000000e+03
6.830000000000000000e+02 1.357000000000000000e+03
5.010000000000000000e+02 1.335000000000000000e+03
7.880000000000000000e+02 1.307000000000000000e+03
5.570000000000000000e+02 9.930000000000000000e+02
5.000000000000000000e+02 1.011000000000000000e+03
4.330000000000000000e+02 9.000000000000000000e+02
7.410000000000000000e+02 1.017000000000000000e+03
6.830000000000000000e+02 1.054000000000000000e+03
6.000000000000000000e+02 1.578000000000000000e+03
4.140000000000000000e+02 1.543000000000000000e+03
7.160000000000000000e+02 1.409000000000000000e+03
7.530000000000000000e+02 1.425000000000000000e+03
6.480000000000000000e+02 1.583000000000000000e+03
6.600000000000000000e+02 1.584000000000000000e+03
4.790000000000000000e+02 9.870000000000000000e+02
6.810000000000000000e+02 1.399000000000000000e+03
6.350000000000000000e+02 9.920000000000000000e+02
6.260000000000000000e+02 9.600000000000000000e+02
5.850000000000000000e+02 8.070000000000000000e+02
4.560000000000000000e+02 9.440000000000000000e+02
6.060000000000000000e+02 8.840000000000000000e+02
4.400000000000000000e+02 1.024000000000000000e+03
4.230000000000000000e+02 9.990000000000000000e+02
7.880000000000000000e+02 1.572000000000000000e+03
7.390000000000000000e+02 1.573000000000000000e+03
7.040000000000000000e+02 1.576000000000000000e+03
7.260000000000000000e+02 1.417000000000000000e+03
6.540000000000000000e+02 1.584000000000000000e+03
6.750000000000000000e+02 1.597000000000000000e+03
6.670000000000000000e+02 1.585000000000000000e+03
7.400000000000000000e+02 1.402000000000000000e+03
7.220000000000000000e+02 1.588000000000000000e+03
7.570000000000000000e+02 1.591000000000000000e+03
7.980000000000000000e+02 1.596000000000000000e+03
7.810000000000000000e+02 1.711000000000000000e+03
7.870000000000000000e+02 1.664000000000000000e+03
7.890000000000000000e+02 1.640000000000000000e+03
7.940000000000000000e+02 1.616000000000000000e+03
7.990000000000000000e+02 1.598000000000000000e+03
7.220000000000000000e+02 1.590000000000000000e+03
7.120000000000000000e+02 1.599000000000000000e+03
7.010000000000000000e+02 1.611000000000000000e+03
6.930000000000000000e+02 1.624000000000000000e+03
6.460000000000000000e+02 1.512000000000000000e+03
3.810000000000000000e+02 1.324000000000000000e+03
8.340000000000000000e+02 1.442000000000000000e+03
6.960000000000000000e+02 1.587000000000000000e+03
6.860000000000000000e+02 1.592000000000000000e+03
7.700000000000000000e+02 1.443000000000000000e+03
6.970000000000000000e+02 1.424000000000000000e+03
7.620000000000000000e+02 1.434000000000000000e+03
6.660000000000000000e+02 1.258000000000000000e+03
5.980000000000000000e+02 1.287000000000000000e+03
6.760000000000000000e+02 1.374000000000000000e+03
4.890000000000000000e+02 8.440000000000000000e+02
5.130000000000000000e+02 9.040000000000000000e+02
5.420000000000000000e+02 9.630000000000000000e+02
6.720000000000000000e+02 1.655000000000000000e+03
7.250000000000000000e+02 9.640000000000000000e+02
7.100000000000000000e+02 8.800000000000000000e+02
6.960000000000000000e+02 7.880000000000000000e+02
5.450000000000000000e+02 1.146000000000000000e+03
4.470000000000000000e+02 1.195000000000000000e+03
7.170000000000000000e+02 1.125000000000000000e+03
4.820000000000000000e+02 1.087000000000000000e+03
7.380000000000000000e+02 1.208000000000000000e+03
7.110000000000000000e+02 1.373000000000000000e+03
4.060000000000000000e+02 1.227000000000000000e+03
4.730000000000000000e+02 1.223000000000000000e+03
5.240000000000000000e+02 1.238000000000000000e+03
6.040000000000000000e+02 1.228000000000000000e+03
6.630000000000000000e+02 1.208000000000000000e+03
7.060000000000000000e+02 1.187000000000000000e+03
7.930000000000000000e+02 1.153000000000000000e+03
4.100000000000000000e+02 1.315000000000000000e+03
4.490000000000000000e+02 1.084000000000000000e+03
8.080000000000000000e+02 1.432000000000000000e+03
7.070000000000000000e+02 1.281000000000000000e+03
3.770000000000000000e+02 1.137000000000000000e+03
7.380000000000000000e+02 1.165000000000000000e+03
6.740000000000000000e+02 1.373000000000000000e+03
5.100000000000000000e+02 1.110000000000000000e+03
7.110000000000000000e+02 1.340000000000000000e+03
3.910000000000000000e+02 1.429000000000000000e+03
7.170000000000000000e+02 1.110000000000000000e+03
7.490000000000000000e+02 1.319000000000000000e+03
4.860000000000000000e+02 1.662000000000000000e+03
4.900000000000000000e+02 1.712000000000000000e+03
3.770000000000000000e+02 1.323000000000000000e+03
4.410000000000000000e+02 1.597000000000000000e+03
4.010000000000000000e+02 1.066000000000000000e+03
6.580000000000000000e+02 1.830000000000000000e+03
8.130000000000000000e+02 1.440000000000000000e+03
6.690000000000000000e+02 1.312000000000000000e+03
4.110000000000000000e+02 1.146000000000000000e+03
5.830000000000000000e+02 1.125000000000000000e+03
6.170000000000000000e+02 1.127000000000000000e+03
6.660000000000000000e+02 1.603000000000000000e+03
4.150000000000000000e+02 1.402000000000000000e+03
7.430000000000000000e+02 1.900000000000000000e+03
6.040000000000000000e+02 1.827000000000000000e+03
5.490000000000000000e+02 1.779000000000000000e+03
8.320000000000000000e+02 8.790000000000000000e+02
8.470000000000000000e+02 1.909000000000000000e+03
6.520000000000000000e+02 1.123000000000000000e+03
6.860000000000000000e+02 1.116000000000000000e+03
7.070000000000000000e+02 1.113000000000000000e+03
4.220000000000000000e+02 1.077000000000000000e+03
6.800000000000000000e+02 1.083000000000000000e+03
6.420000000000000000e+02 1.075000000000000000e+03
6.050000000000000000e+02 1.075000000000000000e+03
5.690000000000000000e+02 1.083000000000000000e+03
5.490000000000000000e+02 1.093000000000000000e+03
3.830000000000000000e+02 1.043000000000000000e+03
5.600000000000000000e+02 1.121000000000000000e+03
8.370000000000000000e+02 1.483000000000000000e+03
6.860000000000000000e+02 1.491000000000000000e+03
7.160000000000000000e+02 1.403000000000000000e+03
7.700000000000000000e+02 1.484000000000000000e+03
8.360000000000000000e+02 1.085000000000000000e+03
5.400000000000000000e+02 1.726000000000000000e+03
5.940000000000000000e+02 1.779000000000000000e+03
7.420000000000000000e+02 1.865000000000000000e+03
4.490000000000000000e+02 1.639000000000000000e+03
7.050000000000000000e+02 1.099000000000000000e+03
7.630000000000000000e+02 1.227000000000000000e+03
8.450000000000000000e+02 1.875000000000000000e+03
6.660000000000000000e+02 1.870000000000000000e+03
3.870000000000000000e+02 1.418000000000000000e+03
7.570000000000000000e+02 1.593000000000000000e+03
7.480000000000000000e+02 1.608000000000000000e+03
7.400000000000000000e+02 1.627000000000000000e+03
7.340000000000000000e+02 1.649000000000000000e+03
7.190000000000000000e+02 1.688000000000000000e+03
6.860000000000000000e+02 1.583000000000000000e+03
6.760000000000000000e+02 1.579000000000000000e+03
6.680000000000000000e+02 1.575000000000000000e+03
6.160000000000000000e+02 1.542000000000000000e+03
4.670000000000000000e+02 1.428000000000000000e+03
7.660000000000000000e+02 1.178000000000000000e+03
7.450000000000000000e+02 1.081000000000000000e+03
7.210000000000000000e+02 1.085000000000000000e+03
6.970000000000000000e+02 1.587000000000000000e+03
4.580000000000000000e+02 1.534000000000000000e+03
7.780000000000000000e+02 1.081000000000000000e+03
6.950000000000000000e+02 1.729000000000000000e+03
8.330000000000000000e+02 1.247000000000000000e+03
7.920000000000000000e+02 1.205000000000000000e+03
8.340000000000000000e+02 1.196000000000000000e+03
7.300000000000000000e+02 1.297000000000000000e+03
8.430000000000000000e+02 1.823000000000000000e+03
8.430000000000000000e+02 1.764000000000000000e+03
7.670000000000000000e+02 1.758000000000000000e+03
5.920000000000000000e+02 1.638000000000000000e+03
6.410000000000000000e+02 1.407000000000000000e+03
6.380000000000000000e+02 1.689000000000000000e+03
5.540000000000000000e+02 1.396000000000000000e+03
6.060000000000000000e+02 1.450000000000000000e+03
5.180000000000000000e+02 1.464000000000000000e+03
7.500000000000000000e+02 1.814000000000000000e+03
7.030000000000000000e+02 1.319000000000000000e+03
5.540000000000000000e+02 1.673000000000000000e+03
6.100000000000000000e+02 1.729000000000000000e+03
5.580000000000000000e+02 1.581000000000000000e+03
4.240000000000000000e+02 1.477000000000000000e+03
5.050000000000000000e+02 1.587000000000000000e+03
4.050000000000000000e+02 1.510000000000000000e+03
5.750000000000000000e+02 1.503000000000000000e+03
7.360000000000000000e+02 1.254000000000000000e+03
7.250000000000000000e+02 1.394000000000000000e+03
6.970000000000000000e+02 1.399000000000000000e+03
7.450000000000000000e+02 1.369000000000000000e+03
7.110000000000000000e+02 1.045000000000000000e+03
6.390000000000000000e+02 1.024000000000000000e+03
5.770000000000000000e+02 1.023000000000000000e+03
5.270000000000000000e+02 1.035000000000000000e+03
4.960000000000000000e+02 1.056000000000000000e+03
4.820000000000000000e+02 1.124000000000000000e+03
3.740000000000000000e+02 1.233000000000000000e+03
5.130000000000000000e+02 1.179000000000000000e+03
5.540000000000000000e+02 1.190000000000000000e+03
6.100000000000000000e+02 1.187000000000000000e+03
6.630000000000000000e+02 1.175000000000000000e+03
7.030000000000000000e+02 1.160000000000000000e+03
7.310000000000000000e+02 1.147000000000000000e+03
3.790000000000000000e+02 1.229000000000000000e+03
6.970000000000000000e+02 1.408000000000000000e+03
7.600000000000000000e+02 1.272000000000000000e+03
7.570000000000000000e+02 1.402000000000000000e+03
7.820000000000000000e+02 1.423000000000000000e+03
7.580000000000000000e+02 1.407000000000000000e+03
7.100000000000000000e+02 1.420000000000000000e+03
7.920000000000000000e+02 1.428000000000000000e+03
7.960000000000000000e+02 1.436000000000000000e+03
7.310000000000000000e+02 1.112000000000000000e+03
7.520000000000000000e+02 1.124000000000000000e+03
7.620000000000000000e+02 1.132000000000000000e+03
5.380000000000000000e+02 1.100000000000000000e+03
5.060000000000000000e+02 1.086000000000000000e+03
8.730000000000000000e+02 1.252000000000000000e+03
1.164000000000000000e+03 1.129000000000000000e+03
8.850000000000000000e+02 1.427000000000000000e+03
1.312000000000000000e+03 9.510000000000000000e+02
1.032000000000000000e+03 1.157000000000000000e+03
1.076000000000000000e+03 1.162000000000000000e+03
1.120000000000000000e+03 1.163000000000000000e+03
1.181000000000000000e+03 1.146000000000000000e+03
9.950000000000000000e+02 1.150000000000000000e+03
1.101000000000000000e+03 1.043000000000000000e+03
1.048000000000000000e+03 1.048000000000000000e+03
1.150000000000000000e+03 1.051000000000000000e+03
1.181000000000000000e+03 1.070000000000000000e+03
1.213000000000000000e+03 1.172000000000000000e+03
1.025000000000000000e+03 1.777000000000000000e+03
1.182000000000000000e+03 1.119000000000000000e+03
1.337000000000000000e+03 1.131000000000000000e+03
1.261000000000000000e+03 1.146000000000000000e+03
1.069000000000000000e+03 1.342000000000000000e+03
9.080000000000000000e+02 1.556000000000000000e+03
9.000000000000000000e+02 1.589000000000000000e+03
9.630000000000000000e+02 1.564000000000000000e+03
1.000000000000000000e+03 1.575000000000000000e+03
9.450000000000000000e+02 1.588000000000000000e+03
9.800000000000000000e+02 1.589000000000000000e+03
1.062000000000000000e+03 1.619000000000000000e+03
8.730000000000000000e+02 1.411000000000000000e+03
8.780000000000000000e+02 1.366000000000000000e+03
1.232000000000000000e+03 1.044000000000000000e+03
9.750000000000000000e+02 1.231000000000000000e+03
9.930000000000000000e+02 1.381000000000000000e+03
9.960000000000000000e+02 1.354000000000000000e+03
1.197000000000000000e+03 1.327000000000000000e+03
8.750000000000000000e+02 1.305000000000000000e+03
1.127000000000000000e+03 9.980000000000000000e+02
1.189000000000000000e+03 1.013000000000000000e+03
1.270000000000000000e+03 8.810000000000000000e+02
9.300000000000000000e+02 1.035000000000000000e+03
1.003000000000000000e+03 1.068000000000000000e+03
1.098000000000000000e+03 1.577000000000000000e+03
1.323000000000000000e+03 1.533000000000000000e+03
9.600000000000000000e+02 1.408000000000000000e+03
9.210000000000000000e+02 1.424000000000000000e+03
1.046000000000000000e+03 1.595000000000000000e+03
1.034000000000000000e+03 1.595000000000000000e+03
1.210000000000000000e+03 9.880000000000000000e+02
9.980000000000000000e+02 1.397000000000000000e+03
1.042000000000000000e+03 1.003000000000000000e+03
1.050000000000000000e+03 9.700000000000000000e+02
1.091000000000000000e+03 7.930000000000000000e+02
1.239000000000000000e+03 9.240000000000000000e+02
1.066000000000000000e+03 8.710000000000000000e+02
1.254000000000000000e+03 1.026000000000000000e+03
1.282000000000000000e+03 9.810000000000000000e+02
9.050000000000000000e+02 1.575000000000000000e+03
9.550000000000000000e+02 1.577000000000000000e+03
9.900000000000000000e+02 1.582000000000000000e+03
9.490000000000000000e+02 1.416000000000000000e+03
1.040000000000000000e+03 1.595000000000000000e+03
1.019000000000000000e+03 1.606000000000000000e+03
1.027000000000000000e+03 1.595000000000000000e+03
9.310000000000000000e+02 1.401000000000000000e+03
9.710000000000000000e+02 1.594000000000000000e+03
9.370000000000000000e+02 1.595000000000000000e+03
8.950000000000000000e+02 1.598000000000000000e+03
9.080000000000000000e+02 1.711000000000000000e+03
9.080000000000000000e+02 1.667000000000000000e+03
9.050000000000000000e+02 1.642000000000000000e+03
9.000000000000000000e+02 1.619000000000000000e+03
8.950000000000000000e+02 1.600000000000000000e+03
9.720000000000000000e+02 1.596000000000000000e+03
9.820000000000000000e+02 1.605000000000000000e+03
9.940000000000000000e+02 1.618000000000000000e+03
1.003000000000000000e+03 1.632000000000000000e+03
1.043000000000000000e+03 1.510000000000000000e+03
1.353000000000000000e+03 1.311000000000000000e+03
9.970000000000000000e+02 1.595000000000000000e+03
1.008000000000000000e+03 1.600000000000000000e+03
9.040000000000000000e+02 1.443000000000000000e+03
9.830000000000000000e+02 1.423000000000000000e+03
9.120000000000000000e+02 1.434000000000000000e+03
1.020000000000000000e+03 1.254000000000000000e+03
1.092000000000000000e+03 1.281000000000000000e+03
1.005000000000000000e+03 1.371000000000000000e+03
1.201000000000000000e+03 8.260000000000000000e+02
1.172000000000000000e+03 8.860000000000000000e+02
1.140000000000000000e+03 9.670000000000000000e+02
1.023000000000000000e+03 1.653000000000000000e+03
9.440000000000000000e+02 9.810000000000000000e+02
9.560000000000000000e+02 8.730000000000000000e+02
9.720000000000000000e+02 7.800000000000000000e+02
1.158000000000000000e+03 1.159000000000000000e+03
1.260000000000000000e+03 1.203000000000000000e+03
9.710000000000000000e+02 1.143000000000000000e+03
1.219000000000000000e+03 1.094000000000000000e+03
9.430000000000000000e+02 1.204000000000000000e+03
9.600000000000000000e+02 1.371000000000000000e+03
1.302000000000000000e+03 1.215000000000000000e+03
1.230000000000000000e+03 1.228000000000000000e+03
1.172000000000000000e+03 1.241000000000000000e+03
1.085000000000000000e+03 1.234000000000000000e+03
1.022000000000000000e+03 1.218000000000000000e+03
9.750000000000000000e+02 1.200000000000000000e+03
8.790000000000000000e+02 1.151000000000000000e+03
1.300000000000000000e+03 1.305000000000000000e+03
1.249000000000000000e+03 1.090000000000000000e+03
8.590000000000000000e+02 1.432000000000000000e+03
9.750000000000000000e+02 1.278000000000000000e+03
1.349000000000000000e+03 1.121000000000000000e+03
9.400000000000000000e+02 1.179000000000000000e+03
1.010000000000000000e+03 1.370000000000000000e+03
1.199000000000000000e+03 1.123000000000000000e+03
9.630000000000000000e+02 1.338000000000000000e+03
1.345000000000000000e+03 1.418000000000000000e+03
9.710000000000000000e+02 1.129000000000000000e+03
9.190000000000000000e+02 1.317000000000000000e+03
1.231000000000000000e+03 1.657000000000000000e+03
1.235000000000000000e+03 1.706000000000000000e+03
1.344000000000000000e+03 1.311000000000000000e+03
1.282000000000000000e+03 1.590000000000000000e+03
1.309000000000000000e+03 1.049000000000000000e+03
1.040000000000000000e+03 1.828000000000000000e+03
8.550000000000000000e+02 1.439000000000000000e+03
1.017000000000000000e+03 1.309000000000000000e+03
1.298000000000000000e+03 1.156000000000000000e+03
1.119000000000000000e+03 1.137000000000000000e+03
1.080000000000000000e+03 1.135000000000000000e+03
1.029000000000000000e+03 1.613000000000000000e+03
1.298000000000000000e+03 1.393000000000000000e+03
9.530000000000000000e+02 1.899000000000000000e+03
1.105000000000000000e+03 1.823000000000000000e+03
1.168000000000000000e+03 1.774000000000000000e+03
1.042000000000000000e+03 1.132000000000000000e+03
1.007000000000000000e+03 1.130000000000000000e+03
9.830000000000000000e+02 1.130000000000000000e+03
1.277000000000000000e+03 1.082000000000000000e+03
1.015000000000000000e+03 1.096000000000000000e+03
1.054000000000000000e+03 1.081000000000000000e+03
1.094000000000000000e+03 1.077000000000000000e+03
1.134000000000000000e+03 1.084000000000000000e+03
1.159000000000000000e+03 1.097000000000000000e+03
1.336000000000000000e+03 1.025000000000000000e+03
1.145000000000000000e+03 1.134000000000000000e+03
9.990000000000000000e+02 1.489000000000000000e+03
9.580000000000000000e+02 1.402000000000000000e+03
9.080000000000000000e+02 1.483000000000000000e+03
1.172000000000000000e+03 1.722000000000000000e+03
1.110000000000000000e+03 1.775000000000000000e+03
9.520000000000000000e+02 1.864000000000000000e+03
1.283000000000000000e+03 1.630000000000000000e+03
9.850000000000000000e+02 1.116000000000000000e+03
9.110000000000000000e+02 1.225000000000000000e+03
1.035000000000000000e+03 1.867000000000000000e+03
1.337000000000000000e+03 1.408000000000000000e+03
9.370000000000000000e+02 1.597000000000000000e+03
9.460000000000000000e+02 1.612000000000000000e+03
9.550000000000000000e+02 1.632000000000000000e+03
9.620000000000000000e+02 1.654000000000000000e+03
9.730000000000000000e+02 1.686000000000000000e+03
1.008000000000000000e+03 1.592000000000000000e+03
1.018000000000000000e+03 1.588000000000000000e+03
1.027000000000000000e+03 1.584000000000000000e+03
1.078000000000000000e+03 1.540000000000000000e+03
1.238000000000000000e+03 1.420000000000000000e+03
9.110000000000000000e+02 1.175000000000000000e+03
9.360000000000000000e+02 1.099000000000000000e+03
9.650000000000000000e+02 1.103000000000000000e+03
9.970000000000000000e+02 1.595000000000000000e+03
1.256000000000000000e+03 1.527000000000000000e+03
8.930000000000000000e+02 1.098000000000000000e+03
1.000000000000000000e+03 1.728000000000000000e+03
8.770000000000000000e+02 1.204000000000000000e+03
9.470000000000000000e+02 1.295000000000000000e+03
9.230000000000000000e+02 1.757000000000000000e+03
1.109000000000000000e+03 1.635000000000000000e+03
1.046000000000000000e+03 1.404000000000000000e+03
1.061000000000000000e+03 1.687000000000000000e+03
1.140000000000000000e+03 1.391000000000000000e+03
1.086000000000000000e+03 1.446000000000000000e+03
1.183000000000000000e+03 1.459000000000000000e+03
9.410000000000000000e+02 1.814000000000000000e+03
9.780000000000000000e+02 1.316000000000000000e+03
1.153000000000000000e+03 1.670000000000000000e+03
1.091000000000000000e+03 1.726000000000000000e+03
1.144000000000000000e+03 1.578000000000000000e+03
1.294000000000000000e+03 1.469000000000000000e+03
1.203000000000000000e+03 1.582000000000000000e+03
1.320000000000000000e+03 1.501000000000000000e+03
1.123000000000000000e+03 1.500000000000000000e+03
9.430000000000000000e+02 1.251000000000000000e+03
9.450000000000000000e+02 1.393000000000000000e+03
9.790000000000000000e+02 1.398000000000000000e+03
9.210000000000000000e+02 1.368000000000000000e+03
9.710000000000000000e+02 1.062000000000000000e+03
1.045000000000000000e+03 1.034000000000000000e+03
1.112000000000000000e+03 1.027000000000000000e+03
1.165000000000000000e+03 1.037000000000000000e+03
1.202000000000000000e+03 1.059000000000000000e+03
1.225000000000000000e+03 1.135000000000000000e+03
1.345000000000000000e+03 1.219000000000000000e+03
1.189000000000000000e+03 1.188000000000000000e+03
1.141000000000000000e+03 1.197000000000000000e+03
1.081000000000000000e+03 1.195000000000000000e+03
1.025000000000000000e+03 1.185000000000000000e+03
9.820000000000000000e+02 1.174000000000000000e+03
9.520000000000000000e+02 1.162000000000000000e+03
1.352000000000000000e+03 1.214000000000000000e+03
9.800000000000000000e+02 1.407000000000000000e+03
9.110000000000000000e+02 1.270000000000000000e+03
9.090000000000000000e+02 1.401000000000000000e+03
8.860000000000000000e+02 1.423000000000000000e+03
9.110000000000000000e+02 1.407000000000000000e+03
9.680000000000000000e+02 1.419000000000000000e+03
8.750000000000000000e+02 1.428000000000000000e+03
8.720000000000000000e+02 1.435000000000000000e+03
9.550000000000000000e+02 1.131000000000000000e+03
9.290000000000000000e+02 1.141000000000000000e+03
9.130000000000000000e+02 1.147000000000000000e+03
1.173000000000000000e+03 1.109000000000000000e+03
1.199000000000000000e+03 1.094000000000000000e+03
6.150000000000000000e+02 1.092000000000000000e+03
6.610000000000000000e+02 1.090000000000000000e+03
6.120000000000000000e+02 1.054000000000000000e+03
5.690000000000000000e+02 1.095000000000000000e+03
6.170000000000000000e+02 1.130000000000000000e+03
1.093000000000000000e+03 1.101000000000000000e+03
1.139000000000000000e+03 1.101000000000000000e+03
1.092000000000000000e+03 1.065000000000000000e+03
1.047000000000000000e+03 1.102000000000000000e+03
1.094000000000000000e+03 1.138000000000000000e+03
0.000000000000000000e+00 0.000000000000000000e+00
1.749000000000000000e+03 0.000000000000000000e+00
1.749000000000000000e+03 2.187000000000000000e+03
0.000000000000000000e+00 2.187000000000000000e+03
8.700000000000000000e+01 0.000000000000000000e+00
8.700000000000000000e+01 2.187000000000000000e+03
0.000000000000000000e+00 1.090000000000000000e+02
1.749000000000000000e+03 1.090000000000000000e+02
1.750000000000000000e+02 0.000000000000000000e+00
1.750000000000000000e+02 2.187000000000000000e+03
0.000000000000000000e+00 2.180000000000000000e+02
1.749000000000000000e+03 2.180000000000000000e+02
2.620000000000000000e+02 0.000000000000000000e+00
2.620000000000000000e+02 2.187000000000000000e+03
0.000000000000000000e+00 3.280000000000000000e+02
1.749000000000000000e+03 3.280000000000000000e+02
3.500000000000000000e+02 0.000000000000000000e+00
3.500000000000000000e+02 2.187000000000000000e+03
0.000000000000000000e+00 4.370000000000000000e+02
1.749000000000000000e+03 4.370000000000000000e+02
4.370000000000000000e+02 0.000000000000000000e+00
4.370000000000000000e+02 2.187000000000000000e+03
0.000000000000000000e+00 5.470000000000000000e+02
1.749000000000000000e+03 5.470000000000000000e+02
5.250000000000000000e+02 0.000000000000000000e+00
5.250000000000000000e+02 2.187000000000000000e+03
0.000000000000000000e+00 6.560000000000000000e+02
1.749000000000000000e+03 6.560000000000000000e+02
6.120000000000000000e+02 0.000000000000000000e+00
6.120000000000000000e+02 2.187000000000000000e+03
0.000000000000000000e+00 7.650000000000000000e+02
1.749000000000000000e+03 7.650000000000000000e+02
7.000000000000000000e+02 0.000000000000000000e+00
7.000000000000000000e+02 2.187000000000000000e+03
0.000000000000000000e+00 8.750000000000000000e+02
1.749000000000000000e+03 8.750000000000000000e+02
7.870000000000000000e+02 0.000000000000000000e+00
7.870000000000000000e+02 2.187000000000000000e+03
0.000000000000000000e+00 9.840000000000000000e+02
1.749000000000000000e+03 9.840000000000000000e+02
8.750000000000000000e+02 0.000000000000000000e+00
8.750000000000000000e+02 2.187000000000000000e+03
0.000000000000000000e+00 1.094000000000000000e+03
1.749000000000000000e+03 1.094000000000000000e+03
9.620000000000000000e+02 0.000000000000000000e+00
9.620000000000000000e+02 2.187000000000000000e+03
0.000000000000000000e+00 1.203000000000000000e+03
1.749000000000000000e+03 1.203000000000000000e+03
1.050000000000000000e+03 0.000000000000000000e+00
1.050000000000000000e+03 2.187000000000000000e+03
0.000000000000000000e+00 1.312000000000000000e+03
1.749000000000000000e+03 1.312000000000000000e+03
1.137000000000000000e+03 0.000000000000000000e+00
1.137000000000000000e+03 2.187000000000000000e+03
0.000000000000000000e+00 1.422000000000000000e+03
1.749000000000000000e+03 1.422000000000000000e+03
1.225000000000000000e+03 0.000000000000000000e+00
1.225000000000000000e+03 2.187000000000000000e+03
0.000000000000000000e+00 1.531000000000000000e+03
1.749000000000000000e+03 1.531000000000000000e+03
1.312000000000000000e+03 0.000000000000000000e+00
1.312000000000000000e+03 2.187000000000000000e+03
0.000000000000000000e+00 1.641000000000000000e+03
1.749000000000000000e+03 1.641000000000000000e+03
1.400000000000000000e+03 0.000000000000000000e+00
1.400000000000000000e+03 2.187000000000000000e+03
0.000000000000000000e+00 1.750000000000000000e+03
1.749000000000000000e+03 1.750000000000000000e+03
1.487000000000000000e+03 0.000000000000000000e+00
1.487000000000000000e+03 2.187000000000000000e+03
0.000000000000000000e+00 1.859000000000000000e+03
1.749000000000000000e+03 1.859000000000000000e+03
1.575000000000000000e+03 0.000000000000000000e+00
1.575000000000000000e+03 2.187000000000000000e+03
0.000000000000000000e+00 1.969000000000000000e+03
1.749000000000000000e+03 1.969000000000000000e+03
1.662000000000000000e+03 0.000000000000000000e+00
1.662000000000000000e+03 2.187000000000000000e+03
0.000000000000000000e+00 2.078000000000000000e+03
1.749000000000000000e+03 2.078000000000000000e+03
