9.010000000000000000e+02 1.434000000000000000e+03
8.920000000000000000e+02 1.317000000000000000e+03
8.930000000000000000e+02 1.344000000000000000e+03
8.580000000000000000e+02 1.188000000000000000e+03
8.910000000000000000e+02 1.279000000000000000e+03
8.880000000000000000e+02 1.227000000000000000e+03
8.810000000000000000e+02 1.095000000000000000e+03
6.500000000000000000e+02 1.087000000000000000e+03
8.760000000000000000e+02 9.960000000000000000e+02
8.740000000000000000e+02 9.460000000000000000e+02
8.660000000000000000e+02 7.540000000000000000e+02
9.020000000000000000e+02 1.448000000000000000e+03
9.020000000000000000e+02 1.461000000000000000e+03
9.020000000000000000e+02 1.469000000000000000e+03
9.010000000000000000e+02 1.471000000000000000e+03
9.030000000000000000e+02 1.491000000000000000e+03
9.040000000000000000e+02 1.514000000000000000e+03
9.050000000000000000e+02 1.538000000000000000e+03
9.060000000000000000e+02 1.573000000000000000e+03
8.930000000000000000e+02 1.333000000000000000e+03
8.600000000000000000e+02 1.330000000000000000e+03
5.070000000000000000e+02 9.260000000000000000e+02
7.440000000000000000e+02 1.111000000000000000e+03
7.100000000000000000e+02 1.117000000000000000e+03
6.790000000000000000e+02 1.118000000000000000e+03
6.370000000000000000e+02 1.099000000000000000e+03
7.720000000000000000e+02 1.099000000000000000e+03
6.870000000000000000e+02 1.006000000000000000e+03
7.260000000000000000e+02 1.007000000000000000e+03
6.530000000000000000e+02 1.016000000000000000e+03
6.310000000000000000e+02 1.033000000000000000e+03
6.080000000000000000e+02 1.120000000000000000e+03
7.890000000000000000e+02 1.613000000000000000e+03
6.380000000000000000e+02 1.077000000000000000e+03
5.060000000000000000e+02 1.088000000000000000e+03
5.680000000000000000e+02 1.091000000000000000e+03
7.250000000000000000e+02 1.271000000000000000e+03
8.580000000000000000e+02 1.428000000000000000e+03
8.630000000000000000e+02 1.461000000000000000e+03
8.170000000000000000e+02 1.440000000000000000e+03
7.880000000000000000e+02 1.453000000000000000e+03
8.300000000000000000e+02 1.463000000000000000e+03
8.030000000000000000e+02 1.467000000000000000e+03
7.560000000000000000e+02 1.500000000000000000e+03
8.650000000000000000e+02 1.317000000000000000e+03
8.590000000000000000e+02 1.280000000000000000e+03
5.810000000000000000e+02 9.990000000000000000e+02
7.870000000000000000e+02 1.175000000000000000e+03
7.910000000000000000e+02 1.299000000000000000e+03
7.880000000000000000e+02 1.278000000000000000e+03
6.270000000000000000e+02 1.266000000000000000e+03
8.580000000000000000e+02 1.231000000000000000e+03
6.570000000000000000e+02 9.600000000000000000e+02
6.110000000000000000e+02 9.730000000000000000e+02
5.360000000000000000e+02 8.640000000000000000e+02
8.070000000000000000e+02 9.950000000000000000e+02
7.610000000000000000e+02 1.021000000000000000e+03
7.310000000000000000e+02 1.464000000000000000e+03
5.780000000000000000e+02 1.417000000000000000e+03
8.150000000000000000e+02 1.320000000000000000e+03
8.400000000000000000e+02 1.329000000000000000e+03
7.520000000000000000e+02 1.474000000000000000e+03
7.600000000000000000e+02 1.474000000000000000e+03
5.920000000000000000e+02 9.470000000000000000e+02
7.900000000000000000e+02 1.313000000000000000e+03
7.210000000000000000e+02 9.660000000000000000e+02
7.150000000000000000e+02 9.350000000000000000e+02
6.690000000000000000e+02 7.790000000000000000e+02
5.630000000000000000e+02 9.060000000000000000e+02
6.940000000000000000e+02 8.560000000000000000e+02
5.610000000000000000e+02 9.790000000000000000e+02
5.310000000000000000e+02 9.560000000000000000e+02
8.600000000000000000e+02 1.447000000000000000e+03
8.230000000000000000e+02 1.453000000000000000e+03
7.950000000000000000e+02 1.460000000000000000e+03
8.230000000000000000e+02 1.325000000000000000e+03
7.560000000000000000e+02 1.474000000000000000e+03
7.740000000000000000e+02 1.484000000000000000e+03
7.640000000000000000e+02 1.474000000000000000e+03
8.290000000000000000e+02 1.312000000000000000e+03
8.090000000000000000e+02 1.472000000000000000e+03
8.350000000000000000e+02 1.470000000000000000e+03
8.660000000000000000e+02 1.470000000000000000e+03
8.610000000000000000e+02 1.572000000000000000e+03
8.610000000000000000e+02 1.538000000000000000e+03
8.620000000000000000e+02 1.513000000000000000e+03
8.640000000000000000e+02 1.490000000000000000e+03
8.670000000000000000e+02 1.472000000000000000e+03
8.090000000000000000e+02 1.473000000000000000e+03
8.020000000000000000e+02 1.482000000000000000e+03
7.940000000000000000e+02 1.495000000000000000e+03
7.890000000000000000e+02 1.509000000000000000e+03
7.620000000000000000e+02 1.405000000000000000e+03
5.210000000000000000e+02 1.237000000000000000e+03
8.930000000000000000e+02 1.339000000000000000e+03
7.880000000000000000e+02 1.474000000000000000e+03
7.810000000000000000e+02 1.479000000000000000e+03
8.510000000000000000e+02 1.343000000000000000e+03
8.020000000000000000e+02 1.332000000000000000e+03
8.460000000000000000e+02 1.336000000000000000e+03
7.530000000000000000e+02 1.196000000000000000e+03
6.990000000000000000e+02 1.223000000000000000e+03
7.830000000000000000e+02 1.292000000000000000e+03
5.870000000000000000e+02 8.130000000000000000e+02
6.140000000000000000e+02 8.710000000000000000e+02
6.450000000000000000e+02 9.290000000000000000e+02
7.830000000000000000e+02 1.528000000000000000e+03
7.950000000000000000e+02 9.470000000000000000e+02
7.760000000000000000e+02 8.510000000000000000e+02
7.590000000000000000e+02 7.610000000000000000e+02
6.520000000000000000e+02 1.112000000000000000e+03
5.740000000000000000e+02 1.144000000000000000e+03
7.910000000000000000e+02 1.089000000000000000e+03
6.000000000000000000e+02 1.048000000000000000e+03
8.080000000000000000e+02 1.151000000000000000e+03
8.080000000000000000e+02 1.289000000000000000e+03
5.390000000000000000e+02 1.166000000000000000e+03
5.980000000000000000e+02 1.173000000000000000e+03
6.410000000000000000e+02 1.187000000000000000e+03
7.030000000000000000e+02 1.179000000000000000e+03
7.490000000000000000e+02 1.161000000000000000e+03
7.830000000000000000e+02 1.143000000000000000e+03
8.500000000000000000e+02 1.104000000000000000e+03
5.530000000000000000e+02 1.244000000000000000e+03
5.720000000000000000e+02 1.041000000000000000e+03
8.760000000000000000e+02 1.332000000000000000e+03
7.930000000000000000e+02 1.215000000000000000e+03
4.950000000000000000e+02 1.076000000000000000e+03
8.080000000000000000e+02 1.123000000000000000e+03
7.800000000000000000e+02 1.292000000000000000e+03
6.230000000000000000e+02 1.077000000000000000e+03
8.060000000000000000e+02 1.262000000000000000e+03
5.440000000000000000e+02 1.325000000000000000e+03
7.900000000000000000e+02 1.075000000000000000e+03
8.310000000000000000e+02 1.243000000000000000e+03
6.540000000000000000e+02 1.519000000000000000e+03
6.590000000000000000e+02 1.552000000000000000e+03
5.250000000000000000e+02 1.242000000000000000e+03
6.130000000000000000e+02 1.467000000000000000e+03
5.160000000000000000e+02 1.016000000000000000e+03
7.860000000000000000e+02 1.644000000000000000e+03
8.790000000000000000e+02 1.338000000000000000e+03
7.640000000000000000e+02 1.241000000000000000e+03
5.390000000000000000e+02 1.094000000000000000e+03
6.820000000000000000e+02 1.098000000000000000e+03
7.100000000000000000e+02 1.097000000000000000e+03
7.670000000000000000e+02 1.491000000000000000e+03
5.690000000000000000e+02 1.316000000000000000e+03
8.470000000000000000e+02 1.689000000000000000e+03
7.500000000000000000e+02 1.637000000000000000e+03
7.080000000000000000e+02 1.602000000000000000e+03
8.690000000000000000e+02 8.490000000000000000e+02
9.140000000000000000e+02 1.694000000000000000e+03
7.380000000000000000e+02 1.091000000000000000e+03
7.650000000000000000e+02 1.083000000000000000e+03
7.830000000000000000e+02 1.078000000000000000e+03
5.470000000000000000e+02 1.029000000000000000e+03
7.560000000000000000e+02 1.049000000000000000e+03
7.250000000000000000e+02 1.040000000000000000e+03
6.960000000000000000e+02 1.041000000000000000e+03
6.690000000000000000e+02 1.050000000000000000e+03
6.530000000000000000e+02 1.062000000000000000e+03
4.940000000000000000e+02 9.930000000000000000e+02
6.630000000000000000e+02 1.093000000000000000e+03
8.940000000000000000e+02 1.372000000000000000e+03
7.920000000000000000e+02 1.385000000000000000e+03
8.150000000000000000e+02 1.315000000000000000e+03
8.500000000000000000e+02 1.375000000000000000e+03
8.780000000000000000e+02 1.043000000000000000e+03
6.980000000000000000e+02 1.568000000000000000e+03
7.410000000000000000e+02 1.606000000000000000e+03
8.430000000000000000e+02 1.671000000000000000e+03
6.180000000000000000e+02 1.494000000000000000e+03
7.790000000000000000e+02 1.065000000000000000e+03
8.320000000000000000e+02 1.167000000000000000e+03
9.120000000000000000e+02 1.676000000000000000e+03
7.940000000000000000e+02 1.668000000000000000e+03
5.460000000000000000e+02 1.322000000000000000e+03
8.360000000000000000e+02 1.472000000000000000e+03
8.300000000000000000e+02 1.487000000000000000e+03
8.250000000000000000e+02 1.506000000000000000e+03
8.220000000000000000e+02 1.528000000000000000e+03
8.170000000000000000e+02 1.554000000000000000e+03
7.800000000000000000e+02 1.471000000000000000e+03
7.730000000000000000e+02 1.467000000000000000e+03
7.670000000000000000e+02 1.464000000000000000e+03
7.410000000000000000e+02 1.432000000000000000e+03
6.120000000000000000e+02 1.341000000000000000e+03
8.290000000000000000e+02 1.125000000000000000e+03
8.110000000000000000e+02 1.049000000000000000e+03
7.920000000000000000e+02 1.051000000000000000e+03
7.880000000000000000e+02 1.473000000000000000e+03
6.200000000000000000e+02 1.423000000000000000e+03
8.380000000000000000e+02 1.050000000000000000e+03
8.020000000000000000e+02 1.581000000000000000e+03
8.860000000000000000e+02 1.182000000000000000e+03
8.540000000000000000e+02 1.149000000000000000e+03
8.840000000000000000e+02 1.140000000000000000e+03
8.130000000000000000e+02 1.227000000000000000e+03
9.100000000000000000e+02 1.645000000000000000e+03
9.080000000000000000e+02 1.606000000000000000e+03
8.530000000000000000e+02 1.604000000000000000e+03
7.270000000000000000e+02 1.511000000000000000e+03
7.520000000000000000e+02 1.321000000000000000e+03
7.610000000000000000e+02 1.551000000000000000e+03
6.770000000000000000e+02 1.316000000000000000e+03
7.250000000000000000e+02 1.358000000000000000e+03
6.570000000000000000e+02 1.372000000000000000e+03
8.450000000000000000e+02 1.641000000000000000e+03
7.950000000000000000e+02 1.246000000000000000e+03
7.030000000000000000e+02 1.534000000000000000e+03
7.460000000000000000e+02 1.575000000000000000e+03
6.990000000000000000e+02 1.466000000000000000e+03
5.850000000000000000e+02 1.376000000000000000e+03
6.620000000000000000e+02 1.467000000000000000e+03
5.730000000000000000e+02 1.396000000000000000e+03
7.050000000000000000e+02 1.403000000000000000e+03
8.130000000000000000e+02 1.190000000000000000e+03
8.190000000000000000e+02 1.306000000000000000e+03
8.010000000000000000e+02 1.312000000000000000e+03
8.310000000000000000e+02 1.284000000000000000e+03
7.820000000000000000e+02 1.016000000000000000e+03
7.250000000000000000e+02 9.930000000000000000e+02
6.760000000000000000e+02 9.910000000000000000e+02
6.370000000000000000e+02 1.001000000000000000e+03
6.110000000000000000e+02 1.020000000000000000e+03
5.990000000000000000e+02 1.084000000000000000e+03
5.110000000000000000e+02 1.165000000000000000e+03
6.270000000000000000e+02 1.137000000000000000e+03
6.610000000000000000e+02 1.147000000000000000e+03
7.060000000000000000e+02 1.145000000000000000e+03
7.470000000000000000e+02 1.133000000000000000e+03
7.790000000000000000e+02 1.119000000000000000e+03
8.010000000000000000e+02 1.106000000000000000e+03
5.060000000000000000e+02 1.155000000000000000e+03
8.020000000000000000e+02 1.320000000000000000e+03
8.340000000000000000e+02 1.204000000000000000e+03
8.410000000000000000e+02 1.311000000000000000e+03
8.580000000000000000e+02 1.326000000000000000e+03
8.410000000000000000e+02 1.315000000000000000e+03
8.110000000000000000e+02 1.329000000000000000e+03
8.650000000000000000e+02 1.330000000000000000e+03
8.680000000000000000e+02 1.335000000000000000e+03
8.010000000000000000e+02 1.077000000000000000e+03
8.170000000000000000e+02 1.086000000000000000e+03
8.270000000000000000e+02 1.095000000000000000e+03
6.440000000000000000e+02 1.070000000000000000e+03
6.190000000000000000e+02 1.052000000000000000e+03
9.140000000000000000e+02 1.185000000000000000e+03
1.106000000000000000e+03 1.069000000000000000e+03
9.250000000000000000e+02 1.327000000000000000e+03
1.231000000000000000e+03 8.930000000000000000e+02
1.016000000000000000e+03 1.102000000000000000e+03
1.049000000000000000e+03 1.103000000000000000e+03
1.081000000000000000e+03 1.101000000000000000e+03
1.122000000000000000e+03 1.081000000000000000e+03
9.870000000000000000e+02 1.095000000000000000e+03
1.060000000000000000e+03 9.940000000000000000e+02
1.022000000000000000e+03 1.000000000000000000e+03
1.095000000000000000e+03 1.001000000000000000e+03
1.118000000000000000e+03 1.016000000000000000e+03
1.151000000000000000e+03 1.100000000000000000e+03
1.025000000000000000e+03 1.603000000000000000e+03
1.118000000000000000e+03 1.059000000000000000e+03
1.249000000000000000e+03 1.055000000000000000e+03
1.189000000000000000e+03 1.072000000000000000e+03
1.053000000000000000e+03 1.256000000000000000e+03
9.420000000000000000e+02 1.423000000000000000e+03
9.380000000000000000e+02 1.457000000000000000e+03
9.820000000000000000e+02 1.429000000000000000e+03
1.008000000000000000e+03 1.438000000000000000e+03
9.700000000000000000e+02 1.454000000000000000e+03
9.940000000000000000e+02 1.454000000000000000e+03
1.046000000000000000e+03 1.486000000000000000e+03
9.190000000000000000e+02 1.314000000000000000e+03
9.220000000000000000e+02 1.277000000000000000e+03
1.163000000000000000e+03 9.860000000000000000e+02
9.820000000000000000e+02 1.166000000000000000e+03
9.910000000000000000e+02 1.290000000000000000e+03
9.920000000000000000e+02 1.268000000000000000e+03
1.149000000000000000e+03 1.242000000000000000e+03
9.180000000000000000e+02 1.228000000000000000e+03
1.082000000000000000e+03 9.510000000000000000e+02
1.129000000000000000e+03 9.610000000000000000e+02
1.198000000000000000e+03 8.340000000000000000e+02
9.400000000000000000e+02 9.930000000000000000e+02
9.900000000000000000e+02 1.018000000000000000e+03
1.066000000000000000e+03 1.447000000000000000e+03
1.209000000000000000e+03 1.391000000000000000e+03
9.680000000000000000e+02 1.312000000000000000e+03
9.440000000000000000e+02 1.325000000000000000e+03
1.041000000000000000e+03 1.453000000000000000e+03
1.033000000000000000e+03 1.454000000000000000e+03
1.146000000000000000e+03 9.360000000000000000e+02
9.920000000000000000e+02 1.303000000000000000e+03
1.020000000000000000e+03 9.590000000000000000e+02
1.024000000000000000e+03 9.280000000000000000e+02
1.063000000000000000e+03 7.620000000000000000e+02
1.176000000000000000e+03 8.800000000000000000e+02
1.044000000000000000e+03 8.410000000000000000e+02
1.183000000000000000e+03 9.660000000000000000e+02
1.211000000000000000e+03 9.260000000000000000e+02
9.410000000000000000e+02 1.442000000000000000e+03
9.760000000000000000e+02 1.443000000000000000e+03
1.001000000000000000e+03 1.446000000000000000e+03
9.610000000000000000e+02 1.318000000000000000e+03
1.037000000000000000e+03 1.453000000000000000e+03
1.022000000000000000e+03 1.466000000000000000e+03
1.028000000000000000e+03 1.455000000000000000e+03
9.540000000000000000e+02 1.306000000000000000e+03
9.880000000000000000e+02 1.459000000000000000e+03
9.640000000000000000e+02 1.461000000000000000e+03
9.350000000000000000e+02 1.465000000000000000e+03
9.500000000000000000e+02 1.568000000000000000e+03
9.470000000000000000e+02 1.532000000000000000e+03
9.440000000000000000e+02 1.508000000000000000e+03
9.400000000000000000e+02 1.484000000000000000e+03
9.350000000000000000e+02 1.467000000000000000e+03
9.880000000000000000e+02 1.460000000000000000e+03
9.950000000000000000e+02 1.468000000000000000e+03
1.004000000000000000e+03 1.479000000000000000e+03
1.011000000000000000e+03 1.493000000000000000e+03
1.029000000000000000e+03 1.392000000000000000e+03
1.245000000000000000e+03 1.206000000000000000e+03
1.006000000000000000e+03 1.458000000000000000e+03
1.014000000000000000e+03 1.461000000000000000e+03
9.350000000000000000e+02 1.339000000000000000e+03
9.820000000000000000e+02 1.323000000000000000e+03
9.390000000000000000e+02 1.332000000000000000e+03
1.018000000000000000e+03 1.184000000000000000e+03
1.073000000000000000e+03 1.206000000000000000e+03
9.980000000000000000e+02 1.282000000000000000e+03
1.145000000000000000e+03 7.890000000000000000e+02
1.123000000000000000e+03 8.500000000000000000e+02
1.092000000000000000e+03 9.200000000000000000e+02
1.022000000000000000e+03 1.517000000000000000e+03
9.480000000000000000e+02 9.440000000000000000e+02
9.630000000000000000e+02 8.430000000000000000e+02
9.730000000000000000e+02 7.520000000000000000e+02
1.107000000000000000e+03 1.094000000000000000e+03
1.190000000000000000e+03 1.122000000000000000e+03
9.680000000000000000e+02 1.088000000000000000e+03
1.152000000000000000e+03 1.032000000000000000e+03
9.590000000000000000e+02 1.144000000000000000e+03
9.730000000000000000e+02 1.281000000000000000e+03
1.225000000000000000e+03 1.135000000000000000e+03
1.167000000000000000e+03 1.148000000000000000e+03
1.124000000000000000e+03 1.164000000000000000e+03
1.061000000000000000e+03 1.162000000000000000e+03
1.014000000000000000e+03 1.150000000000000000e+03
9.790000000000000000e+02 1.136000000000000000e+03
9.130000000000000000e+02 1.101000000000000000e+03
1.220000000000000000e+03 1.214000000000000000e+03
1.178000000000000000e+03 1.025000000000000000e+03
9.100000000000000000e+02 1.331000000000000000e+03
9.800000000000000000e+02 1.205000000000000000e+03
1.256000000000000000e+03 1.041000000000000000e+03
9.520000000000000000e+02 1.119000000000000000e+03
1.001000000000000000e+03 1.281000000000000000e+03
1.133000000000000000e+03 1.059000000000000000e+03
9.720000000000000000e+02 1.254000000000000000e+03
1.232000000000000000e+03 1.295000000000000000e+03
9.670000000000000000e+02 1.076000000000000000e+03
9.460000000000000000e+02 1.237000000000000000e+03
1.149000000000000000e+03 1.499000000000000000e+03
1.147000000000000000e+03 1.531000000000000000e+03
1.246000000000000000e+03 1.211000000000000000e+03
1.184000000000000000e+03 1.443000000000000000e+03
1.232000000000000000e+03 9.840000000000000000e+02
1.032000000000000000e+03 1.633000000000000000e+03
9.060000000000000000e+02 1.336000000000000000e+03
1.011000000000000000e+03 1.229000000000000000e+03
1.220000000000000000e+03 1.077000000000000000e+03
1.075000000000000000e+03 1.081000000000000000e+03
1.048000000000000000e+03 1.083000000000000000e+03
1.029000000000000000e+03 1.471000000000000000e+03
1.211000000000000000e+03 1.288000000000000000e+03
9.790000000000000000e+02 1.683000000000000000e+03
1.068000000000000000e+03 1.623000000000000000e+03
1.105000000000000000e+03 1.585000000000000000e+03
1.020000000000000000e+03 1.082000000000000000e+03
9.930000000000000000e+02 1.078000000000000000e+03
9.760000000000000000e+02 1.078000000000000000e+03
1.203000000000000000e+03 1.014000000000000000e+03
9.990000000000000000e+02 1.045000000000000000e+03
1.027000000000000000e+03 1.031000000000000000e+03
1.055000000000000000e+03 1.028000000000000000e+03
1.083000000000000000e+03 1.033000000000000000e+03
1.100000000000000000e+03 1.044000000000000000e+03
1.249000000000000000e+03 9.590000000000000000e+02
1.093000000000000000e+03 1.075000000000000000e+03
9.980000000000000000e+02 1.375000000000000000e+03
9.680000000000000000e+02 1.308000000000000000e+03
9.390000000000000000e+02 1.371000000000000000e+03
1.111000000000000000e+03 1.551000000000000000e+03
1.073000000000000000e+03 1.592000000000000000e+03
9.790000000000000000e+02 1.665000000000000000e+03
1.180000000000000000e+03 1.470000000000000000e+03
9.770000000000000000e+02 1.064000000000000000e+03
9.370000000000000000e+02 1.162000000000000000e+03
1.028000000000000000e+03 1.658000000000000000e+03
1.233000000000000000e+03 1.292000000000000000e+03
9.630000000000000000e+02 1.463000000000000000e+03
9.710000000000000000e+02 1.476000000000000000e+03
9.780000000000000000e+02 1.494000000000000000e+03
9.830000000000000000e+02 1.516000000000000000e+03
9.910000000000000000e+02 1.546000000000000000e+03
1.014000000000000000e+03 1.453000000000000000e+03
1.021000000000000000e+03 1.449000000000000000e+03
1.027000000000000000e+03 1.445000000000000000e+03
1.052000000000000000e+03 1.417000000000000000e+03
1.171000000000000000e+03 1.316000000000000000e+03
9.360000000000000000e+02 1.120000000000000000e+03
9.440000000000000000e+02 1.048000000000000000e+03
9.630000000000000000e+02 1.051000000000000000e+03
1.006000000000000000e+03 1.457000000000000000e+03
1.173000000000000000e+03 1.399000000000000000e+03
9.160000000000000000e+02 1.049000000000000000e+03
1.009000000000000000e+03 1.572000000000000000e+03
9.140000000000000000e+02 1.146000000000000000e+03
9.620000000000000000e+02 1.220000000000000000e+03
9.610000000000000000e+02 1.599000000000000000e+03
1.075000000000000000e+03 1.495000000000000000e+03
1.030000000000000000e+03 1.307000000000000000e+03
1.046000000000000000e+03 1.538000000000000000e+03
1.105000000000000000e+03 1.296000000000000000e+03
1.061000000000000000e+03 1.342000000000000000e+03
1.130000000000000000e+03 1.351000000000000000e+03
9.730000000000000000e+02 1.635000000000000000e+03
9.810000000000000000e+02 1.237000000000000000e+03
1.102000000000000000e+03 1.517000000000000000e+03
1.064000000000000000e+03 1.561000000000000000e+03
1.098000000000000000e+03 1.447000000000000000e+03
1.201000000000000000e+03 1.349000000000000000e+03
1.136000000000000000e+03 1.446000000000000000e+03
1.215000000000000000e+03 1.369000000000000000e+03
1.085000000000000000e+03 1.386000000000000000e+03
9.580000000000000000e+02 1.183000000000000000e+03
9.630000000000000000e+02 1.299000000000000000e+03
9.820000000000000000e+02 1.303000000000000000e+03
9.490000000000000000e+02 1.278000000000000000e+03
9.680000000000000000e+02 1.014000000000000000e+03
1.020000000000000000e+03 9.860000000000000000e+02
1.068000000000000000e+03 9.800000000000000000e+02
1.108000000000000000e+03 9.870000000000000000e+02
1.137000000000000000e+03 1.004000000000000000e+03
1.157000000000000000e+03 1.066000000000000000e+03
1.252000000000000000e+03 1.132000000000000000e+03
1.133000000000000000e+03 1.116000000000000000e+03
1.099000000000000000e+03 1.128000000000000000e+03
1.056000000000000000e+03 1.130000000000000000e+03
1.014000000000000000e+03 1.124000000000000000e+03
9.810000000000000000e+02 1.115000000000000000e+03
9.590000000000000000e+02 1.105000000000000000e+03
1.252000000000000000e+03 1.122000000000000000e+03
9.810000000000000000e+02 1.311000000000000000e+03
9.390000000000000000e+02 1.199000000000000000e+03
9.420000000000000000e+02 1.306000000000000000e+03
9.270000000000000000e+02 1.323000000000000000e+03
9.420000000000000000e+02 1.310000000000000000e+03
9.730000000000000000e+02 1.321000000000000000e+03
9.200000000000000000e+02 1.327000000000000000e+03
9.170000000000000000e+02 1.333000000000000000e+03
9.560000000000000000e+02 1.078000000000000000e+03
9.410000000000000000e+02 1.086000000000000000e+03
9.310000000000000000e+02 1.093000000000000000e+03
1.110000000000000000e+03 1.052000000000000000e+03
1.133000000000000000e+03 1.035000000000000000e+03
7.020000000000000000e+02 1.069000000000000000e+03
7.350000000000000000e+02 1.065000000000000000e+03
7.000000000000000000e+02 1.035000000000000000e+03
6.670000000000000000e+02 1.071000000000000000e+03
7.040000000000000000e+02 1.102000000000000000e+03
1.053000000000000000e+03 1.053000000000000000e+03
1.088000000000000000e+03 1.052000000000000000e+03
1.052000000000000000e+03 1.021000000000000000e+03
1.017000000000000000e+03 1.054000000000000000e+03
1.054000000000000000e+03 1.086000000000000000e+03
0.000000000000000000e+00 0.000000000000000000e+00
1.749000000000000000e+03 0.000000000000000000e+00
1.749000000000000000e+03 2.187000000000000000e+03
0.000000000000000000e+00 2.187000000000000000e+03
8.700000000000000000e+01 0.000000000000000000e+00
8.700000000000000000e+01 2.187000000000000000e+03
0.000000000000000000e+00 1.090000000000000000e+02
1.749000000000000000e+03 1.090000000000000000e+02
1.750000000000000000e+02 0.000000000000000000e+00
1.750000000000000000e+02 2.187000000000000000e+03
0.000000000000000000e+00 2.180000000000000000e+02
1.749000000000000000e+03 2.180000000000000000e+02
2.620000000000000000e+02 0.000000000000000000e+00
2.620000000000000000e+02 2.187000000000000000e+03
0.000000000000000000e+00 3.280000000000000000e+02
1.749000000000000000e+03 3.280000000000000000e+02
3.500000000000000000e+02 0.000000000000000000e+00
3.500000000000000000e+02 2.187000000000000000e+03
0.000000000000000000e+00 4.370000000000000000e+02
1.749000000000000000e+03 4.370000000000000000e+02
4.370000000000000000e+02 0.000000000000000000e+00
4.370000000000000000e+02 2.187000000000000000e+03
0.000000000000000000e+00 5.470000000000000000e+02
1.749000000000000000e+03 5.470000000000000000e+02
5.250000000000000000e+02 0.000000000000000000e+00
5.250000000000000000e+02 2.187000000000000000e+03
0.000000000000000000e+00 6.560000000000000000e+02
1.749000000000000000e+03 6.560000000000000000e+02
6.120000000000000000e+02 0.000000000000000000e+00
6.120000000000000000e+02 2.187000000000000000e+03
0.000000000000000000e+00 7.650000000000000000e+02
1.749000000000000000e+03 7.650000000000000000e+02
7.000000000000000000e+02 0.000000000000000000e+00
7.000000000000000000e+02 2.187000000000000000e+03
0.000000000000000000e+00 8.750000000000000000e+02
1.749000000000000000e+03 8.750000000000000000e+02
7.870000000000000000e+02 0.000000000000000000e+00
7.870000000000000000e+02 2.187000000000000000e+03
0.000000000000000000e+00 9.840000000000000000e+02
1.749000000000000000e+03 9.840000000000000000e+02
8.750000000000000000e+02 0.000000000000000000e+00
8.750000000000000000e+02 2.187000000000000000e+03
0.000000000000000000e+00 1.094000000000000000e+03
1.749000000000000000e+03 1.094000000000000000e+03
9.620000000000000000e+02 0.000000000000000000e+00
9.620000000000000000e+02 2.187000000000000000e+03
0.000000000000000000e+00 1.203000000000000000e+03
1.749000000000000000e+03 1.203000000000000000e+03
1.050000000000000000e+03 0.000000000000000000e+00
1.050000000000000000e+03 2.187000000000000000e+03
0.000000000000000000e+00 1.312000000000000000e+03
1.749000000000000000e+03 1.312000000000000000e+03
1.137000000000000000e+03 0.000000000000000000e+00
1.137000000000000000e+03 2.187000000000000000e+03
0.000000000000000000e+00 1.422000000000000000e+03
1.749000000000000000e+03 1.422000000000000000e+03
1.225000000000000000e+03 0.000000000000000000e+00
1.225000000000000000e+03 2.187000000000000000e+03
0.000000000000000000e+00 1.531000000000000000e+03
1.749000000000000000e+03 1.531000000000000000e+03
1.312000000000000000e+03 0.000000000000000000e+00
1.312000000000000000e+03 2.187000000000000000e+03
0.000000000000000000e+00 1.641000000000000000e+03
1.749000000000000000e+03 1.641000000000000000e+03
1.400000000000000000e+03 0.000000000000000000e+00
1.400000000000000000e+03 2.187000000000000000e+03
0.000000000000000000e+00 1.750000000000000000e+03
1.749000000000000000e+03 1.750000000000000000e+03
1.487000000000000000e+03 0.000000000000000000e+00
1.487000000000000000e+03 2.187000000000000000e+03
0.000000000000000000e+00 1.859000000000000000e+03
1.749000000000000000e+03 1.859000000000000000e+03
1.575000000000000000e+03 0.000000000000000000e+00
1.575000000000000000e+03 2.187000000000000000e+03
0.000000000000000000e+00 1.969000000000000000e+03
1.749000000000000000e+03 1.969000000000000000e+03
1.662000000000000000e+03 0.000000000000000000e+00
1.662000000000000000e+03 2.187000000000000000e+03
0.000000000000000000e+00 2.078000000000000000e+03
1.749000000000000000e+03 2.078000000000000000e+03
