8.660000000000000000e+02 1.647000000000000000e+03
8.710000000000000000e+02 1.430000000000000000e+03
8.700000000000000000e+02 1.483000000000000000e+03
8.290000000000000000e+02 1.249000000000000000e+03
8.720000000000000000e+02 1.374000000000000000e+03
8.720000000000000000e+02 1.301000000000000000e+03
8.710000000000000000e+02 1.126000000000000000e+03
5.180000000000000000e+02 1.118000000000000000e+03
8.710000000000000000e+02 1.005000000000000000e+03
8.710000000000000000e+02 9.350000000000000000e+02
8.720000000000000000e+02 6.610000000000000000e+02
8.660000000000000000e+02 1.657000000000000000e+03
8.650000000000000000e+02 1.665000000000000000e+03
8.650000000000000000e+02 1.669000000000000000e+03
8.660000000000000000e+02 1.668000000000000000e+03
8.660000000000000000e+02 1.682000000000000000e+03
8.650000000000000000e+02 1.700000000000000000e+03
8.650000000000000000e+02 1.721000000000000000e+03
8.670000000000000000e+02 1.796000000000000000e+03
8.710000000000000000e+02 1.458000000000000000e+03
8.240000000000000000e+02 1.457000000000000000e+03
3.120000000000000000e+02 9.200000000000000000e+02
6.580000000000000000e+02 1.161000000000000000e+03
6.070000000000000000e+02 1.167000000000000000e+03
5.590000000000000000e+02 1.166000000000000000e+03
4.960000000000000000e+02 1.139000000000000000e+03
7.000000000000000000e+02 1.148000000000000000e+03
5.740000000000000000e+02 1.019000000000000000e+03
6.330000000000000000e+02 1.022000000000000000e+03
5.210000000000000000e+02 1.030000000000000000e+03
4.880000000000000000e+02 1.052000000000000000e+03
4.520000000000000000e+02 1.175000000000000000e+03
6.780000000000000000e+02 1.897000000000000000e+03
5.000000000000000000e+02 1.106000000000000000e+03
2.890000000000000000e+02 1.154000000000000000e+03
3.900000000000000000e+02 1.140000000000000000e+03
6.220000000000000000e+02 1.389000000000000000e+03
8.110000000000000000e+02 1.634000000000000000e+03
8.170000000000000000e+02 1.660000000000000000e+03
7.640000000000000000e+02 1.643000000000000000e+03
7.290000000000000000e+02 1.656000000000000000e+03
7.750000000000000000e+02 1.660000000000000000e+03
7.410000000000000000e+02 1.664000000000000000e+03
6.520000000000000000e+02 1.722000000000000000e+03
8.290000000000000000e+02 1.429000000000000000e+03
8.230000000000000000e+02 1.376000000000000000e+03
4.070000000000000000e+02 1.012000000000000000e+03
7.230000000000000000e+02 1.250000000000000000e+03
7.170000000000000000e+02 1.416000000000000000e+03
7.130000000000000000e+02 1.387000000000000000e+03
4.680000000000000000e+02 1.388000000000000000e+03
8.260000000000000000e+02 1.308000000000000000e+03
5.230000000000000000e+02 9.510000000000000000e+02
4.530000000000000000e+02 9.730000000000000000e+02
3.640000000000000000e+02 8.230000000000000000e+02
7.580000000000000000e+02 9.870000000000000000e+02
6.850000000000000000e+02 1.041000000000000000e+03
6.130000000000000000e+02 1.679000000000000000e+03
3.410000000000000000e+02 1.673000000000000000e+03
7.550000000000000000e+02 1.446000000000000000e+03
7.930000000000000000e+02 1.461000000000000000e+03
6.810000000000000000e+02 1.676000000000000000e+03
6.910000000000000000e+02 1.675000000000000000e+03
4.210000000000000000e+02 9.400000000000000000e+02
7.150000000000000000e+02 1.440000000000000000e+03
6.230000000000000000e+02 9.510000000000000000e+02
6.110000000000000000e+02 9.090000000000000000e+02
5.760000000000000000e+02 6.920000000000000000e+02
4.030000000000000000e+02 8.790000000000000000e+02
6.080000000000000000e+02 7.990000000000000000e+02
3.750000000000000000e+02 9.880000000000000000e+02
3.480000000000000000e+02 9.560000000000000000e+02
8.130000000000000000e+02 1.650000000000000000e+03
7.700000000000000000e+02 1.653000000000000000e+03
7.350000000000000000e+02 1.660000000000000000e+03
7.660000000000000000e+02 1.456000000000000000e+03
6.860000000000000000e+02 1.676000000000000000e+03
7.090000000000000000e+02 1.680000000000000000e+03
6.960000000000000000e+02 1.674000000000000000e+03
7.760000000000000000e+02 1.428000000000000000e+03
7.460000000000000000e+02 1.666000000000000000e+03
7.800000000000000000e+02 1.664000000000000000e+03
8.200000000000000000e+02 1.666000000000000000e+03
8.060000000000000000e+02 1.794000000000000000e+03
8.150000000000000000e+02 1.719000000000000000e+03
8.160000000000000000e+02 1.697000000000000000e+03
8.190000000000000000e+02 1.680000000000000000e+03
8.220000000000000000e+02 1.665000000000000000e+03
7.480000000000000000e+02 1.667000000000000000e+03
7.420000000000000000e+02 1.675000000000000000e+03
7.350000000000000000e+02 1.685000000000000000e+03
7.300000000000000000e+02 1.698000000000000000e+03
6.670000000000000000e+02 1.585000000000000000e+03
2.880000000000000000e+02 1.400000000000000000e+03
8.700000000000000000e+02 1.470000000000000000e+03
7.210000000000000000e+02 1.670000000000000000e+03
7.150000000000000000e+02 1.675000000000000000e+03
8.090000000000000000e+02 1.482000000000000000e+03
7.340000000000000000e+02 1.471000000000000000e+03
8.010000000000000000e+02 1.472000000000000000e+03
6.700000000000000000e+02 1.283000000000000000e+03
5.860000000000000000e+02 1.322000000000000000e+03
7.060000000000000000e+02 1.411000000000000000e+03
4.480000000000000000e+02 7.440000000000000000e+02
4.860000000000000000e+02 8.240000000000000000e+02
5.020000000000000000e+02 9.100000000000000000e+02
6.910000000000000000e+02 1.751000000000000000e+03
7.370000000000000000e+02 9.170000000000000000e+02
7.320000000000000000e+02 7.930000000000000000e+02
7.120000000000000000e+02 6.670000000000000000e+02
5.190000000000000000e+02 1.157000000000000000e+03
3.980000000000000000e+02 1.214000000000000000e+03
7.290000000000000000e+02 1.135000000000000000e+03
4.380000000000000000e+02 1.075000000000000000e+03
7.580000000000000000e+02 1.213000000000000000e+03
7.450000000000000000e+02 1.396000000000000000e+03
3.360000000000000000e+02 1.255000000000000000e+03
4.340000000000000000e+02 1.250000000000000000e+03
5.000000000000000000e+02 1.269000000000000000e+03
5.980000000000000000e+02 1.258000000000000000e+03
6.700000000000000000e+02 1.234000000000000000e+03
7.230000000000000000e+02 1.209000000000000000e+03
8.230000000000000000e+02 1.140000000000000000e+03
3.460000000000000000e+02 1.372000000000000000e+03
3.950000000000000000e+02 1.070000000000000000e+03
8.450000000000000000e+02 1.457000000000000000e+03
7.280000000000000000e+02 1.304000000000000000e+03
2.750000000000000000e+02 1.153000000000000000e+03
7.620000000000000000e+02 1.180000000000000000e+03
7.020000000000000000e+02 1.415000000000000000e+03
4.750000000000000000e+02 1.109000000000000000e+03
7.440000000000000000e+02 1.361000000000000000e+03
3.070000000000000000e+02 1.534000000000000000e+03
7.290000000000000000e+02 1.117000000000000000e+03
7.830000000000000000e+02 1.328000000000000000e+03
4.480000000000000000e+02 1.793000000000000000e+03
4.490000000000000000e+02 1.859000000000000000e+03
2.950000000000000000e+02 1.388000000000000000e+03
3.850000000000000000e+02 1.723000000000000000e+03
3.160000000000000000e+02 1.047000000000000000e+03
6.630000000000000000e+02 1.956000000000000000e+03
8.500000000000000000e+02 1.468000000000000000e+03
6.830000000000000000e+02 1.345000000000000000e+03
3.480000000000000000e+02 1.150000000000000000e+03
5.630000000000000000e+02 1.134000000000000000e+03
6.050000000000000000e+02 1.137000000000000000e+03
7.030000000000000000e+02 1.688000000000000000e+03
3.560000000000000000e+02 1.483000000000000000e+03
7.570000000000000000e+02 2.031000000000000000e+03
5.980000000000000000e+02 1.968000000000000000e+03
5.280000000000000000e+02 1.924000000000000000e+03
8.710000000000000000e+02 7.940000000000000000e+02
8.680000000000000000e+02 2.039000000000000000e+03
6.470000000000000000e+02 1.133000000000000000e+03
6.870000000000000000e+02 1.125000000000000000e+03
7.150000000000000000e+02 1.121000000000000000e+03
3.580000000000000000e+02 1.060000000000000000e+03
6.790000000000000000e+02 1.083000000000000000e+03
6.340000000000000000e+02 1.070000000000000000e+03
5.900000000000000000e+02 1.070000000000000000e+03
5.490000000000000000e+02 1.078000000000000000e+03
5.240000000000000000e+02 1.090000000000000000e+03
2.840000000000000000e+02 1.024000000000000000e+03
5.360000000000000000e+02 1.126000000000000000e+03
8.700000000000000000e+02 1.529000000000000000e+03
7.150000000000000000e+02 1.552000000000000000e+03
7.540000000000000000e+02 1.437000000000000000e+03
8.050000000000000000e+02 1.532000000000000000e+03
8.710000000000000000e+02 1.065000000000000000e+03
5.190000000000000000e+02 1.859000000000000000e+03
5.880000000000000000e+02 1.909000000000000000e+03
7.560000000000000000e+02 1.988000000000000000e+03
3.900000000000000000e+02 1.781000000000000000e+03
7.130000000000000000e+02 1.103000000000000000e+03
7.910000000000000000e+02 1.226000000000000000e+03
8.680000000000000000e+02 1.996000000000000000e+03
6.720000000000000000e+02 2.005000000000000000e+03
3.110000000000000000e+02 1.510000000000000000e+03
7.820000000000000000e+02 1.664000000000000000e+03
7.760000000000000000e+02 1.676000000000000000e+03
7.720000000000000000e+02 1.691000000000000000e+03
7.690000000000000000e+02 1.711000000000000000e+03
7.420000000000000000e+02 1.776000000000000000e+03
7.130000000000000000e+02 1.669000000000000000e+03
7.070000000000000000e+02 1.668000000000000000e+03
7.020000000000000000e+02 1.666000000000000000e+03
6.310000000000000000e+02 1.629000000000000000e+03
4.260000000000000000e+02 1.509000000000000000e+03
7.910000000000000000e+02 1.172000000000000000e+03
7.630000000000000000e+02 1.074000000000000000e+03
7.320000000000000000e+02 1.082000000000000000e+03
7.210000000000000000e+02 1.670000000000000000e+03
4.150000000000000000e+02 1.642000000000000000e+03
8.070000000000000000e+02 1.072000000000000000e+03
7.080000000000000000e+02 1.837000000000000000e+03
8.720000000000000000e+02 1.241000000000000000e+03
8.250000000000000000e+02 1.197000000000000000e+03
8.720000000000000000e+02 1.185000000000000000e+03
7.580000000000000000e+02 1.314000000000000000e+03
8.670000000000000000e+02 1.936000000000000000e+03
8.670000000000000000e+02 1.862000000000000000e+03
7.860000000000000000e+02 1.860000000000000000e+03
5.930000000000000000e+02 1.751000000000000000e+03
6.600000000000000000e+02 1.460000000000000000e+03
6.460000000000000000e+02 1.802000000000000000e+03
5.390000000000000000e+02 1.455000000000000000e+03
6.110000000000000000e+02 1.516000000000000000e+03
4.950000000000000000e+02 1.546000000000000000e+03
7.650000000000000000e+02 1.930000000000000000e+03
7.290000000000000000e+02 1.346000000000000000e+03
5.420000000000000000e+02 1.795000000000000000e+03
6.090000000000000000e+02 1.850000000000000000e+03
5.520000000000000000e+02 1.688000000000000000e+03
3.680000000000000000e+02 1.578000000000000000e+03
4.810000000000000000e+02 1.698000000000000000e+03
3.350000000000000000e+02 1.623000000000000000e+03
5.710000000000000000e+02 1.590000000000000000e+03
7.610000000000000000e+02 1.264000000000000000e+03
7.610000000000000000e+02 1.419000000000000000e+03
7.320000000000000000e+02 1.433000000000000000e+03
7.810000000000000000e+02 1.383000000000000000e+03
7.190000000000000000e+02 1.027000000000000000e+03
6.300000000000000000e+02 9.970000000000000000e+02
5.540000000000000000e+02 9.950000000000000000e+02
4.930000000000000000e+02 1.009000000000000000e+03
4.540000000000000000e+02 1.035000000000000000e+03
4.380000000000000000e+02 1.124000000000000000e+03
2.850000000000000000e+02 1.269000000000000000e+03
4.810000000000000000e+02 1.196000000000000000e+03
5.330000000000000000e+02 1.211000000000000000e+03
6.010000000000000000e+02 1.209000000000000000e+03
6.650000000000000000e+02 1.195000000000000000e+03
7.140000000000000000e+02 1.177000000000000000e+03
7.480000000000000000e+02 1.159000000000000000e+03
2.800000000000000000e+02 1.276000000000000000e+03
7.340000000000000000e+02 1.448000000000000000e+03
7.910000000000000000e+02 1.276000000000000000e+03
7.940000000000000000e+02 1.422000000000000000e+03
8.200000000000000000e+02 1.448000000000000000e+03
7.950000000000000000e+02 1.431000000000000000e+03
7.480000000000000000e+02 1.463000000000000000e+03
8.290000000000000000e+02 1.453000000000000000e+03
8.350000000000000000e+02 1.465000000000000000e+03
7.460000000000000000e+02 1.118000000000000000e+03
7.740000000000000000e+02 1.129000000000000000e+03
7.900000000000000000e+02 1.138000000000000000e+03
5.110000000000000000e+02 1.098000000000000000e+03
4.690000000000000000e+02 1.076000000000000000e+03
9.140000000000000000e+02 1.249000000000000000e+03
1.230000000000000000e+03 1.114000000000000000e+03
9.180000000000000000e+02 1.457000000000000000e+03
1.433000000000000000e+03 9.160000000000000000e+02
1.087000000000000000e+03 1.155000000000000000e+03
1.137000000000000000e+03 1.161000000000000000e+03
1.185000000000000000e+03 1.161000000000000000e+03
1.250000000000000000e+03 1.133000000000000000e+03
1.046000000000000000e+03 1.142000000000000000e+03
1.169000000000000000e+03 1.010000000000000000e+03
1.110000000000000000e+03 1.013000000000000000e+03
1.222000000000000000e+03 1.021000000000000000e+03
1.254000000000000000e+03 1.043000000000000000e+03
1.290000000000000000e+03 1.169000000000000000e+03
1.057000000000000000e+03 1.897000000000000000e+03
1.249000000000000000e+03 1.099000000000000000e+03
1.456000000000000000e+03 1.153000000000000000e+03
1.348000000000000000e+03 1.132000000000000000e+03
1.119000000000000000e+03 1.388000000000000000e+03
9.210000000000000000e+02 1.635000000000000000e+03
9.150000000000000000e+02 1.660000000000000000e+03
9.690000000000000000e+02 1.643000000000000000e+03
1.005000000000000000e+03 1.654000000000000000e+03
9.580000000000000000e+02 1.659000000000000000e+03
9.930000000000000000e+02 1.662000000000000000e+03
1.087000000000000000e+03 1.722000000000000000e+03
9.140000000000000000e+02 1.429000000000000000e+03
9.200000000000000000e+02 1.375000000000000000e+03
1.320000000000000000e+03 1.010000000000000000e+03
1.019000000000000000e+03 1.248000000000000000e+03
1.025000000000000000e+03 1.414000000000000000e+03
1.028000000000000000e+03 1.385000000000000000e+03
1.273000000000000000e+03 1.386000000000000000e+03
9.180000000000000000e+02 1.307000000000000000e+03
1.207000000000000000e+03 9.500000000000000000e+02
1.275000000000000000e+03 9.720000000000000000e+02
1.379000000000000000e+03 8.180000000000000000e+02
9.830000000000000000e+02 9.800000000000000000e+02
1.059000000000000000e+03 1.034000000000000000e+03
1.127000000000000000e+03 1.679000000000000000e+03
1.410000000000000000e+03 1.671000000000000000e+03
9.870000000000000000e+02 1.445000000000000000e+03
9.480000000000000000e+02 1.461000000000000000e+03
1.054000000000000000e+03 1.673000000000000000e+03
1.045000000000000000e+03 1.672000000000000000e+03
1.301000000000000000e+03 9.410000000000000000e+02
1.026000000000000000e+03 1.438000000000000000e+03
1.113000000000000000e+03 9.470000000000000000e+02
1.123000000000000000e+03 9.060000000000000000e+02
1.169000000000000000e+03 6.890000000000000000e+02
1.338000000000000000e+03 8.750000000000000000e+02
1.133000000000000000e+03 7.960000000000000000e+02
1.350000000000000000e+03 9.870000000000000000e+02
1.394000000000000000e+03 9.530000000000000000e+02
9.180000000000000000e+02 1.650000000000000000e+03
9.630000000000000000e+02 1.653000000000000000e+03
9.990000000000000000e+02 1.658000000000000000e+03
9.750000000000000000e+02 1.455000000000000000e+03
1.050000000000000000e+03 1.672000000000000000e+03
1.026000000000000000e+03 1.677000000000000000e+03
1.040000000000000000e+03 1.671000000000000000e+03
9.660000000000000000e+02 1.428000000000000000e+03
9.870000000000000000e+02 1.664000000000000000e+03
9.520000000000000000e+02 1.663000000000000000e+03
9.110000000000000000e+02 1.665000000000000000e+03
9.290000000000000000e+02 1.795000000000000000e+03
9.160000000000000000e+02 1.719000000000000000e+03
9.150000000000000000e+02 1.697000000000000000e+03
9.130000000000000000e+02 1.679000000000000000e+03
9.100000000000000000e+02 1.665000000000000000e+03
9.860000000000000000e+02 1.665000000000000000e+03
9.920000000000000000e+02 1.672000000000000000e+03
9.980000000000000000e+02 1.683000000000000000e+03
1.003000000000000000e+03 1.696000000000000000e+03
1.073000000000000000e+03 1.585000000000000000e+03
1.461000000000000000e+03 1.399000000000000000e+03
1.013000000000000000e+03 1.668000000000000000e+03
1.019000000000000000e+03 1.672000000000000000e+03
9.330000000000000000e+02 1.482000000000000000e+03
1.008000000000000000e+03 1.470000000000000000e+03
9.400000000000000000e+02 1.472000000000000000e+03
1.071000000000000000e+03 1.282000000000000000e+03
1.154000000000000000e+03 1.320000000000000000e+03
1.036000000000000000e+03 1.410000000000000000e+03
1.296000000000000000e+03 7.400000000000000000e+02
1.254000000000000000e+03 8.210000000000000000e+02
1.225000000000000000e+03 9.110000000000000000e+02
1.046000000000000000e+03 1.751000000000000000e+03
1.001000000000000000e+03 9.110000000000000000e+02
1.010000000000000000e+03 7.910000000000000000e+02
1.033000000000000000e+03 6.650000000000000000e+02
1.226000000000000000e+03 1.153000000000000000e+03
1.345000000000000000e+03 1.207000000000000000e+03
1.018000000000000000e+03 1.131000000000000000e+03
1.299000000000000000e+03 1.069000000000000000e+03
9.840000000000000000e+02 1.211000000000000000e+03
9.960000000000000000e+02 1.395000000000000000e+03
1.407000000000000000e+03 1.254000000000000000e+03
1.309000000000000000e+03 1.247000000000000000e+03
1.243000000000000000e+03 1.267000000000000000e+03
1.145000000000000000e+03 1.255000000000000000e+03
1.075000000000000000e+03 1.230000000000000000e+03
1.023000000000000000e+03 1.204000000000000000e+03
9.190000000000000000e+02 1.139000000000000000e+03
1.397000000000000000e+03 1.370000000000000000e+03
1.338000000000000000e+03 1.064000000000000000e+03
8.970000000000000000e+02 1.457000000000000000e+03
1.014000000000000000e+03 1.302000000000000000e+03
1.473000000000000000e+03 1.150000000000000000e+03
9.840000000000000000e+02 1.176000000000000000e+03
1.040000000000000000e+03 1.414000000000000000e+03
1.270000000000000000e+03 1.102000000000000000e+03
9.980000000000000000e+02 1.359000000000000000e+03
1.444000000000000000e+03 1.533000000000000000e+03
1.019000000000000000e+03 1.112000000000000000e+03
9.590000000000000000e+02 1.327000000000000000e+03
1.296000000000000000e+03 1.793000000000000000e+03
1.297000000000000000e+03 1.857000000000000000e+03
1.452000000000000000e+03 1.387000000000000000e+03
1.360000000000000000e+03 1.722000000000000000e+03
1.428000000000000000e+03 1.044000000000000000e+03
1.073000000000000000e+03 1.956000000000000000e+03
8.910000000000000000e+02 1.468000000000000000e+03
1.058000000000000000e+03 1.344000000000000000e+03
1.390000000000000000e+03 1.141000000000000000e+03
1.182000000000000000e+03 1.130000000000000000e+03
1.139000000000000000e+03 1.131000000000000000e+03
1.032000000000000000e+03 1.685000000000000000e+03
1.389000000000000000e+03 1.482000000000000000e+03
9.780000000000000000e+02 2.030000000000000000e+03
1.142000000000000000e+03 1.966000000000000000e+03
1.215000000000000000e+03 1.922000000000000000e+03
1.098000000000000000e+03 1.126000000000000000e+03
1.058000000000000000e+03 1.119000000000000000e+03
1.032000000000000000e+03 1.116000000000000000e+03
1.374000000000000000e+03 1.053000000000000000e+03
1.067000000000000000e+03 1.074000000000000000e+03
1.112000000000000000e+03 1.059000000000000000e+03
1.157000000000000000e+03 1.057000000000000000e+03
1.199000000000000000e+03 1.066000000000000000e+03
1.225000000000000000e+03 1.079000000000000000e+03
1.462000000000000000e+03 1.020000000000000000e+03
1.210000000000000000e+03 1.123000000000000000e+03
1.026000000000000000e+03 1.552000000000000000e+03
9.870000000000000000e+02 1.436000000000000000e+03
9.360000000000000000e+02 1.532000000000000000e+03
1.222000000000000000e+03 1.859000000000000000e+03
1.151000000000000000e+03 1.909000000000000000e+03
9.790000000000000000e+02 1.988000000000000000e+03
1.359000000000000000e+03 1.779000000000000000e+03
1.034000000000000000e+03 1.097000000000000000e+03
9.510000000000000000e+02 1.225000000000000000e+03
1.065000000000000000e+03 2.004000000000000000e+03
1.437000000000000000e+03 1.510000000000000000e+03
9.510000000000000000e+02 1.663000000000000000e+03
9.570000000000000000e+02 1.675000000000000000e+03
9.600000000000000000e+02 1.690000000000000000e+03
9.640000000000000000e+02 1.710000000000000000e+03
9.930000000000000000e+02 1.777000000000000000e+03
1.022000000000000000e+03 1.666000000000000000e+03
1.028000000000000000e+03 1.665000000000000000e+03
1.033000000000000000e+03 1.663000000000000000e+03
1.109000000000000000e+03 1.629000000000000000e+03
1.316000000000000000e+03 1.507000000000000000e+03
9.510000000000000000e+02 1.171000000000000000e+03
9.820000000000000000e+02 1.069000000000000000e+03
1.014000000000000000e+03 1.077000000000000000e+03
1.014000000000000000e+03 1.667000000000000000e+03
1.328000000000000000e+03 1.641000000000000000e+03
9.360000000000000000e+02 1.067000000000000000e+03
1.027000000000000000e+03 1.838000000000000000e+03
9.180000000000000000e+02 1.196000000000000000e+03
9.840000000000000000e+02 1.312000000000000000e+03
9.480000000000000000e+02 1.860000000000000000e+03
1.146000000000000000e+03 1.751000000000000000e+03
1.082000000000000000e+03 1.459000000000000000e+03
1.091000000000000000e+03 1.802000000000000000e+03
1.201000000000000000e+03 1.454000000000000000e+03
1.129000000000000000e+03 1.516000000000000000e+03
1.245000000000000000e+03 1.545000000000000000e+03
9.680000000000000000e+02 1.930000000000000000e+03
1.013000000000000000e+03 1.344000000000000000e+03
1.198000000000000000e+03 1.794000000000000000e+03
1.129000000000000000e+03 1.850000000000000000e+03
1.187000000000000000e+03 1.688000000000000000e+03
1.378000000000000000e+03 1.576000000000000000e+03
1.260000000000000000e+03 1.698000000000000000e+03
1.413000000000000000e+03 1.622000000000000000e+03
1.170000000000000000e+03 1.590000000000000000e+03
9.810000000000000000e+02 1.263000000000000000e+03
9.810000000000000000e+02 1.419000000000000000e+03
1.009000000000000000e+03 1.432000000000000000e+03
9.610000000000000000e+02 1.382000000000000000e+03
1.025000000000000000e+03 1.021000000000000000e+03
1.110000000000000000e+03 9.910000000000000000e+02
1.184000000000000000e+03 9.900000000000000000e+02
1.243000000000000000e+03 1.003000000000000000e+03
1.282000000000000000e+03 1.029000000000000000e+03
1.303000000000000000e+03 1.117000000000000000e+03
1.460000000000000000e+03 1.268000000000000000e+03
1.262000000000000000e+03 1.192000000000000000e+03
1.210000000000000000e+03 1.207000000000000000e+03
1.142000000000000000e+03 1.203000000000000000e+03
1.080000000000000000e+03 1.189000000000000000e+03
1.032000000000000000e+03 1.171000000000000000e+03
9.980000000000000000e+02 1.154000000000000000e+03
1.468000000000000000e+03 1.273000000000000000e+03
1.007000000000000000e+03 1.447000000000000000e+03
9.510000000000000000e+02 1.275000000000000000e+03
9.480000000000000000e+02 1.422000000000000000e+03
9.220000000000000000e+02 1.448000000000000000e+03
9.470000000000000000e+02 1.431000000000000000e+03
9.930000000000000000e+02 1.462000000000000000e+03
9.130000000000000000e+02 1.453000000000000000e+03
9.070000000000000000e+02 1.465000000000000000e+03
1.001000000000000000e+03 1.114000000000000000e+03
9.720000000000000000e+02 1.125000000000000000e+03
9.550000000000000000e+02 1.135000000000000000e+03
1.239000000000000000e+03 1.090000000000000000e+03
1.273000000000000000e+03 1.069000000000000000e+03
6.080000000000000000e+02 1.095000000000000000e+03
6.600000000000000000e+02 1.092000000000000000e+03
6.050000000000000000e+02 1.050000000000000000e+03
5.540000000000000000e+02 1.096000000000000000e+03
6.100000000000000000e+02 1.139000000000000000e+03
1.143000000000000000e+03 1.091000000000000000e+03
1.195000000000000000e+03 1.093000000000000000e+03
1.144000000000000000e+03 1.044000000000000000e+03
1.090000000000000000e+03 1.089000000000000000e+03
1.141000000000000000e+03 1.137000000000000000e+03
0.000000000000000000e+00 0.000000000000000000e+00
1.749000000000000000e+03 0.000000000000000000e+00
1.749000000000000000e+03 2.187000000000000000e+03
0.000000000000000000e+00 2.187000000000000000e+03
8.700000000000000000e+01 0.000000000000000000e+00
8.700000000000000000e+01 2.187000000000000000e+03
0.000000000000000000e+00 1.090000000000000000e+02
1.749000000000000000e+03 1.090000000000000000e+02
1.750000000000000000e+02 0.000000000000000000e+00
1.750000000000000000e+02 2.187000000000000000e+03
0.000000000000000000e+00 2.180000000000000000e+02
1.749000000000000000e+03 2.180000000000000000e+02
2.620000000000000000e+02 0.000000000000000000e+00
2.620000000000000000e+02 2.187000000000000000e+03
0.000000000000000000e+00 3.280000000000000000e+02
1.749000000000000000e+03 3.280000000000000000e+02
3.500000000000000000e+02 0.000000000000000000e+00
3.500000000000000000e+02 2.187000000000000000e+03
0.000000000000000000e+00 4.370000000000000000e+02
1.749000000000000000e+03 4.370000000000000000e+02
4.370000000000000000e+02 0.000000000000000000e+00
4.370000000000000000e+02 2.187000000000000000e+03
0.000000000000000000e+00 5.470000000000000000e+02
1.749000000000000000e+03 5.470000000000000000e+02
5.250000000000000000e+02 0.000000000000000000e+00
5.250000000000000000e+02 2.187000000000000000e+03
0.000000000000000000e+00 6.560000000000000000e+02
1.749000000000000000e+03 6.560000000000000000e+02
6.120000000000000000e+02 0.000000000000000000e+00
6.120000000000000000e+02 2.187000000000000000e+03
0.000000000000000000e+00 7.650000000000000000e+02
1.749000000000000000e+03 7.650000000000000000e+02
7.000000000000000000e+02 0.000000000000000000e+00
7.000000000000000000e+02 2.187000000000000000e+03
0.000000000000000000e+00 8.750000000000000000e+02
1.749000000000000000e+03 8.750000000000000000e+02
7.870000000000000000e+02 0.000000000000000000e+00
7.870000000000000000e+02 2.187000000000000000e+03
0.000000000000000000e+00 9.840000000000000000e+02
1.749000000000000000e+03 9.840000000000000000e+02
8.750000000000000000e+02 0.000000000000000000e+00
8.750000000000000000e+02 2.187000000000000000e+03
0.000000000000000000e+00 1.094000000000000000e+03
1.749000000000000000e+03 1.094000000000000000e+03
9.620000000000000000e+02 0.000000000000000000e+00
9.620000000000000000e+02 2.187000000000000000e+03
0.000000000000000000e+00 1.203000000000000000e+03
1.749000000000000000e+03 1.203000000000000000e+03
1.050000000000000000e+03 0.000000000000000000e+00
1.050000000000000000e+03 2.187000000000000000e+03
0.000000000000000000e+00 1.312000000000000000e+03
1.749000000000000000e+03 1.312000000000000000e+03
1.137000000000000000e+03 0.000000000000000000e+00
1.137000000000000000e+03 2.187000000000000000e+03
0.000000000000000000e+00 1.422000000000000000e+03
1.749000000000000000e+03 1.422000000000000000e+03
1.225000000000000000e+03 0.000000000000000000e+00
1.225000000000000000e+03 2.187000000000000000e+03
0.000000000000000000e+00 1.531000000000000000e+03
1.749000000000000000e+03 1.531000000000000000e+03
1.312000000000000000e+03 0.000000000000000000e+00
1.312000000000000000e+03 2.187000000000000000e+03
0.000000000000000000e+00 1.641000000000000000e+03
1.749000000000000000e+03 1.641000000000000000e+03
1.400000000000000000e+03 0.000000000000000000e+00
1.400000000000000000e+03 2.187000000000000000e+03
0.000000000000000000e+00 1.750000000000000000e+03
1.749000000000000000e+03 1.750000000000000000e+03
1.487000000000000000e+03 0.000000000000000000e+00
1.487000000000000000e+03 2.187000000000000000e+03
0.000000000000000000e+00 1.859000000000000000e+03
1.749000000000000000e+03 1.859000000000000000e+03
1.575000000000000000e+03 0.000000000000000000e+00
1.575000000000000000e+03 2.187000000000000000e+03
0.000000000000000000e+00 1.969000000000000000e+03
1.749000000000000000e+03 1.969000000000000000e+03
1.662000000000000000e+03 0.000000000000000000e+00
1.662000000000000000e+03 2.187000000000000000e+03
0.000000000000000000e+00 2.078000000000000000e+03
1.749000000000000000e+03 2.078000000000000000e+03
