8.370000000000000000e+02 1.456000000000000000e+03
8.570000000000000000e+02 1.363000000000000000e+03
8.540000000000000000e+02 1.379000000000000000e+03
8.190000000000000000e+02 1.196000000000000000e+03
8.570000000000000000e+02 1.320000000000000000e+03
8.560000000000000000e+02 1.252000000000000000e+03
8.530000000000000000e+02 1.079000000000000000e+03
5.800000000000000000e+02 1.028000000000000000e+03
8.510000000000000000e+02 9.870000000000000000e+02
8.510000000000000000e+02 9.340000000000000000e+02
8.500000000000000000e+02 6.750000000000000000e+02
8.370000000000000000e+02 1.468000000000000000e+03
8.360000000000000000e+02 1.480000000000000000e+03
8.370000000000000000e+02 1.489000000000000000e+03
8.370000000000000000e+02 1.490000000000000000e+03
8.370000000000000000e+02 1.513000000000000000e+03
8.370000000000000000e+02 1.539000000000000000e+03
8.370000000000000000e+02 1.565000000000000000e+03
8.480000000000000000e+02 1.599000000000000000e+03
8.560000000000000000e+02 1.378000000000000000e+03
8.060000000000000000e+02 1.364000000000000000e+03
4.000000000000000000e+02 8.190000000000000000e+02
6.840000000000000000e+02 1.064000000000000000e+03
6.460000000000000000e+02 1.066000000000000000e+03
6.090000000000000000e+02 1.064000000000000000e+03
5.600000000000000000e+02 1.041000000000000000e+03
7.160000000000000000e+02 1.059000000000000000e+03
6.260000000000000000e+02 9.830000000000000000e+02
6.680000000000000000e+02 9.870000000000000000e+02
5.890000000000000000e+02 9.860000000000000000e+02
5.650000000000000000e+02 9.940000000000000000e+02
5.190000000000000000e+02 1.063000000000000000e+03
6.920000000000000000e+02 1.666000000000000000e+03
5.650000000000000000e+02 1.019000000000000000e+03
3.910000000000000000e+02 1.006000000000000000e+03
4.690000000000000000e+02 1.036000000000000000e+03
6.430000000000000000e+02 1.251000000000000000e+03
7.790000000000000000e+02 1.444000000000000000e+03
7.850000000000000000e+02 1.475000000000000000e+03
7.270000000000000000e+02 1.447000000000000000e+03
6.920000000000000000e+02 1.451000000000000000e+03
7.420000000000000000e+02 1.470000000000000000e+03
7.090000000000000000e+02 1.466000000000000000e+03
6.470000000000000000e+02 1.492000000000000000e+03
8.200000000000000000e+02 1.360000000000000000e+03
8.150000000000000000e+02 1.317000000000000000e+03
5.010000000000000000e+02 9.710000000000000000e+02
7.310000000000000000e+02 1.145000000000000000e+03
7.110000000000000000e+02 1.306000000000000000e+03
7.110000000000000000e+02 1.276000000000000000e+03
5.250000000000000000e+02 1.226000000000000000e+03
8.170000000000000000e+02 1.254000000000000000e+03
6.040000000000000000e+02 9.550000000000000000e+02
5.440000000000000000e+02 9.570000000000000000e+02
4.380000000000000000e+02 7.600000000000000000e+02
7.790000000000000000e+02 1.001000000000000000e+03
7.050000000000000000e+02 9.990000000000000000e+02
6.110000000000000000e+02 1.450000000000000000e+03
4.310000000000000000e+02 1.389000000000000000e+03
7.390000000000000000e+02 1.333000000000000000e+03
7.750000000000000000e+02 1.350000000000000000e+03
6.450000000000000000e+02 1.457000000000000000e+03
6.560000000000000000e+02 1.460000000000000000e+03
5.200000000000000000e+02 9.280000000000000000e+02
7.070000000000000000e+02 1.314000000000000000e+03
6.830000000000000000e+02 9.690000000000000000e+02
6.770000000000000000e+02 9.370000000000000000e+02
6.060000000000000000e+02 6.880000000000000000e+02
4.720000000000000000e+02 8.310000000000000000e+02
6.360000000000000000e+02 7.950000000000000000e+02
4.740000000000000000e+02 9.470000000000000000e+02
4.320000000000000000e+02 8.750000000000000000e+02
7.810000000000000000e+02 1.461000000000000000e+03
7.340000000000000000e+02 1.459000000000000000e+03
7.000000000000000000e+02 1.458000000000000000e+03
7.480000000000000000e+02 1.339000000000000000e+03
6.500000000000000000e+02 1.458000000000000000e+03
6.700000000000000000e+02 1.476000000000000000e+03
6.610000000000000000e+02 1.461000000000000000e+03
7.660000000000000000e+02 1.339000000000000000e+03
7.160000000000000000e+02 1.472000000000000000e+03
7.490000000000000000e+02 1.478000000000000000e+03
7.890000000000000000e+02 1.484000000000000000e+03
7.910000000000000000e+02 1.594000000000000000e+03
7.760000000000000000e+02 1.560000000000000000e+03
7.790000000000000000e+02 1.534000000000000000e+03
7.840000000000000000e+02 1.507000000000000000e+03
7.900000000000000000e+02 1.486000000000000000e+03
7.160000000000000000e+02 1.472000000000000000e+03
7.050000000000000000e+02 1.482000000000000000e+03
6.940000000000000000e+02 1.495000000000000000e+03
6.860000000000000000e+02 1.509000000000000000e+03
6.630000000000000000e+02 1.405000000000000000e+03
3.890000000000000000e+02 1.168000000000000000e+03
8.550000000000000000e+02 1.380000000000000000e+03
6.910000000000000000e+02 1.467000000000000000e+03
6.800000000000000000e+02 1.471000000000000000e+03
7.920000000000000000e+02 1.368000000000000000e+03
7.190000000000000000e+02 1.333000000000000000e+03
7.840000000000000000e+02 1.359000000000000000e+03
6.910000000000000000e+02 1.163000000000000000e+03
6.240000000000000000e+02 1.187000000000000000e+03
7.030000000000000000e+02 1.286000000000000000e+03
5.030000000000000000e+02 7.140000000000000000e+02
5.380000000000000000e+02 8.020000000000000000e+02
5.900000000000000000e+02 9.210000000000000000e+02
6.860000000000000000e+02 1.532000000000000000e+03
7.700000000000000000e+02 9.540000000000000000e+02
7.370000000000000000e+02 7.950000000000000000e+02
7.180000000000000000e+02 6.760000000000000000e+02
5.770000000000000000e+02 1.056000000000000000e+03
4.710000000000000000e+02 1.086000000000000000e+03
7.360000000000000000e+02 1.053000000000000000e+03
5.200000000000000000e+02 1.003000000000000000e+03
7.590000000000000000e+02 1.125000000000000000e+03
7.410000000000000000e+02 1.307000000000000000e+03
4.290000000000000000e+02 1.102000000000000000e+03
5.010000000000000000e+02 1.116000000000000000e+03
5.530000000000000000e+02 1.136000000000000000e+03
6.290000000000000000e+02 1.134000000000000000e+03
6.840000000000000000e+02 1.121000000000000000e+03
7.250000000000000000e+02 1.107000000000000000e+03
8.130000000000000000e+02 1.086000000000000000e+03
4.340000000000000000e+02 1.191000000000000000e+03
4.820000000000000000e+02 9.970000000000000000e+02
8.320000000000000000e+02 1.375000000000000000e+03
7.300000000000000000e+02 1.196000000000000000e+03
3.780000000000000000e+02 9.780000000000000000e+02
7.570000000000000000e+02 1.093000000000000000e+03
6.990000000000000000e+02 1.279000000000000000e+03
5.450000000000000000e+02 1.021000000000000000e+03
7.410000000000000000e+02 1.270000000000000000e+03
4.040000000000000000e+02 1.275000000000000000e+03
7.330000000000000000e+02 1.041000000000000000e+03
7.790000000000000000e+02 1.259000000000000000e+03
5.120000000000000000e+02 1.530000000000000000e+03
5.160000000000000000e+02 1.571000000000000000e+03
3.970000000000000000e+02 1.185000000000000000e+03
4.650000000000000000e+02 1.460000000000000000e+03
4.100000000000000000e+02 9.310000000000000000e+02
6.820000000000000000e+02 1.715000000000000000e+03
8.350000000000000000e+02 1.377000000000000000e+03
6.930000000000000000e+02 1.220000000000000000e+03
4.290000000000000000e+02 1.038000000000000000e+03
6.170000000000000000e+02 1.041000000000000000e+03
6.490000000000000000e+02 1.044000000000000000e+03
6.620000000000000000e+02 1.481000000000000000e+03
4.380000000000000000e+02 1.276000000000000000e+03
7.570000000000000000e+02 1.780000000000000000e+03
6.310000000000000000e+02 1.701000000000000000e+03
5.770000000000000000e+02 1.646000000000000000e+03
8.510000000000000000e+02 7.970000000000000000e+02
8.460000000000000000e+02 1.789000000000000000e+03
6.790000000000000000e+02 1.042000000000000000e+03
7.080000000000000000e+02 1.040000000000000000e+03
7.260000000000000000e+02 1.040000000000000000e+03
4.500000000000000000e+02 9.830000000000000000e+02
6.980000000000000000e+02 1.016000000000000000e+03
6.650000000000000000e+02 1.007000000000000000e+03
6.330000000000000000e+02 1.006000000000000000e+03
6.040000000000000000e+02 1.009000000000000000e+03
5.850000000000000000e+02 1.013000000000000000e+03
3.830000000000000000e+02 8.870000000000000000e+02
5.960000000000000000e+02 1.035000000000000000e+03
8.520000000000000000e+02 1.404000000000000000e+03
7.070000000000000000e+02 1.393000000000000000e+03
7.410000000000000000e+02 1.332000000000000000e+03
7.890000000000000000e+02 1.399000000000000000e+03
8.520000000000000000e+02 1.025000000000000000e+03
5.680000000000000000e+02 1.599000000000000000e+03
6.220000000000000000e+02 1.658000000000000000e+03
7.570000000000000000e+02 1.751000000000000000e+03
4.700000000000000000e+02 1.489000000000000000e+03
7.220000000000000000e+02 1.030000000000000000e+03
7.860000000000000000e+02 1.158000000000000000e+03
8.480000000000000000e+02 1.763000000000000000e+03
6.890000000000000000e+02 1.749000000000000000e+03
4.090000000000000000e+02 1.280000000000000000e+03
7.490000000000000000e+02 1.479000000000000000e+03
7.400000000000000000e+02 1.496000000000000000e+03
7.310000000000000000e+02 1.517000000000000000e+03
7.250000000000000000e+02 1.540000000000000000e+03
7.330000000000000000e+02 1.569000000000000000e+03
6.820000000000000000e+02 1.462000000000000000e+03
6.730000000000000000e+02 1.458000000000000000e+03
6.660000000000000000e+02 1.454000000000000000e+03
6.280000000000000000e+02 1.424000000000000000e+03
4.870000000000000000e+02 1.312000000000000000e+03
7.860000000000000000e+02 1.103000000000000000e+03
7.670000000000000000e+02 1.027000000000000000e+03
7.390000000000000000e+02 1.024000000000000000e+03
6.910000000000000000e+02 1.467000000000000000e+03
4.780000000000000000e+02 1.407000000000000000e+03
8.040000000000000000e+02 1.036000000000000000e+03
7.120000000000000000e+02 1.614000000000000000e+03
8.550000000000000000e+02 1.192000000000000000e+03
8.160000000000000000e+02 1.143000000000000000e+03
8.540000000000000000e+02 1.137000000000000000e+03
7.550000000000000000e+02 1.223000000000000000e+03
8.480000000000000000e+02 1.714000000000000000e+03
8.480000000000000000e+02 1.652000000000000000e+03
7.790000000000000000e+02 1.645000000000000000e+03
6.120000000000000000e+02 1.514000000000000000e+03
6.650000000000000000e+02 1.308000000000000000e+03
6.580000000000000000e+02 1.569000000000000000e+03
5.740000000000000000e+02 1.294000000000000000e+03
6.250000000000000000e+02 1.347000000000000000e+03
5.350000000000000000e+02 1.354000000000000000e+03
7.650000000000000000e+02 1.704000000000000000e+03
7.280000000000000000e+02 1.236000000000000000e+03
5.790000000000000000e+02 1.550000000000000000e+03
6.350000000000000000e+02 1.611000000000000000e+03
5.760000000000000000e+02 1.457000000000000000e+03
4.450000000000000000e+02 1.348000000000000000e+03
5.270000000000000000e+02 1.462000000000000000e+03
4.280000000000000000e+02 1.370000000000000000e+03
5.880000000000000000e+02 1.390000000000000000e+03
7.590000000000000000e+02 1.176000000000000000e+03
7.540000000000000000e+02 1.332000000000000000e+03
7.230000000000000000e+02 1.325000000000000000e+03
7.760000000000000000e+02 1.313000000000000000e+03
7.390000000000000000e+02 1.004000000000000000e+03
6.760000000000000000e+02 9.820000000000000000e+02
6.200000000000000000e+02 9.740000000000000000e+02
5.730000000000000000e+02 9.750000000000000000e+02
5.390000000000000000e+02 9.850000000000000000e+02
5.110000000000000000e+02 1.029000000000000000e+03
3.890000000000000000e+02 1.095000000000000000e+03
5.430000000000000000e+02 1.081000000000000000e+03
5.830000000000000000e+02 1.095000000000000000e+03
6.360000000000000000e+02 1.097000000000000000e+03
6.850000000000000000e+02 1.090000000000000000e+03
7.220000000000000000e+02 1.082000000000000000e+03
7.480000000000000000e+02 1.074000000000000000e+03
3.820000000000000000e+02 1.070000000000000000e+03
7.220000000000000000e+02 1.328000000000000000e+03
7.860000000000000000e+02 1.207000000000000000e+03
7.870000000000000000e+02 1.347000000000000000e+03
8.060000000000000000e+02 1.363000000000000000e+03
7.840000000000000000e+02 1.348000000000000000e+03
7.320000000000000000e+02 1.336000000000000000e+03
8.170000000000000000e+02 1.371000000000000000e+03
8.180000000000000000e+02 1.372000000000000000e+03
7.480000000000000000e+02 1.045000000000000000e+03
7.690000000000000000e+02 1.059000000000000000e+03
7.820000000000000000e+02 1.069000000000000000e+03
5.740000000000000000e+02 1.017000000000000000e+03
5.470000000000000000e+02 1.005000000000000000e+03
8.900000000000000000e+02 1.196000000000000000e+03
1.124000000000000000e+03 1.028000000000000000e+03
9.030000000000000000e+02 1.364000000000000000e+03
1.276000000000000000e+03 8.230000000000000000e+02
1.006000000000000000e+03 1.065000000000000000e+03
1.046000000000000000e+03 1.067000000000000000e+03
1.087000000000000000e+03 1.065000000000000000e+03
1.140000000000000000e+03 1.039000000000000000e+03
9.720000000000000000e+02 1.061000000000000000e+03
1.084000000000000000e+03 9.840000000000000000e+02
1.036000000000000000e+03 9.880000000000000000e+02
1.124000000000000000e+03 9.860000000000000000e+02
1.147000000000000000e+03 9.940000000000000000e+02
1.176000000000000000e+03 1.061000000000000000e+03
1.001000000000000000e+03 1.665000000000000000e+03
1.140000000000000000e+03 1.017000000000000000e+03
1.292000000000000000e+03 1.011000000000000000e+03
1.224000000000000000e+03 1.032000000000000000e+03
1.057000000000000000e+03 1.251000000000000000e+03
8.960000000000000000e+02 1.442000000000000000e+03
8.890000000000000000e+02 1.474000000000000000e+03
9.480000000000000000e+02 1.443000000000000000e+03
9.820000000000000000e+02 1.446000000000000000e+03
9.330000000000000000e+02 1.466000000000000000e+03
9.650000000000000000e+02 1.461000000000000000e+03
1.041000000000000000e+03 1.491000000000000000e+03
8.930000000000000000e+02 1.359000000000000000e+03
8.980000000000000000e+02 1.317000000000000000e+03
1.213000000000000000e+03 9.680000000000000000e+02
9.710000000000000000e+02 1.145000000000000000e+03
9.960000000000000000e+02 1.306000000000000000e+03
9.950000000000000000e+02 1.276000000000000000e+03
1.172000000000000000e+03 1.228000000000000000e+03
8.940000000000000000e+02 1.254000000000000000e+03
1.126000000000000000e+03 9.580000000000000000e+02
1.180000000000000000e+03 9.560000000000000000e+02
1.243000000000000000e+03 7.640000000000000000e+02
9.370000000000000000e+02 1.005000000000000000e+03
9.920000000000000000e+02 1.001000000000000000e+03
1.077000000000000000e+03 1.449000000000000000e+03
1.251000000000000000e+03 1.391000000000000000e+03
9.670000000000000000e+02 1.333000000000000000e+03
9.330000000000000000e+02 1.350000000000000000e+03
1.027000000000000000e+03 1.450000000000000000e+03
1.017000000000000000e+03 1.453000000000000000e+03
1.203000000000000000e+03 9.270000000000000000e+02
9.980000000000000000e+02 1.314000000000000000e+03
1.045000000000000000e+03 9.730000000000000000e+02
1.056000000000000000e+03 9.410000000000000000e+02
1.090000000000000000e+03 6.910000000000000000e+02
1.215000000000000000e+03 8.340000000000000000e+02
1.062000000000000000e+03 7.960000000000000000e+02
1.235000000000000000e+03 9.420000000000000000e+02
1.252000000000000000e+03 8.790000000000000000e+02
8.930000000000000000e+02 1.460000000000000000e+03
9.410000000000000000e+02 1.456000000000000000e+03
9.740000000000000000e+02 1.453000000000000000e+03
9.580000000000000000e+02 1.339000000000000000e+03
1.022000000000000000e+03 1.452000000000000000e+03
1.002000000000000000e+03 1.469000000000000000e+03
1.011000000000000000e+03 1.454000000000000000e+03
9.440000000000000000e+02 1.339000000000000000e+03
9.580000000000000000e+02 1.467000000000000000e+03
9.260000000000000000e+02 1.475000000000000000e+03
8.850000000000000000e+02 1.483000000000000000e+03
9.040000000000000000e+02 1.594000000000000000e+03
8.970000000000000000e+02 1.558000000000000000e+03
8.940000000000000000e+02 1.532000000000000000e+03
8.890000000000000000e+02 1.505000000000000000e+03
8.840000000000000000e+02 1.484000000000000000e+03
9.580000000000000000e+02 1.467000000000000000e+03
9.680000000000000000e+02 1.477000000000000000e+03
9.790000000000000000e+02 1.490000000000000000e+03
9.870000000000000000e+02 1.503000000000000000e+03
1.032000000000000000e+03 1.405000000000000000e+03
1.289000000000000000e+03 1.172000000000000000e+03
9.820000000000000000e+02 1.461000000000000000e+03
9.920000000000000000e+02 1.465000000000000000e+03
9.150000000000000000e+02 1.368000000000000000e+03
9.850000000000000000e+02 1.334000000000000000e+03
9.240000000000000000e+02 1.360000000000000000e+03
1.010000000000000000e+03 1.163000000000000000e+03
1.076000000000000000e+03 1.188000000000000000e+03
1.002000000000000000e+03 1.287000000000000000e+03
1.185000000000000000e+03 7.180000000000000000e+02
1.155000000000000000e+03 8.040000000000000000e+02
1.141000000000000000e+03 9.230000000000000000e+02
1.004000000000000000e+03 1.532000000000000000e+03
9.550000000000000000e+02 9.590000000000000000e+02
9.640000000000000000e+02 7.960000000000000000e+02
9.820000000000000000e+02 6.770000000000000000e+02
1.121000000000000000e+03 1.055000000000000000e+03
1.221000000000000000e+03 1.083000000000000000e+03
9.520000000000000000e+02 1.056000000000000000e+03
1.186000000000000000e+03 1.001000000000000000e+03
9.440000000000000000e+02 1.125000000000000000e+03
9.680000000000000000e+02 1.307000000000000000e+03
1.261000000000000000e+03 1.106000000000000000e+03
1.193000000000000000e+03 1.116000000000000000e+03
1.142000000000000000e+03 1.138000000000000000e+03
1.063000000000000000e+03 1.137000000000000000e+03
1.005000000000000000e+03 1.124000000000000000e+03
9.640000000000000000e+02 1.112000000000000000e+03
8.920000000000000000e+02 1.086000000000000000e+03
1.257000000000000000e+03 1.194000000000000000e+03
1.220000000000000000e+03 9.940000000000000000e+02
8.800000000000000000e+02 1.375000000000000000e+03
9.730000000000000000e+02 1.196000000000000000e+03
1.298000000000000000e+03 9.820000000000000000e+02
9.350000000000000000e+02 1.099000000000000000e+03
1.004000000000000000e+03 1.279000000000000000e+03
1.157000000000000000e+03 1.018000000000000000e+03
9.670000000000000000e+02 1.270000000000000000e+03
1.276000000000000000e+03 1.278000000000000000e+03
9.530000000000000000e+02 1.043000000000000000e+03
9.310000000000000000e+02 1.259000000000000000e+03
1.175000000000000000e+03 1.530000000000000000e+03
1.168000000000000000e+03 1.569000000000000000e+03
1.289000000000000000e+03 1.189000000000000000e+03
1.222000000000000000e+03 1.461000000000000000e+03
1.273000000000000000e+03 9.360000000000000000e+02
1.010000000000000000e+03 1.714000000000000000e+03
8.750000000000000000e+02 1.377000000000000000e+03
1.009000000000000000e+03 1.220000000000000000e+03
1.255000000000000000e+03 1.031000000000000000e+03
1.083000000000000000e+03 1.042000000000000000e+03
1.047000000000000000e+03 1.045000000000000000e+03
1.011000000000000000e+03 1.474000000000000000e+03
1.253000000000000000e+03 1.279000000000000000e+03
9.330000000000000000e+02 1.778000000000000000e+03
1.057000000000000000e+03 1.698000000000000000e+03
1.109000000000000000e+03 1.644000000000000000e+03
1.013000000000000000e+03 1.043000000000000000e+03
9.810000000000000000e+02 1.042000000000000000e+03
9.610000000000000000e+02 1.043000000000000000e+03
1.245000000000000000e+03 9.770000000000000000e+02
9.930000000000000000e+02 1.015000000000000000e+03
1.031000000000000000e+03 1.003000000000000000e+03
1.068000000000000000e+03 1.000000000000000000e+03
1.102000000000000000e+03 1.004000000000000000e+03
1.122000000000000000e+03 1.010000000000000000e+03
1.292000000000000000e+03 8.910000000000000000e+02
1.107000000000000000e+03 1.035000000000000000e+03
9.930000000000000000e+02 1.393000000000000000e+03
9.670000000000000000e+02 1.332000000000000000e+03
9.150000000000000000e+02 1.399000000000000000e+03
1.120000000000000000e+03 1.599000000000000000e+03
1.068000000000000000e+03 1.658000000000000000e+03
9.360000000000000000e+02 1.751000000000000000e+03
1.213000000000000000e+03 1.489000000000000000e+03
9.660000000000000000e+02 1.032000000000000000e+03
9.200000000000000000e+02 1.158000000000000000e+03
1.000000000000000000e+03 1.746000000000000000e+03
1.277000000000000000e+03 1.283000000000000000e+03
9.250000000000000000e+02 1.476000000000000000e+03
9.340000000000000000e+02 1.492000000000000000e+03
9.420000000000000000e+02 1.513000000000000000e+03
9.490000000000000000e+02 1.536000000000000000e+03
9.600000000000000000e+02 1.568000000000000000e+03
9.920000000000000000e+02 1.456000000000000000e+03
1.000000000000000000e+03 1.452000000000000000e+03
1.008000000000000000e+03 1.448000000000000000e+03
1.063000000000000000e+03 1.423000000000000000e+03
1.207000000000000000e+03 1.313000000000000000e+03
9.170000000000000000e+02 1.104000000000000000e+03
9.290000000000000000e+02 1.030000000000000000e+03
9.520000000000000000e+02 1.027000000000000000e+03
9.830000000000000000e+02 1.461000000000000000e+03
1.212000000000000000e+03 1.409000000000000000e+03
8.990000000000000000e+02 1.042000000000000000e+03
9.810000000000000000e+02 1.613000000000000000e+03
8.920000000000000000e+02 1.143000000000000000e+03
9.510000000000000000e+02 1.223000000000000000e+03
9.160000000000000000e+02 1.645000000000000000e+03
1.076000000000000000e+03 1.513000000000000000e+03
1.035000000000000000e+03 1.308000000000000000e+03
1.032000000000000000e+03 1.568000000000000000e+03
1.123000000000000000e+03 1.295000000000000000e+03
1.071000000000000000e+03 1.347000000000000000e+03
1.159000000000000000e+03 1.355000000000000000e+03
9.300000000000000000e+02 1.704000000000000000e+03
9.760000000000000000e+02 1.236000000000000000e+03
1.110000000000000000e+03 1.550000000000000000e+03
1.056000000000000000e+03 1.611000000000000000e+03
1.113000000000000000e+03 1.458000000000000000e+03
1.244000000000000000e+03 1.350000000000000000e+03
1.163000000000000000e+03 1.463000000000000000e+03
1.257000000000000000e+03 1.372000000000000000e+03
1.104000000000000000e+03 1.390000000000000000e+03
9.460000000000000000e+02 1.176000000000000000e+03
9.560000000000000000e+02 1.331000000000000000e+03
9.850000000000000000e+02 1.325000000000000000e+03
9.350000000000000000e+02 1.313000000000000000e+03
9.650000000000000000e+02 1.006000000000000000e+03
1.038000000000000000e+03 9.840000000000000000e+02
1.100000000000000000e+03 9.760000000000000000e+02
1.147000000000000000e+03 9.760000000000000000e+02
1.176000000000000000e+03 9.840000000000000000e+02
1.186000000000000000e+03 1.026000000000000000e+03
1.294000000000000000e+03 1.099000000000000000e+03
1.153000000000000000e+03 1.081000000000000000e+03
1.111000000000000000e+03 1.097000000000000000e+03
1.055000000000000000e+03 1.099000000000000000e+03
1.003000000000000000e+03 1.092000000000000000e+03
9.650000000000000000e+02 1.085000000000000000e+03
9.400000000000000000e+02 1.078000000000000000e+03
1.294000000000000000e+03 1.075000000000000000e+03
9.840000000000000000e+02 1.328000000000000000e+03
9.210000000000000000e+02 1.207000000000000000e+03
9.250000000000000000e+02 1.347000000000000000e+03
9.040000000000000000e+02 1.363000000000000000e+03
9.260000000000000000e+02 1.348000000000000000e+03
9.740000000000000000e+02 1.336000000000000000e+03
8.940000000000000000e+02 1.370000000000000000e+03
8.910000000000000000e+02 1.372000000000000000e+03
9.400000000000000000e+02 1.049000000000000000e+03
9.210000000000000000e+02 1.063000000000000000e+03
9.130000000000000000e+02 1.076000000000000000e+03
1.133000000000000000e+03 1.014000000000000000e+03
1.161000000000000000e+03 1.003000000000000000e+03
6.490000000000000000e+02 1.021000000000000000e+03
6.880000000000000000e+02 1.023000000000000000e+03
6.510000000000000000e+02 9.880000000000000000e+02
6.090000000000000000e+02 1.020000000000000000e+03
6.470000000000000000e+02 1.054000000000000000e+03
1.049000000000000000e+03 1.021000000000000000e+03
1.091000000000000000e+03 1.020000000000000000e+03
1.048000000000000000e+03 9.870000000000000000e+02
1.007000000000000000e+03 1.021000000000000000e+03
1.050000000000000000e+03 1.054000000000000000e+03
0.000000000000000000e+00 0.000000000000000000e+00
1.749000000000000000e+03 0.000000000000000000e+00
1.749000000000000000e+03 2.187000000000000000e+03
0.000000000000000000e+00 2.187000000000000000e+03
8.700000000000000000e+01 0.000000000000000000e+00
8.700000000000000000e+01 2.187000000000000000e+03
0.000000000000000000e+00 1.090000000000000000e+02
1.749000000000000000e+03 1.090000000000000000e+02
1.750000000000000000e+02 0.000000000000000000e+00
1.750000000000000000e+02 2.187000000000000000e+03
0.000000000000000000e+00 2.180000000000000000e+02
1.749000000000000000e+03 2.180000000000000000e+02
2.620000000000000000e+02 0.000000000000000000e+00
2.620000000000000000e+02 2.187000000000000000e+03
0.000000000000000000e+00 3.280000000000000000e+02
1.749000000000000000e+03 3.280000000000000000e+02
3.500000000000000000e+02 0.000000000000000000e+00
3.500000000000000000e+02 2.187000000000000000e+03
0.000000000000000000e+00 4.370000000000000000e+02
1.749000000000000000e+03 4.370000000000000000e+02
4.370000000000000000e+02 0.000000000000000000e+00
4.370000000000000000e+02 2.187000000000000000e+03
0.000000000000000000e+00 5.470000000000000000e+02
1.749000000000000000e+03 5.470000000000000000e+02
5.250000000000000000e+02 0.000000000000000000e+00
5.250000000000000000e+02 2.187000000000000000e+03
0.000000000000000000e+00 6.560000000000000000e+02
1.749000000000000000e+03 6.560000000000000000e+02
6.120000000000000000e+02 0.000000000000000000e+00
6.120000000000000000e+02 2.187000000000000000e+03
0.000000000000000000e+00 7.650000000000000000e+02
1.749000000000000000e+03 7.650000000000000000e+02
7.000000000000000000e+02 0.000000000000000000e+00
7.000000000000000000e+02 2.187000000000000000e+03
0.000000000000000000e+00 8.750000000000000000e+02
1.749000000000000000e+03 8.750000000000000000e+02
7.870000000000000000e+02 0.000000000000000000e+00
7.870000000000000000e+02 2.187000000000000000e+03
0.000000000000000000e+00 9.840000000000000000e+02
1.749000000000000000e+03 9.840000000000000000e+02
8.750000000000000000e+02 0.000000000000000000e+00
8.750000000000000000e+02 2.187000000000000000e+03
0.000000000000000000e+00 1.094000000000000000e+03
1.749000000000000000e+03 1.094000000000000000e+03
9.620000000000000000e+02 0.000000000000000000e+00
9.620000000000000000e+02 2.187000000000000000e+03
0.000000000000000000e+00 1.203000000000000000e+03
1.749000000000000000e+03 1.203000000000000000e+03
1.050000000000000000e+03 0.000000000000000000e+00
1.050000000000000000e+03 2.187000000000000000e+03
0.000000000000000000e+00 1.312000000000000000e+03
1.749000000000000000e+03 1.312000000000000000e+03
1.137000000000000000e+03 0.000000000000000000e+00
1.137000000000000000e+03 2.187000000000000000e+03
0.000000000000000000e+00 1.422000000000000000e+03
1.749000000000000000e+03 1.422000000000000000e+03
1.225000000000000000e+03 0.000000000000000000e+00
1.225000000000000000e+03 2.187000000000000000e+03
0.000000000000000000e+00 1.531000000000000000e+03
1.749000000000000000e+03 1.531000000000000000e+03
1.312000000000000000e+03 0.000000000000000000e+00
1.312000000000000000e+03 2.187000000000000000e+03
0.000000000000000000e+00 1.641000000000000000e+03
1.749000000000000000e+03 1.641000000000000000e+03
1.400000000000000000e+03 0.000000000000000000e+00
1.400000000000000000e+03 2.187000000000000000e+03
0.000000000000000000e+00 1.750000000000000000e+03
1.749000000000000000e+03 1.750000000000000000e+03
1.487000000000000000e+03 0.000000000000000000e+00
1.487000000000000000e+03 2.187000000000000000e+03
0.000000000000000000e+00 1.859000000000000000e+03
1.749000000000000000e+03 1.859000000000000000e+03
1.575000000000000000e+03 0.000000000000000000e+00
1.575000000000000000e+03 2.187000000000000000e+03
0.000000000000000000e+00 1.969000000000000000e+03
1.749000000000000000e+03 1.969000000000000000e+03
1.662000000000000000e+03 0.000000000000000000e+00
1.662000000000000000e+03 2.187000000000000000e+03
0.000000000000000000e+00 2.078000000000000000e+03
1.749000000000000000e+03 2.078000000000000000e+03
