8.540000000000000000e+02 1.470000000000000000e+03
8.000000000000000000e+02 1.326000000000000000e+03
7.970000000000000000e+02 1.356000000000000000e+03
7.710000000000000000e+02 1.195000000000000000e+03
8.020000000000000000e+02 1.289000000000000000e+03
8.040000000000000000e+02 1.236000000000000000e+03
8.090000000000000000e+02 1.105000000000000000e+03
5.510000000000000000e+02 1.074000000000000000e+03
8.130000000000000000e+02 1.008000000000000000e+03
8.150000000000000000e+02 9.580000000000000000e+02
8.240000000000000000e+02 7.740000000000000000e+02
8.530000000000000000e+02 1.484000000000000000e+03
8.480000000000000000e+02 1.498000000000000000e+03
8.410000000000000000e+02 1.508000000000000000e+03
8.430000000000000000e+02 1.512000000000000000e+03
8.460000000000000000e+02 1.532000000000000000e+03
8.450000000000000000e+02 1.555000000000000000e+03
8.410000000000000000e+02 1.577000000000000000e+03
7.870000000000000000e+02 1.564000000000000000e+03
7.990000000000000000e+02 1.343000000000000000e+03
7.580000000000000000e+02 1.338000000000000000e+03
4.020000000000000000e+02 9.090000000000000000e+02
6.550000000000000000e+02 1.110000000000000000e+03
6.160000000000000000e+02 1.112000000000000000e+03
5.790000000000000000e+02 1.109000000000000000e+03
5.330000000000000000e+02 1.086000000000000000e+03
6.890000000000000000e+02 1.103000000000000000e+03
5.990000000000000000e+02 1.002000000000000000e+03
6.430000000000000000e+02 1.006000000000000000e+03
5.580000000000000000e+02 1.009000000000000000e+03
5.330000000000000000e+02 1.024000000000000000e+03
4.950000000000000000e+02 1.109000000000000000e+03
6.420000000000000000e+02 1.614000000000000000e+03
5.370000000000000000e+02 1.063000000000000000e+03
3.710000000000000000e+02 1.069000000000000000e+03
4.480000000000000000e+02 1.081000000000000000e+03
6.040000000000000000e+02 1.267000000000000000e+03
8.010000000000000000e+02 1.459000000000000000e+03
7.990000000000000000e+02 1.494000000000000000e+03
7.420000000000000000e+02 1.468000000000000000e+03
6.990000000000000000e+02 1.477000000000000000e+03
7.500000000000000000e+02 1.493000000000000000e+03
7.100000000000000000e+02 1.493000000000000000e+03
6.130000000000000000e+02 1.496000000000000000e+03
7.670000000000000000e+02 1.323000000000000000e+03
7.620000000000000000e+02 1.287000000000000000e+03
4.750000000000000000e+02 9.930000000000000000e+02
6.880000000000000000e+02 1.176000000000000000e+03
6.740000000000000000e+02 1.300000000000000000e+03
6.730000000000000000e+02 1.279000000000000000e+03
4.900000000000000000e+02 1.254000000000000000e+03
7.670000000000000000e+02 1.238000000000000000e+03
5.680000000000000000e+02 9.560000000000000000e+02
5.140000000000000000e+02 9.680000000000000000e+02
4.400000000000000000e+02 8.510000000000000000e+02
7.360000000000000000e+02 9.930000000000000000e+02
6.820000000000000000e+02 1.023000000000000000e+03
5.840000000000000000e+02 1.466000000000000000e+03
3.940000000000000000e+02 1.410000000000000000e+03
7.020000000000000000e+02 1.322000000000000000e+03
7.330000000000000000e+02 1.335000000000000000e+03
6.390000000000000000e+02 1.493000000000000000e+03
6.500000000000000000e+02 1.494000000000000000e+03
4.910000000000000000e+02 9.430000000000000000e+02
6.720000000000000000e+02 1.314000000000000000e+03
6.410000000000000000e+02 9.620000000000000000e+02
6.340000000000000000e+02 9.320000000000000000e+02
5.940000000000000000e+02 7.810000000000000000e+02
4.630000000000000000e+02 8.960000000000000000e+02
6.130000000000000000e+02 8.580000000000000000e+02
4.490000000000000000e+02 9.740000000000000000e+02
4.230000000000000000e+02 9.410000000000000000e+02
8.010000000000000000e+02 1.478000000000000000e+03
7.470000000000000000e+02 1.481000000000000000e+03
7.050000000000000000e+02 1.485000000000000000e+03
7.110000000000000000e+02 1.329000000000000000e+03
6.450000000000000000e+02 1.494000000000000000e+03
6.670000000000000000e+02 1.505000000000000000e+03
6.550000000000000000e+02 1.494000000000000000e+03
7.220000000000000000e+02 1.315000000000000000e+03
7.120000000000000000e+02 1.498000000000000000e+03
7.510000000000000000e+02 1.500000000000000000e+03
7.960000000000000000e+02 1.504000000000000000e+03
7.380000000000000000e+02 1.559000000000000000e+03
7.830000000000000000e+02 1.570000000000000000e+03
7.900000000000000000e+02 1.548000000000000000e+03
7.940000000000000000e+02 1.525000000000000000e+03
7.970000000000000000e+02 1.507000000000000000e+03
7.120000000000000000e+02 1.499000000000000000e+03
7.040000000000000000e+02 1.507000000000000000e+03
6.950000000000000000e+02 1.517000000000000000e+03
6.860000000000000000e+02 1.527000000000000000e+03
6.300000000000000000e+02 1.409000000000000000e+03
3.640000000000000000e+02 1.219000000000000000e+03
7.980000000000000000e+02 1.349000000000000000e+03
6.830000000000000000e+02 1.496000000000000000e+03
6.760000000000000000e+02 1.500000000000000000e+03
7.450000000000000000e+02 1.350000000000000000e+03
6.850000000000000000e+02 1.335000000000000000e+03
7.390000000000000000e+02 1.343000000000000000e+03
6.460000000000000000e+02 1.195000000000000000e+03
5.820000000000000000e+02 1.217000000000000000e+03
6.660000000000000000e+02 1.293000000000000000e+03
5.000000000000000000e+02 8.070000000000000000e+02
5.220000000000000000e+02 8.670000000000000000e+02
5.540000000000000000e+02 9.260000000000000000e+02
6.460000000000000000e+02 1.520000000000000000e+03
7.240000000000000000e+02 9.440000000000000000e+02
7.080000000000000000e+02 8.610000000000000000e+02
6.980000000000000000e+02 7.720000000000000000e+02
5.490000000000000000e+02 1.101000000000000000e+03
4.510000000000000000e+02 1.134000000000000000e+03
7.110000000000000000e+02 1.096000000000000000e+03
4.930000000000000000e+02 1.039000000000000000e+03
7.160000000000000000e+02 1.154000000000000000e+03
6.980000000000000000e+02 1.292000000000000000e+03
3.980000000000000000e+02 1.149000000000000000e+03
4.790000000000000000e+02 1.163000000000000000e+03
5.300000000000000000e+02 1.179000000000000000e+03
6.050000000000000000e+02 1.174000000000000000e+03
6.590000000000000000e+02 1.160000000000000000e+03
6.990000000000000000e+02 1.145000000000000000e+03
7.710000000000000000e+02 1.112000000000000000e+03
4.010000000000000000e+02 1.228000000000000000e+03
4.590000000000000000e+02 1.032000000000000000e+03
7.780000000000000000e+02 1.341000000000000000e+03
6.890000000000000000e+02 1.216000000000000000e+03
3.650000000000000000e+02 1.056000000000000000e+03
7.300000000000000000e+02 1.127000000000000000e+03
6.630000000000000000e+02 1.293000000000000000e+03
5.180000000000000000e+02 1.064000000000000000e+03
6.980000000000000000e+02 1.265000000000000000e+03
3.730000000000000000e+02 1.311000000000000000e+03
7.120000000000000000e+02 1.083000000000000000e+03
7.310000000000000000e+02 1.248000000000000000e+03
4.670000000000000000e+02 1.520000000000000000e+03
4.660000000000000000e+02 1.557000000000000000e+03
3.650000000000000000e+02 1.226000000000000000e+03
4.230000000000000000e+02 1.463000000000000000e+03
3.960000000000000000e+02 9.990000000000000000e+02
6.290000000000000000e+02 1.653000000000000000e+03
7.810000000000000000e+02 1.347000000000000000e+03
6.530000000000000000e+02 1.240000000000000000e+03
4.120000000000000000e+02 1.085000000000000000e+03
5.850000000000000000e+02 1.088000000000000000e+03
6.170000000000000000e+02 1.092000000000000000e+03
6.580000000000000000e+02 1.509000000000000000e+03
4.050000000000000000e+02 1.303000000000000000e+03
6.990000000000000000e+02 1.710000000000000000e+03
5.760000000000000000e+02 1.650000000000000000e+03
5.240000000000000000e+02 1.612000000000000000e+03
8.190000000000000000e+02 8.660000000000000000e+02
7.840000000000000000e+02 1.720000000000000000e+03
6.490000000000000000e+02 1.090000000000000000e+03
6.810000000000000000e+02 1.086000000000000000e+03
7.020000000000000000e+02 1.085000000000000000e+03
4.270000000000000000e+02 1.022000000000000000e+03
6.750000000000000000e+02 1.051000000000000000e+03
6.400000000000000000e+02 1.037000000000000000e+03
6.070000000000000000e+02 1.035000000000000000e+03
5.750000000000000000e+02 1.041000000000000000e+03
5.560000000000000000e+02 1.050000000000000000e+03
3.780000000000000000e+02 9.730000000000000000e+02
5.650000000000000000e+02 1.082000000000000000e+03
7.950000000000000000e+02 1.385000000000000000e+03
6.670000000000000000e+02 1.390000000000000000e+03
7.030000000000000000e+02 1.318000000000000000e+03
7.400000000000000000e+02 1.384000000000000000e+03
8.120000000000000000e+02 1.054000000000000000e+03
5.190000000000000000e+02 1.572000000000000000e+03
5.700000000000000000e+02 1.613000000000000000e+03
6.990000000000000000e+02 1.681000000000000000e+03
4.260000000000000000e+02 1.493000000000000000e+03
7.010000000000000000e+02 1.070000000000000000e+03
7.420000000000000000e+02 1.172000000000000000e+03
7.840000000000000000e+02 1.693000000000000000e+03
6.330000000000000000e+02 1.685000000000000000e+03
3.730000000000000000e+02 1.309000000000000000e+03
7.520000000000000000e+02 1.502000000000000000e+03
7.450000000000000000e+02 1.516000000000000000e+03
7.370000000000000000e+02 1.533000000000000000e+03
7.290000000000000000e+02 1.551000000000000000e+03
6.870000000000000000e+02 1.542000000000000000e+03
6.770000000000000000e+02 1.493000000000000000e+03
6.710000000000000000e+02 1.490000000000000000e+03
6.640000000000000000e+02 1.485000000000000000e+03
6.010000000000000000e+02 1.435000000000000000e+03
4.550000000000000000e+02 1.330000000000000000e+03
7.440000000000000000e+02 1.130000000000000000e+03
7.370000000000000000e+02 1.054000000000000000e+03
7.150000000000000000e+02 1.057000000000000000e+03
6.830000000000000000e+02 1.497000000000000000e+03
4.450000000000000000e+02 1.416000000000000000e+03
7.680000000000000000e+02 1.055000000000000000e+03
6.630000000000000000e+02 1.577000000000000000e+03
8.060000000000000000e+02 1.191000000000000000e+03
7.700000000000000000e+02 1.155000000000000000e+03
8.080000000000000000e+02 1.150000000000000000e+03
7.120000000000000000e+02 1.230000000000000000e+03
7.840000000000000000e+02 1.653000000000000000e+03
7.850000000000000000e+02 1.606000000000000000e+03
7.240000000000000000e+02 1.599000000000000000e+03
5.720000000000000000e+02 1.509000000000000000e+03
6.290000000000000000e+02 1.319000000000000000e+03
6.120000000000000000e+02 1.547000000000000000e+03
5.410000000000000000e+02 1.307000000000000000e+03
5.920000000000000000e+02 1.354000000000000000e+03
5.050000000000000000e+02 1.364000000000000000e+03
7.090000000000000000e+02 1.642000000000000000e+03
6.880000000000000000e+02 1.248000000000000000e+03
5.350000000000000000e+02 1.533000000000000000e+03
5.860000000000000000e+02 1.577000000000000000e+03
5.410000000000000000e+02 1.465000000000000000e+03
4.120000000000000000e+02 1.366000000000000000e+03
4.900000000000000000e+02 1.464000000000000000e+03
3.890000000000000000e+02 1.388000000000000000e+03
5.600000000000000000e+02 1.401000000000000000e+03
7.160000000000000000e+02 1.193000000000000000e+03
7.100000000000000000e+02 1.309000000000000000e+03
6.860000000000000000e+02 1.314000000000000000e+03
7.280000000000000000e+02 1.288000000000000000e+03
7.060000000000000000e+02 1.017000000000000000e+03
6.430000000000000000e+02 9.920000000000000000e+02
5.870000000000000000e+02 9.870000000000000000e+02
5.410000000000000000e+02 9.950000000000000000e+02
5.090000000000000000e+02 1.011000000000000000e+03
4.880000000000000000e+02 1.072000000000000000e+03
3.630000000000000000e+02 1.146000000000000000e+03
5.180000000000000000e+02 1.126000000000000000e+03
5.570000000000000000e+02 1.139000000000000000e+03
6.090000000000000000e+02 1.140000000000000000e+03
6.580000000000000000e+02 1.133000000000000000e+03
6.960000000000000000e+02 1.122000000000000000e+03
7.220000000000000000e+02 1.112000000000000000e+03
3.640000000000000000e+02 1.136000000000000000e+03
6.860000000000000000e+02 1.322000000000000000e+03
7.400000000000000000e+02 1.209000000000000000e+03
7.380000000000000000e+02 1.316000000000000000e+03
7.560000000000000000e+02 1.333000000000000000e+03
7.370000000000000000e+02 1.320000000000000000e+03
6.970000000000000000e+02 1.332000000000000000e+03
7.650000000000000000e+02 1.337000000000000000e+03
7.680000000000000000e+02 1.344000000000000000e+03
7.250000000000000000e+02 1.085000000000000000e+03
7.420000000000000000e+02 1.093000000000000000e+03
7.530000000000000000e+02 1.100000000000000000e+03
5.460000000000000000e+02 1.057000000000000000e+03
5.170000000000000000e+02 1.041000000000000000e+03
8.390000000000000000e+02 1.197000000000000000e+03
1.082000000000000000e+03 1.089000000000000000e+03
8.390000000000000000e+02 1.341000000000000000e+03
1.235000000000000000e+03 9.390000000000000000e+02
9.760000000000000000e+02 1.113000000000000000e+03
1.013000000000000000e+03 1.119000000000000000e+03
1.049000000000000000e+03 1.121000000000000000e+03
1.097000000000000000e+03 1.101000000000000000e+03
9.450000000000000000e+02 1.104000000000000000e+03
1.042000000000000000e+03 1.015000000000000000e+03
9.980000000000000000e+02 1.016000000000000000e+03
1.081000000000000000e+03 1.025000000000000000e+03
1.104000000000000000e+03 1.040000000000000000e+03
1.129000000000000000e+03 1.125000000000000000e+03
9.280000000000000000e+02 1.625000000000000000e+03
1.097000000000000000e+03 1.078000000000000000e+03
1.248000000000000000e+03 1.100000000000000000e+03
1.174000000000000000e+03 1.097000000000000000e+03
9.950000000000000000e+02 1.282000000000000000e+03
8.950000000000000000e+02 1.463000000000000000e+03
8.830000000000000000e+02 1.497000000000000000e+03
9.260000000000000000e+02 1.473000000000000000e+03
9.440000000000000000e+02 1.485000000000000000e+03
9.090000000000000000e+02 1.498000000000000000e+03
9.270000000000000000e+02 1.500000000000000000e+03
9.600000000000000000e+02 1.511000000000000000e+03
8.330000000000000000e+02 1.326000000000000000e+03
8.400000000000000000e+02 1.290000000000000000e+03
1.160000000000000000e+03 1.011000000000000000e+03
9.220000000000000000e+02 1.184000000000000000e+03
9.250000000000000000e+02 1.311000000000000000e+03
9.280000000000000000e+02 1.289000000000000000e+03
1.109000000000000000e+03 1.277000000000000000e+03
8.400000000000000000e+02 1.241000000000000000e+03
1.075000000000000000e+03 9.720000000000000000e+02
1.126000000000000000e+03 9.850000000000000000e+02
1.202000000000000000e+03 8.780000000000000000e+02
9.010000000000000000e+02 9.940000000000000000e+02
9.590000000000000000e+02 1.030000000000000000e+03
9.910000000000000000e+02 1.483000000000000000e+03
1.194000000000000000e+03 1.437000000000000000e+03
8.950000000000000000e+02 1.330000000000000000e+03
8.640000000000000000e+02 1.341000000000000000e+03
9.650000000000000000e+02 1.506000000000000000e+03
9.560000000000000000e+02 1.506000000000000000e+03
1.148000000000000000e+03 9.610000000000000000e+02
9.250000000000000000e+02 1.325000000000000000e+03
1.003000000000000000e+03 9.710000000000000000e+02
1.010000000000000000e+03 9.430000000000000000e+02
1.052000000000000000e+03 7.980000000000000000e+02
1.173000000000000000e+03 9.200000000000000000e+02
1.025000000000000000e+03 8.710000000000000000e+02
1.183000000000000000e+03 9.910000000000000000e+02
1.210000000000000000e+03 9.680000000000000000e+02
8.920000000000000000e+02 1.482000000000000000e+03
9.190000000000000000e+02 1.487000000000000000e+03
9.370000000000000000e+02 1.493000000000000000e+03
8.860000000000000000e+02 1.336000000000000000e+03
9.600000000000000000e+02 1.506000000000000000e+03
9.520000000000000000e+02 1.516000000000000000e+03
9.510000000000000000e+02 1.506000000000000000e+03
8.780000000000000000e+02 1.321000000000000000e+03
9.180000000000000000e+02 1.505000000000000000e+03
8.990000000000000000e+02 1.506000000000000000e+03
8.730000000000000000e+02 1.507000000000000000e+03
8.350000000000000000e+02 1.563000000000000000e+03
8.860000000000000000e+02 1.573000000000000000e+03
8.870000000000000000e+02 1.552000000000000000e+03
8.840000000000000000e+02 1.529000000000000000e+03
8.760000000000000000e+02 1.511000000000000000e+03
9.200000000000000000e+02 1.507000000000000000e+03
9.310000000000000000e+02 1.516000000000000000e+03
9.400000000000000000e+02 1.527000000000000000e+03
9.460000000000000000e+02 1.537000000000000000e+03
9.520000000000000000e+02 1.422000000000000000e+03
1.240000000000000000e+03 1.251000000000000000e+03
9.350000000000000000e+02 1.506000000000000000e+03
9.440000000000000000e+02 1.511000000000000000e+03
8.500000000000000000e+02 1.355000000000000000e+03
9.100000000000000000e+02 1.346000000000000000e+03
8.570000000000000000e+02 1.348000000000000000e+03
9.610000000000000000e+02 1.207000000000000000e+03
1.022000000000000000e+03 1.234000000000000000e+03
9.330000000000000000e+02 1.304000000000000000e+03
1.145000000000000000e+03 8.300000000000000000e+02
1.115000000000000000e+03 8.860000000000000000e+02
1.089000000000000000e+03 9.430000000000000000e+02
9.260000000000000000e+02 1.532000000000000000e+03
9.150000000000000000e+02 9.460000000000000000e+02
9.290000000000000000e+02 8.680000000000000000e+02
9.480000000000000000e+02 7.810000000000000000e+02
1.079000000000000000e+03 1.115000000000000000e+03
1.169000000000000000e+03 1.151000000000000000e+03
9.250000000000000000e+02 1.096000000000000000e+03
1.139000000000000000e+03 1.055000000000000000e+03
8.960000000000000000e+02 1.160000000000000000e+03
9.020000000000000000e+02 1.299000000000000000e+03
1.212000000000000000e+03 1.178000000000000000e+03
1.142000000000000000e+03 1.180000000000000000e+03
1.093000000000000000e+03 1.195000000000000000e+03
1.020000000000000000e+03 1.185000000000000000e+03
9.670000000000000000e+02 1.166000000000000000e+03
9.290000000000000000e+02 1.149000000000000000e+03
8.460000000000000000e+02 1.114000000000000000e+03
1.200000000000000000e+03 1.258000000000000000e+03
1.169000000000000000e+03 1.049000000000000000e+03
8.200000000000000000e+02 1.342000000000000000e+03
9.170000000000000000e+02 1.225000000000000000e+03
1.257000000000000000e+03 1.087000000000000000e+03
8.990000000000000000e+02 1.130000000000000000e+03
9.360000000000000000e+02 1.304000000000000000e+03
1.113000000000000000e+03 1.080000000000000000e+03
9.050000000000000000e+02 1.273000000000000000e+03
1.224000000000000000e+03 1.341000000000000000e+03
9.250000000000000000e+02 1.083000000000000000e+03
8.740000000000000000e+02 1.253000000000000000e+03
1.109000000000000000e+03 1.543000000000000000e+03
1.109000000000000000e+03 1.578000000000000000e+03
1.238000000000000000e+03 1.257000000000000000e+03
1.157000000000000000e+03 1.489000000000000000e+03
1.231000000000000000e+03 1.028000000000000000e+03
9.400000000000000000e+02 1.665000000000000000e+03
8.160000000000000000e+02 1.348000000000000000e+03
9.500000000000000000e+02 1.252000000000000000e+03
1.204000000000000000e+03 1.101000000000000000e+03
1.045000000000000000e+03 1.100000000000000000e+03
1.014000000000000000e+03 1.100000000000000000e+03
9.580000000000000000e+02 1.521000000000000000e+03
1.189000000000000000e+03 1.331000000000000000e+03
8.680000000000000000e+02 1.716000000000000000e+03
9.930000000000000000e+02 1.665000000000000000e+03
1.048000000000000000e+03 1.630000000000000000e+03
9.840000000000000000e+02 1.094000000000000000e+03
9.540000000000000000e+02 1.088000000000000000e+03
9.340000000000000000e+02 1.085000000000000000e+03
1.196000000000000000e+03 1.038000000000000000e+03
9.630000000000000000e+02 1.056000000000000000e+03
9.970000000000000000e+02 1.047000000000000000e+03
1.031000000000000000e+03 1.048000000000000000e+03
1.062000000000000000e+03 1.056000000000000000e+03
1.080000000000000000e+03 1.065000000000000000e+03
1.253000000000000000e+03 1.005000000000000000e+03
1.067000000000000000e+03 1.095000000000000000e+03
9.200000000000000000e+02 1.401000000000000000e+03
8.960000000000000000e+02 1.325000000000000000e+03
8.490000000000000000e+02 1.389000000000000000e+03
1.053000000000000000e+03 1.592000000000000000e+03
9.990000000000000000e+02 1.630000000000000000e+03
8.680000000000000000e+02 1.688000000000000000e+03
1.155000000000000000e+03 1.517000000000000000e+03
9.370000000000000000e+02 1.073000000000000000e+03
8.700000000000000000e+02 1.176000000000000000e+03
9.350000000000000000e+02 1.695000000000000000e+03
1.222000000000000000e+03 1.339000000000000000e+03
9.010000000000000000e+02 1.509000000000000000e+03
9.120000000000000000e+02 1.523000000000000000e+03
9.190000000000000000e+02 1.540000000000000000e+03
9.220000000000000000e+02 1.558000000000000000e+03
8.850000000000000000e+02 1.551000000000000000e+03
9.420000000000000000e+02 1.503000000000000000e+03
9.500000000000000000e+02 1.500000000000000000e+03
9.560000000000000000e+02 1.496000000000000000e+03
9.770000000000000000e+02 1.451000000000000000e+03
1.135000000000000000e+03 1.355000000000000000e+03
8.710000000000000000e+02 1.135000000000000000e+03
8.990000000000000000e+02 1.055000000000000000e+03
9.230000000000000000e+02 1.060000000000000000e+03
9.330000000000000000e+02 1.505000000000000000e+03
1.138000000000000000e+03 1.441000000000000000e+03
8.620000000000000000e+02 1.054000000000000000e+03
9.080000000000000000e+02 1.587000000000000000e+03
8.430000000000000000e+02 1.158000000000000000e+03
8.940000000000000000e+02 1.237000000000000000e+03
8.460000000000000000e+02 1.604000000000000000e+03
1.002000000000000000e+03 1.526000000000000000e+03
9.660000000000000000e+02 1.333000000000000000e+03
9.590000000000000000e+02 1.561000000000000000e+03
1.053000000000000000e+03 1.327000000000000000e+03
9.970000000000000000e+02 1.370000000000000000e+03
1.082000000000000000e+03 1.385000000000000000e+03
8.590000000000000000e+02 1.648000000000000000e+03
9.160000000000000000e+02 1.257000000000000000e+03
1.038000000000000000e+03 1.553000000000000000e+03
9.840000000000000000e+02 1.592000000000000000e+03
1.035000000000000000e+03 1.484000000000000000e+03
1.176000000000000000e+03 1.393000000000000000e+03
1.087000000000000000e+03 1.486000000000000000e+03
1.198000000000000000e+03 1.416000000000000000e+03
1.022000000000000000e+03 1.420000000000000000e+03
8.930000000000000000e+02 1.200000000000000000e+03
8.900000000000000000e+02 1.316000000000000000e+03
9.120000000000000000e+02 1.323000000000000000e+03
8.740000000000000000e+02 1.294000000000000000e+03
9.330000000000000000e+02 1.022000000000000000e+03
9.980000000000000000e+02 1.002000000000000000e+03
1.054000000000000000e+03 1.002000000000000000e+03
1.098000000000000000e+03 1.012000000000000000e+03
1.127000000000000000e+03 1.029000000000000000e+03
1.140000000000000000e+03 1.089000000000000000e+03
1.248000000000000000e+03 1.178000000000000000e+03
1.107000000000000000e+03 1.142000000000000000e+03
1.068000000000000000e+03 1.152000000000000000e+03
1.018000000000000000e+03 1.149000000000000000e+03
9.710000000000000000e+02 1.137000000000000000e+03
9.350000000000000000e+02 1.124000000000000000e+03
9.100000000000000000e+02 1.113000000000000000e+03
1.249000000000000000e+03 1.168000000000000000e+03
9.110000000000000000e+02 1.331000000000000000e+03
8.690000000000000000e+02 1.213000000000000000e+03
8.620000000000000000e+02 1.320000000000000000e+03
8.420000000000000000e+02 1.336000000000000000e+03
8.620000000000000000e+02 1.324000000000000000e+03
8.990000000000000000e+02 1.341000000000000000e+03
8.330000000000000000e+02 1.340000000000000000e+03
8.290000000000000000e+02 1.346000000000000000e+03
9.120000000000000000e+02 1.085000000000000000e+03
8.910000000000000000e+02 1.093000000000000000e+03
8.770000000000000000e+02 1.102000000000000000e+03
1.090000000000000000e+03 1.072000000000000000e+03
1.117000000000000000e+03 1.057000000000000000e+03
6.160000000000000000e+02 1.060000000000000000e+03
6.520000000000000000e+02 1.060000000000000000e+03
6.160000000000000000e+02 1.029000000000000000e+03
5.790000000000000000e+02 1.060000000000000000e+03
6.160000000000000000e+02 1.091000000000000000e+03
1.013000000000000000e+03 1.070000000000000000e+03
1.048000000000000000e+03 1.072000000000000000e+03
1.015000000000000000e+03 1.040000000000000000e+03
9.790000000000000000e+02 1.069000000000000000e+03
1.012000000000000000e+03 1.101000000000000000e+03
0.000000000000000000e+00 0.000000000000000000e+00
1.749000000000000000e+03 0.000000000000000000e+00
1.749000000000000000e+03 2.187000000000000000e+03
0.000000000000000000e+00 2.187000000000000000e+03
8.700000000000000000e+01 0.000000000000000000e+00
8.700000000000000000e+01 2.187000000000000000e+03
0.000000000000000000e+00 1.090000000000000000e+02
1.749000000000000000e+03 1.090000000000000000e+02
1.750000000000000000e+02 0.000000000000000000e+00
1.750000000000000000e+02 2.187000000000000000e+03
0.000000000000000000e+00 2.180000000000000000e+02
1.749000000000000000e+03 2.180000000000000000e+02
2.620000000000000000e+02 0.000000000000000000e+00
2.620000000000000000e+02 2.187000000000000000e+03
0.000000000000000000e+00 3.280000000000000000e+02
1.749000000000000000e+03 3.280000000000000000e+02
3.500000000000000000e+02 0.000000000000000000e+00
3.500000000000000000e+02 2.187000000000000000e+03
0.000000000000000000e+00 4.370000000000000000e+02
1.749000000000000000e+03 4.370000000000000000e+02
4.370000000000000000e+02 0.000000000000000000e+00
4.370000000000000000e+02 2.187000000000000000e+03
0.000000000000000000e+00 5.470000000000000000e+02
1.749000000000000000e+03 5.470000000000000000e+02
5.250000000000000000e+02 0.000000000000000000e+00
5.250000000000000000e+02 2.187000000000000000e+03
0.000000000000000000e+00 6.560000000000000000e+02
1.749000000000000000e+03 6.560000000000000000e+02
6.120000000000000000e+02 0.000000000000000000e+00
6.120000000000000000e+02 2.187000000000000000e+03
0.000000000000000000e+00 7.650000000000000000e+02
1.749000000000000000e+03 7.650000000000000000e+02
7.000000000000000000e+02 0.000000000000000000e+00
7.000000000000000000e+02 2.187000000000000000e+03
0.000000000000000000e+00 8.750000000000000000e+02
1.749000000000000000e+03 8.750000000000000000e+02
7.870000000000000000e+02 0.000000000000000000e+00
7.870000000000000000e+02 2.187000000000000000e+03
0.000000000000000000e+00 9.840000000000000000e+02
1.749000000000000000e+03 9.840000000000000000e+02
8.750000000000000000e+02 0.000000000000000000e+00
8.750000000000000000e+02 2.187000000000000000e+03
0.000000000000000000e+00 1.094000000000000000e+03
1.749000000000000000e+03 1.094000000000000000e+03
9.620000000000000000e+02 0.000000000000000000e+00
9.620000000000000000e+02 2.187000000000000000e+03
0.000000000000000000e+00 1.203000000000000000e+03
1.749000000000000000e+03 1.203000000000000000e+03
1.050000000000000000e+03 0.000000000000000000e+00
1.050000000000000000e+03 2.187000000000000000e+03
0.000000000000000000e+00 1.312000000000000000e+03
1.749000000000000000e+03 1.312000000000000000e+03
1.137000000000000000e+03 0.000000000000000000e+00
1.137000000000000000e+03 2.187000000000000000e+03
0.000000000000000000e+00 1.422000000000000000e+03
1.749000000000000000e+03 1.422000000000000000e+03
1.225000000000000000e+03 0.000000000000000000e+00
1.225000000000000000e+03 2.187000000000000000e+03
0.000000000000000000e+00 1.531000000000000000e+03
1.749000000000000000e+03 1.531000000000000000e+03
1.312000000000000000e+03 0.000000000000000000e+00
1.312000000000000000e+03 2.187000000000000000e+03
0.000000000000000000e+00 1.641000000000000000e+03
1.749000000000000000e+03 1.641000000000000000e+03
1.400000000000000000e+03 0.000000000000000000e+00
1.400000000000000000e+03 2.187000000000000000e+03
0.000000000000000000e+00 1.750000000000000000e+03
1.749000000000000000e+03 1.750000000000000000e+03
1.487000000000000000e+03 0.000000000000000000e+00
1.487000000000000000e+03 2.187000000000000000e+03
0.000000000000000000e+00 1.859000000000000000e+03
1.749000000000000000e+03 1.859000000000000000e+03
1.575000000000000000e+03 0.000000000000000000e+00
1.575000000000000000e+03 2.187000000000000000e+03
0.000000000000000000e+00 1.969000000000000000e+03
1.749000000000000000e+03 1.969000000000000000e+03
1.662000000000000000e+03 0.000000000000000000e+00
1.662000000000000000e+03 2.187000000000000000e+03
0.000000000000000000e+00 2.078000000000000000e+03
1.749000000000000000e+03 2.078000000000000000e+03
