8.250000000000000000e+02 1.496000000000000000e+03
8.280000000000000000e+02 1.351000000000000000e+03
8.300000000000000000e+02 1.383000000000000000e+03
7.910000000000000000e+02 1.199000000000000000e+03
8.260000000000000000e+02 1.307000000000000000e+03
8.240000000000000000e+02 1.245000000000000000e+03
8.220000000000000000e+02 1.094000000000000000e+03
5.630000000000000000e+02 1.067000000000000000e+03
8.190000000000000000e+02 1.000000000000000000e+03
8.170000000000000000e+02 9.470000000000000000e+02
8.150000000000000000e+02 7.300000000000000000e+02
8.270000000000000000e+02 1.512000000000000000e+03
8.280000000000000000e+02 1.528000000000000000e+03
8.300000000000000000e+02 1.539000000000000000e+03
8.310000000000000000e+02 1.538000000000000000e+03
8.320000000000000000e+02 1.559000000000000000e+03
8.340000000000000000e+02 1.584000000000000000e+03
8.360000000000000000e+02 1.608000000000000000e+03
8.410000000000000000e+02 1.643000000000000000e+03
8.290000000000000000e+02 1.370000000000000000e+03
7.870000000000000000e+02 1.365000000000000000e+03
4.330000000000000000e+02 9.200000000000000000e+02
6.690000000000000000e+02 1.100000000000000000e+03
6.330000000000000000e+02 1.104000000000000000e+03
5.970000000000000000e+02 1.105000000000000000e+03
5.510000000000000000e+02 1.083000000000000000e+03
6.990000000000000000e+02 1.093000000000000000e+03
6.060000000000000000e+02 1.002000000000000000e+03
6.500000000000000000e+02 1.005000000000000000e+03
5.680000000000000000e+02 1.009000000000000000e+03
5.450000000000000000e+02 1.024000000000000000e+03
5.230000000000000000e+02 1.113000000000000000e+03
7.000000000000000000e+02 1.700000000000000000e+03
5.500000000000000000e+02 1.057000000000000000e+03
4.210000000000000000e+02 1.097000000000000000e+03
4.840000000000000000e+02 1.088000000000000000e+03
6.420000000000000000e+02 1.292000000000000000e+03
7.770000000000000000e+02 1.489000000000000000e+03
7.860000000000000000e+02 1.528000000000000000e+03
7.350000000000000000e+02 1.501000000000000000e+03
7.070000000000000000e+02 1.513000000000000000e+03
7.520000000000000000e+02 1.528000000000000000e+03
7.250000000000000000e+02 1.529000000000000000e+03
6.620000000000000000e+02 1.558000000000000000e+03
7.940000000000000000e+02 1.349000000000000000e+03
7.870000000000000000e+02 1.307000000000000000e+03
4.970000000000000000e+02 1.004000000000000000e+03
7.150000000000000000e+02 1.182000000000000000e+03
6.990000000000000000e+02 1.325000000000000000e+03
6.980000000000000000e+02 1.300000000000000000e+03
5.380000000000000000e+02 1.283000000000000000e+03
7.890000000000000000e+02 1.249000000000000000e+03
5.760000000000000000e+02 9.660000000000000000e+02
5.270000000000000000e+02 9.790000000000000000e+02
4.620000000000000000e+02 8.490000000000000000e+02
7.390000000000000000e+02 9.960000000000000000e+02
6.880000000000000000e+02 1.019000000000000000e+03
6.310000000000000000e+02 1.517000000000000000e+03
4.670000000000000000e+02 1.480000000000000000e+03
7.280000000000000000e+02 1.349000000000000000e+03
7.600000000000000000e+02 1.363000000000000000e+03
6.740000000000000000e+02 1.531000000000000000e+03
6.830000000000000000e+02 1.532000000000000000e+03
5.100000000000000000e+02 9.560000000000000000e+02
6.980000000000000000e+02 1.341000000000000000e+03
6.450000000000000000e+02 9.690000000000000000e+02
6.360000000000000000e+02 9.380000000000000000e+02
6.010000000000000000e+02 7.550000000000000000e+02
4.840000000000000000e+02 8.960000000000000000e+02
6.230000000000000000e+02 8.400000000000000000e+02
4.790000000000000000e+02 9.860000000000000000e+02
4.530000000000000000e+02 9.510000000000000000e+02
7.810000000000000000e+02 1.510000000000000000e+03
7.430000000000000000e+02 1.515000000000000000e+03
7.160000000000000000e+02 1.521000000000000000e+03
7.370000000000000000e+02 1.356000000000000000e+03
6.790000000000000000e+02 1.531000000000000000e+03
6.960000000000000000e+02 1.543000000000000000e+03
6.890000000000000000e+02 1.532000000000000000e+03
7.480000000000000000e+02 1.341000000000000000e+03
7.320000000000000000e+02 1.535000000000000000e+03
7.590000000000000000e+02 1.536000000000000000e+03
7.920000000000000000e+02 1.538000000000000000e+03
7.880000000000000000e+02 1.641000000000000000e+03
7.850000000000000000e+02 1.605000000000000000e+03
7.850000000000000000e+02 1.581000000000000000e+03
7.880000000000000000e+02 1.557000000000000000e+03
7.930000000000000000e+02 1.537000000000000000e+03
7.330000000000000000e+02 1.535000000000000000e+03
7.240000000000000000e+02 1.544000000000000000e+03
7.160000000000000000e+02 1.556000000000000000e+03
7.090000000000000000e+02 1.568000000000000000e+03
6.700000000000000000e+02 1.450000000000000000e+03
4.260000000000000000e+02 1.272000000000000000e+03
8.290000000000000000e+02 1.377000000000000000e+03
7.130000000000000000e+02 1.534000000000000000e+03
7.040000000000000000e+02 1.538000000000000000e+03
7.750000000000000000e+02 1.380000000000000000e+03
7.120000000000000000e+02 1.364000000000000000e+03
7.680000000000000000e+02 1.371000000000000000e+03
6.780000000000000000e+02 1.206000000000000000e+03
6.200000000000000000e+02 1.235000000000000000e+03
6.920000000000000000e+02 1.316000000000000000e+03
5.140000000000000000e+02 7.930000000000000000e+02
5.370000000000000000e+02 8.570000000000000000e+02
5.630000000000000000e+02 9.360000000000000000e+02
6.950000000000000000e+02 1.589000000000000000e+03
7.240000000000000000e+02 9.450000000000000000e+02
7.130000000000000000e+02 8.350000000000000000e+02
6.980000000000000000e+02 7.360000000000000000e+02
5.680000000000000000e+02 1.098000000000000000e+03
4.870000000000000000e+02 1.143000000000000000e+03
7.190000000000000000e+02 1.085000000000000000e+03
5.140000000000000000e+02 1.042000000000000000e+03
7.400000000000000000e+02 1.156000000000000000e+03
7.240000000000000000e+02 1.314000000000000000e+03
4.490000000000000000e+02 1.177000000000000000e+03
5.090000000000000000e+02 1.172000000000000000e+03
5.540000000000000000e+02 1.189000000000000000e+03
6.240000000000000000e+02 1.181000000000000000e+03
6.760000000000000000e+02 1.163000000000000000e+03
7.120000000000000000e+02 1.145000000000000000e+03
7.860000000000000000e+02 1.104000000000000000e+03
4.570000000000000000e+02 1.264000000000000000e+03
4.880000000000000000e+02 1.040000000000000000e+03
8.070000000000000000e+02 1.368000000000000000e+03
7.160000000000000000e+02 1.228000000000000000e+03
4.150000000000000000e+02 1.089000000000000000e+03
7.390000000000000000e+02 1.125000000000000000e+03
6.910000000000000000e+02 1.316000000000000000e+03
5.360000000000000000e+02 1.061000000000000000e+03
7.230000000000000000e+02 1.283000000000000000e+03
4.400000000000000000e+02 1.372000000000000000e+03
7.180000000000000000e+02 1.070000000000000000e+03
7.550000000000000000e+02 1.262000000000000000e+03
5.400000000000000000e+02 1.592000000000000000e+03
5.440000000000000000e+02 1.638000000000000000e+03
4.270000000000000000e+02 1.270000000000000000e+03
4.980000000000000000e+02 1.530000000000000000e+03
4.360000000000000000e+02 1.017000000000000000e+03
6.910000000000000000e+02 1.744000000000000000e+03
8.120000000000000000e+02 1.375000000000000000e+03
6.840000000000000000e+02 1.258000000000000000e+03
4.590000000000000000e+02 1.094000000000000000e+03
5.990000000000000000e+02 1.078000000000000000e+03
6.300000000000000000e+02 1.079000000000000000e+03
6.890000000000000000e+02 1.549000000000000000e+03
4.660000000000000000e+02 1.347000000000000000e+03
7.630000000000000000e+02 1.803000000000000000e+03
6.450000000000000000e+02 1.742000000000000000e+03
5.970000000000000000e+02 1.699000000000000000e+03
8.150000000000000000e+02 8.350000000000000000e+02
8.470000000000000000e+02 1.810000000000000000e+03
6.610000000000000000e+02 1.076000000000000000e+03
6.900000000000000000e+02 1.072000000000000000e+03
7.090000000000000000e+02 1.072000000000000000e+03
4.670000000000000000e+02 1.031000000000000000e+03
6.830000000000000000e+02 1.045000000000000000e+03
6.490000000000000000e+02 1.034000000000000000e+03
6.160000000000000000e+02 1.032000000000000000e+03
5.850000000000000000e+02 1.037000000000000000e+03
5.670000000000000000e+02 1.046000000000000000e+03
4.190000000000000000e+02 9.950000000000000000e+02
5.780000000000000000e+02 1.073000000000000000e+03
8.320000000000000000e+02 1.416000000000000000e+03
7.050000000000000000e+02 1.428000000000000000e+03
7.280000000000000000e+02 1.344000000000000000e+03
7.750000000000000000e+02 1.418000000000000000e+03
8.200000000000000000e+02 1.044000000000000000e+03
5.880000000000000000e+02 1.651000000000000000e+03
6.370000000000000000e+02 1.699000000000000000e+03
7.610000000000000000e+02 1.775000000000000000e+03
5.040000000000000000e+02 1.569000000000000000e+03
7.060000000000000000e+02 1.060000000000000000e+03
7.630000000000000000e+02 1.174000000000000000e+03
8.450000000000000000e+02 1.781000000000000000e+03
6.990000000000000000e+02 1.779000000000000000e+03
4.420000000000000000e+02 1.362000000000000000e+03
7.600000000000000000e+02 1.536000000000000000e+03
7.520000000000000000e+02 1.551000000000000000e+03
7.450000000000000000e+02 1.570000000000000000e+03
7.420000000000000000e+02 1.591000000000000000e+03
7.360000000000000000e+02 1.619000000000000000e+03
7.040000000000000000e+02 1.530000000000000000e+03
6.950000000000000000e+02 1.526000000000000000e+03
6.880000000000000000e+02 1.522000000000000000e+03
6.440000000000000000e+02 1.481000000000000000e+03
5.120000000000000000e+02 1.372000000000000000e+03
7.630000000000000000e+02 1.127000000000000000e+03
7.440000000000000000e+02 1.046000000000000000e+03
7.210000000000000000e+02 1.048000000000000000e+03
7.130000000000000000e+02 1.534000000000000000e+03
5.100000000000000000e+02 1.473000000000000000e+03
7.730000000000000000e+02 1.050000000000000000e+03
7.170000000000000000e+02 1.656000000000000000e+03
8.230000000000000000e+02 1.193000000000000000e+03
7.880000000000000000e+02 1.153000000000000000e+03
8.220000000000000000e+02 1.145000000000000000e+03
7.370000000000000000e+02 1.242000000000000000e+03
8.440000000000000000e+02 1.737000000000000000e+03
8.430000000000000000e+02 1.686000000000000000e+03
7.780000000000000000e+02 1.682000000000000000e+03
6.270000000000000000e+02 1.573000000000000000e+03
6.630000000000000000e+02 1.349000000000000000e+03
6.690000000000000000e+02 1.620000000000000000e+03
5.870000000000000000e+02 1.341000000000000000e+03
6.340000000000000000e+02 1.391000000000000000e+03
5.580000000000000000e+02 1.407000000000000000e+03
7.670000000000000000e+02 1.732000000000000000e+03
7.140000000000000000e+02 1.263000000000000000e+03
5.980000000000000000e+02 1.604000000000000000e+03
6.480000000000000000e+02 1.655000000000000000e+03
5.960000000000000000e+02 1.519000000000000000e+03
4.770000000000000000e+02 1.419000000000000000e+03
5.530000000000000000e+02 1.523000000000000000e+03
4.620000000000000000e+02 1.449000000000000000e+03
6.070000000000000000e+02 1.445000000000000000e+03
7.400000000000000000e+02 1.200000000000000000e+03
7.360000000000000000e+02 1.334000000000000000e+03
7.110000000000000000e+02 1.340000000000000000e+03
7.530000000000000000e+02 1.309000000000000000e+03
7.120000000000000000e+02 1.015000000000000000e+03
6.490000000000000000e+02 9.940000000000000000e+02
5.930000000000000000e+02 9.900000000000000000e+02
5.500000000000000000e+02 9.980000000000000000e+02
5.240000000000000000e+02 1.015000000000000000e+03
5.140000000000000000e+02 1.075000000000000000e+03
4.190000000000000000e+02 1.182000000000000000e+03
5.420000000000000000e+02 1.130000000000000000e+03
5.790000000000000000e+02 1.142000000000000000e+03
6.280000000000000000e+02 1.140000000000000000e+03
6.740000000000000000e+02 1.129000000000000000e+03
7.080000000000000000e+02 1.117000000000000000e+03
7.320000000000000000e+02 1.106000000000000000e+03
4.190000000000000000e+02 1.179000000000000000e+03
7.120000000000000000e+02 1.349000000000000000e+03
7.620000000000000000e+02 1.217000000000000000e+03
7.640000000000000000e+02 1.341000000000000000e+03
7.850000000000000000e+02 1.360000000000000000e+03
7.640000000000000000e+02 1.346000000000000000e+03
7.230000000000000000e+02 1.360000000000000000e+03
7.940000000000000000e+02 1.365000000000000000e+03
7.980000000000000000e+02 1.372000000000000000e+03
7.310000000000000000e+02 1.074000000000000000e+03
7.500000000000000000e+02 1.086000000000000000e+03
7.600000000000000000e+02 1.095000000000000000e+03
5.570000000000000000e+02 1.052000000000000000e+03
5.320000000000000000e+02 1.040000000000000000e+03
8.570000000000000000e+02 1.198000000000000000e+03
1.095000000000000000e+03 1.068000000000000000e+03
8.710000000000000000e+02 1.363000000000000000e+03
1.216000000000000000e+03 9.020000000000000000e+02
9.880000000000000000e+02 1.104000000000000000e+03
1.026000000000000000e+03 1.107000000000000000e+03
1.062000000000000000e+03 1.106000000000000000e+03
1.109000000000000000e+03 1.081000000000000000e+03
9.570000000000000000e+02 1.096000000000000000e+03
1.045000000000000000e+03 9.970000000000000000e+02
1.000000000000000000e+03 1.002000000000000000e+03
1.085000000000000000e+03 1.003000000000000000e+03
1.110000000000000000e+03 1.017000000000000000e+03
1.139000000000000000e+03 1.106000000000000000e+03
9.860000000000000000e+02 1.695000000000000000e+03
1.108000000000000000e+03 1.055000000000000000e+03
1.244000000000000000e+03 1.080000000000000000e+03
1.178000000000000000e+03 1.077000000000000000e+03
1.021000000000000000e+03 1.283000000000000000e+03
8.750000000000000000e+02 1.485000000000000000e+03
8.730000000000000000e+02 1.524000000000000000e+03
9.260000000000000000e+02 1.493000000000000000e+03
9.600000000000000000e+02 1.502000000000000000e+03
9.130000000000000000e+02 1.521000000000000000e+03
9.450000000000000000e+02 1.520000000000000000e+03
1.016000000000000000e+03 1.548000000000000000e+03
8.620000000000000000e+02 1.348000000000000000e+03
8.650000000000000000e+02 1.305000000000000000e+03
1.154000000000000000e+03 9.940000000000000000e+02
9.400000000000000000e+02 1.177000000000000000e+03
9.600000000000000000e+02 1.319000000000000000e+03
9.610000000000000000e+02 1.294000000000000000e+03
1.129000000000000000e+03 1.270000000000000000e+03
8.610000000000000000e+02 1.248000000000000000e+03
1.066000000000000000e+03 9.620000000000000000e+02
1.118000000000000000e+03 9.710000000000000000e+02
1.180000000000000000e+03 8.330000000000000000e+02
9.000000000000000000e+02 1.001000000000000000e+03
9.620000000000000000e+02 1.019000000000000000e+03
1.044000000000000000e+03 1.507000000000000000e+03
1.222000000000000000e+03 1.466000000000000000e+03
9.330000000000000000e+02 1.345000000000000000e+03
9.000000000000000000e+02 1.359000000000000000e+03
1.005000000000000000e+03 1.516000000000000000e+03
9.960000000000000000e+02 1.518000000000000000e+03
1.135000000000000000e+03 9.460000000000000000e+02
9.640000000000000000e+02 1.335000000000000000e+03
9.950000000000000000e+02 9.690000000000000000e+02
1.000000000000000000e+03 9.380000000000000000e+02
1.033000000000000000e+03 7.460000000000000000e+02
1.158000000000000000e+03 8.830000000000000000e+02
1.011000000000000000e+03 8.320000000000000000e+02
1.172000000000000000e+03 9.740000000000000000e+02
1.196000000000000000e+03 9.370000000000000000e+02
8.750000000000000000e+02 1.506000000000000000e+03
9.200000000000000000e+02 1.508000000000000000e+03
9.520000000000000000e+02 1.511000000000000000e+03
9.240000000000000000e+02 1.352000000000000000e+03
1.000000000000000000e+03 1.517000000000000000e+03
9.810000000000000000e+02 1.531000000000000000e+03
9.900000000000000000e+02 1.519000000000000000e+03
9.100000000000000000e+02 1.338000000000000000e+03
9.400000000000000000e+02 1.526000000000000000e+03
9.080000000000000000e+02 1.530000000000000000e+03
8.720000000000000000e+02 1.535000000000000000e+03
8.940000000000000000e+02 1.639000000000000000e+03
8.890000000000000000e+02 1.602000000000000000e+03
8.840000000000000000e+02 1.578000000000000000e+03
8.780000000000000000e+02 1.553000000000000000e+03
8.720000000000000000e+02 1.534000000000000000e+03
9.400000000000000000e+02 1.526000000000000000e+03
9.500000000000000000e+02 1.535000000000000000e+03
9.600000000000000000e+02 1.546000000000000000e+03
9.690000000000000000e+02 1.558000000000000000e+03
9.990000000000000000e+02 1.442000000000000000e+03
1.253000000000000000e+03 1.256000000000000000e+03
9.630000000000000000e+02 1.523000000000000000e+03
9.720000000000000000e+02 1.527000000000000000e+03
8.860000000000000000e+02 1.377000000000000000e+03
9.500000000000000000e+02 1.359000000000000000e+03
8.930000000000000000e+02 1.369000000000000000e+03
9.800000000000000000e+02 1.200000000000000000e+03
1.041000000000000000e+03 1.226000000000000000e+03
9.690000000000000000e+02 1.311000000000000000e+03
1.123000000000000000e+03 7.790000000000000000e+02
1.100000000000000000e+03 8.460000000000000000e+02
1.077000000000000000e+03 9.310000000000000000e+02
9.840000000000000000e+02 1.582000000000000000e+03
9.100000000000000000e+02 9.500000000000000000e+02
9.200000000000000000e+02 8.310000000000000000e+02
9.330000000000000000e+02 7.310000000000000000e+02
1.092000000000000000e+03 1.098000000000000000e+03
1.179000000000000000e+03 1.132000000000000000e+03
9.360000000000000000e+02 1.088000000000000000e+03
1.142000000000000000e+03 1.034000000000000000e+03
9.120000000000000000e+02 1.152000000000000000e+03
9.330000000000000000e+02 1.310000000000000000e+03
1.217000000000000000e+03 1.161000000000000000e+03
1.156000000000000000e+03 1.164000000000000000e+03
1.110000000000000000e+03 1.182000000000000000e+03
1.037000000000000000e+03 1.177000000000000000e+03
9.840000000000000000e+02 1.160000000000000000e+03
9.450000000000000000e+02 1.144000000000000000e+03
8.590000000000000000e+02 1.102000000000000000e+03
1.214000000000000000e+03 1.248000000000000000e+03
1.169000000000000000e+03 1.029000000000000000e+03
8.500000000000000000e+02 1.367000000000000000e+03
9.410000000000000000e+02 1.222000000000000000e+03
1.251000000000000000e+03 1.071000000000000000e+03
9.150000000000000000e+02 1.126000000000000000e+03
9.720000000000000000e+02 1.310000000000000000e+03
1.123000000000000000e+03 1.057000000000000000e+03
9.330000000000000000e+02 1.278000000000000000e+03
1.245000000000000000e+03 1.357000000000000000e+03
9.350000000000000000e+02 1.075000000000000000e+03
8.970000000000000000e+02 1.259000000000000000e+03
1.147000000000000000e+03 1.581000000000000000e+03
1.148000000000000000e+03 1.626000000000000000e+03
1.249000000000000000e+03 1.255000000000000000e+03
1.189000000000000000e+03 1.518000000000000000e+03
1.220000000000000000e+03 1.001000000000000000e+03
9.980000000000000000e+02 1.740000000000000000e+03
8.470000000000000000e+02 1.374000000000000000e+03
9.770000000000000000e+02 1.251000000000000000e+03
1.207000000000000000e+03 1.080000000000000000e+03
1.058000000000000000e+03 1.083000000000000000e+03
1.026000000000000000e+03 1.085000000000000000e+03
9.900000000000000000e+02 1.536000000000000000e+03
1.210000000000000000e+03 1.333000000000000000e+03
9.300000000000000000e+02 1.800000000000000000e+03
1.047000000000000000e+03 1.735000000000000000e+03
1.095000000000000000e+03 1.690000000000000000e+03
9.950000000000000000e+02 1.082000000000000000e+03
9.640000000000000000e+02 1.077000000000000000e+03
9.450000000000000000e+02 1.077000000000000000e+03
1.191000000000000000e+03 1.018000000000000000e+03
9.700000000000000000e+02 1.042000000000000000e+03
1.004000000000000000e+03 1.028000000000000000e+03
1.038000000000000000e+03 1.025000000000000000e+03
1.071000000000000000e+03 1.031000000000000000e+03
1.090000000000000000e+03 1.040000000000000000e+03
1.237000000000000000e+03 9.760000000000000000e+02
1.080000000000000000e+03 1.076000000000000000e+03
9.630000000000000000e+02 1.421000000000000000e+03
9.320000000000000000e+02 1.340000000000000000e+03
8.890000000000000000e+02 1.415000000000000000e+03
1.100000000000000000e+03 1.643000000000000000e+03
1.052000000000000000e+03 1.693000000000000000e+03
9.290000000000000000e+02 1.772000000000000000e+03
1.188000000000000000e+03 1.556000000000000000e+03
9.460000000000000000e+02 1.062000000000000000e+03
8.870000000000000000e+02 1.171000000000000000e+03
9.930000000000000000e+02 1.774000000000000000e+03
1.240000000000000000e+03 1.347000000000000000e+03
9.090000000000000000e+02 1.530000000000000000e+03
9.190000000000000000e+02 1.545000000000000000e+03
9.270000000000000000e+02 1.563000000000000000e+03
9.340000000000000000e+02 1.584000000000000000e+03
9.450000000000000000e+02 1.614000000000000000e+03
9.710000000000000000e+02 1.518000000000000000e+03
9.780000000000000000e+02 1.514000000000000000e+03
9.850000000000000000e+02 1.509000000000000000e+03
1.028000000000000000e+03 1.471000000000000000e+03
1.162000000000000000e+03 1.359000000000000000e+03
8.850000000000000000e+02 1.125000000000000000e+03
9.050000000000000000e+02 1.050000000000000000e+03
9.300000000000000000e+02 1.051000000000000000e+03
9.640000000000000000e+02 1.522000000000000000e+03
1.171000000000000000e+03 1.460000000000000000e+03
8.710000000000000000e+02 1.054000000000000000e+03
9.660000000000000000e+02 1.652000000000000000e+03
8.590000000000000000e+02 1.152000000000000000e+03
9.180000000000000000e+02 1.238000000000000000e+03
9.060000000000000000e+02 1.680000000000000000e+03
1.052000000000000000e+03 1.564000000000000000e+03
1.001000000000000000e+03 1.341000000000000000e+03
1.013000000000000000e+03 1.613000000000000000e+03
1.081000000000000000e+03 1.330000000000000000e+03
1.034000000000000000e+03 1.382000000000000000e+03
1.115000000000000000e+03 1.395000000000000000e+03
9.210000000000000000e+02 1.729000000000000000e+03
9.440000000000000000e+02 1.258000000000000000e+03
1.086000000000000000e+03 1.595000000000000000e+03
1.038000000000000000e+03 1.649000000000000000e+03
1.080000000000000000e+03 1.509000000000000000e+03
1.203000000000000000e+03 1.405000000000000000e+03
1.127000000000000000e+03 1.511000000000000000e+03
1.223000000000000000e+03 1.435000000000000000e+03
1.064000000000000000e+03 1.434000000000000000e+03
9.130000000000000000e+02 1.196000000000000000e+03
9.220000000000000000e+02 1.330000000000000000e+03
9.490000000000000000e+02 1.335000000000000000e+03
9.010000000000000000e+02 1.306000000000000000e+03
9.340000000000000000e+02 1.018000000000000000e+03
9.970000000000000000e+02 9.930000000000000000e+02
1.053000000000000000e+03 9.870000000000000000e+02
1.098000000000000000e+03 9.920000000000000000e+02
1.128000000000000000e+03 1.008000000000000000e+03
1.146000000000000000e+03 1.067000000000000000e+03
1.251000000000000000e+03 1.166000000000000000e+03
1.120000000000000000e+03 1.125000000000000000e+03
1.082000000000000000e+03 1.138000000000000000e+03
1.032000000000000000e+03 1.138000000000000000e+03
9.850000000000000000e+02 1.129000000000000000e+03
9.480000000000000000e+02 1.118000000000000000e+03
9.230000000000000000e+02 1.108000000000000000e+03
1.254000000000000000e+03 1.162000000000000000e+03
9.490000000000000000e+02 1.344000000000000000e+03
8.880000000000000000e+02 1.214000000000000000e+03
8.920000000000000000e+02 1.338000000000000000e+03
8.720000000000000000e+02 1.358000000000000000e+03
8.930000000000000000e+02 1.343000000000000000e+03
9.390000000000000000e+02 1.355000000000000000e+03
8.640000000000000000e+02 1.364000000000000000e+03
8.610000000000000000e+02 1.370000000000000000e+03
9.220000000000000000e+02 1.078000000000000000e+03
9.020000000000000000e+02 1.089000000000000000e+03
8.900000000000000000e+02 1.098000000000000000e+03
1.101000000000000000e+03 1.048000000000000000e+03
1.124000000000000000e+03 1.034000000000000000e+03
6.220000000000000000e+02 1.049000000000000000e+03
6.590000000000000000e+02 1.048000000000000000e+03
6.200000000000000000e+02 1.016000000000000000e+03
5.850000000000000000e+02 1.050000000000000000e+03
6.230000000000000000e+02 1.082000000000000000e+03
1.027000000000000000e+03 1.046000000000000000e+03
1.064000000000000000e+03 1.047000000000000000e+03
1.026000000000000000e+03 1.013000000000000000e+03
9.880000000000000000e+02 1.046000000000000000e+03
1.027000000000000000e+03 1.080000000000000000e+03
0.000000000000000000e+00 0.000000000000000000e+00
1.749000000000000000e+03 0.000000000000000000e+00
1.749000000000000000e+03 2.187000000000000000e+03
0.000000000000000000e+00 2.187000000000000000e+03
8.700000000000000000e+01 0.000000000000000000e+00
8.700000000000000000e+01 2.187000000000000000e+03
0.000000000000000000e+00 1.090000000000000000e+02
1.749000000000000000e+03 1.090000000000000000e+02
1.750000000000000000e+02 0.000000000000000000e+00
1.750000000000000000e+02 2.187000000000000000e+03
0.000000000000000000e+00 2.180000000000000000e+02
1.749000000000000000e+03 2.180000000000000000e+02
2.620000000000000000e+02 0.000000000000000000e+00
2.620000000000000000e+02 2.187000000000000000e+03
0.000000000000000000e+00 3.280000000000000000e+02
1.749000000000000000e+03 3.280000000000000000e+02
3.500000000000000000e+02 0.000000000000000000e+00
3.500000000000000000e+02 2.187000000000000000e+03
0.000000000000000000e+00 4.370000000000000000e+02
1.749000000000000000e+03 4.370000000000000000e+02
4.370000000000000000e+02 0.000000000000000000e+00
4.370000000000000000e+02 2.187000000000000000e+03
0.000000000000000000e+00 5.470000000000000000e+02
1.749000000000000000e+03 5.470000000000000000e+02
5.250000000000000000e+02 0.000000000000000000e+00
5.250000000000000000e+02 2.187000000000000000e+03
0.000000000000000000e+00 6.560000000000000000e+02
1.749000000000000000e+03 6.560000000000000000e+02
6.120000000000000000e+02 0.000000000000000000e+00
6.120000000000000000e+02 2.187000000000000000e+03
0.000000000000000000e+00 7.650000000000000000e+02
1.749000000000000000e+03 7.650000000000000000e+02
7.000000000000000000e+02 0.000000000000000000e+00
7.000000000000000000e+02 2.187000000000000000e+03
0.000000000000000000e+00 8.750000000000000000e+02
1.749000000000000000e+03 8.750000000000000000e+02
7.870000000000000000e+02 0.000000000000000000e+00
7.870000000000000000e+02 2.187000000000000000e+03
0.000000000000000000e+00 9.840000000000000000e+02
1.749000000000000000e+03 9.840000000000000000e+02
8.750000000000000000e+02 0.000000000000000000e+00
8.750000000000000000e+02 2.187000000000000000e+03
0.000000000000000000e+00 1.094000000000000000e+03
1.749000000000000000e+03 1.094000000000000000e+03
9.620000000000000000e+02 0.000000000000000000e+00
9.620000000000000000e+02 2.187000000000000000e+03
0.000000000000000000e+00 1.203000000000000000e+03
1.749000000000000000e+03 1.203000000000000000e+03
1.050000000000000000e+03 0.000000000000000000e+00
1.050000000000000000e+03 2.187000000000000000e+03
0.000000000000000000e+00 1.312000000000000000e+03
1.749000000000000000e+03 1.312000000000000000e+03
1.137000000000000000e+03 0.000000000000000000e+00
1.137000000000000000e+03 2.187000000000000000e+03
0.000000000000000000e+00 1.422000000000000000e+03
1.749000000000000000e+03 1.422000000000000000e+03
1.225000000000000000e+03 0.000000000000000000e+00
1.225000000000000000e+03 2.187000000000000000e+03
0.000000000000000000e+00 1.531000000000000000e+03
1.749000000000000000e+03 1.531000000000000000e+03
1.312000000000000000e+03 0.000000000000000000e+00
1.312000000000000000e+03 2.187000000000000000e+03
0.000000000000000000e+00 1.641000000000000000e+03
1.749000000000000000e+03 1.641000000000000000e+03
1.400000000000000000e+03 0.000000000000000000e+00
1.400000000000000000e+03 2.187000000000000000e+03
0.000000000000000000e+00 1.750000000000000000e+03
1.749000000000000000e+03 1.750000000000000000e+03
1.487000000000000000e+03 0.000000000000000000e+00
1.487000000000000000e+03 2.187000000000000000e+03
0.000000000000000000e+00 1.859000000000000000e+03
1.749000000000000000e+03 1.859000000000000000e+03
1.575000000000000000e+03 0.000000000000000000e+00
1.575000000000000000e+03 2.187000000000000000e+03
0.000000000000000000e+00 1.969000000000000000e+03
1.749000000000000000e+03 1.969000000000000000e+03
1.662000000000000000e+03 0.000000000000000000e+00
1.662000000000000000e+03 2.187000000000000000e+03
0.000000000000000000e+00 2.078000000000000000e+03
1.749000000000000000e+03 2.078000000000000000e+03
