8.590000000000000000e+02 1.507000000000000000e+03
8.600000000000000000e+02 1.386000000000000000e+03
8.630000000000000000e+02 1.416000000000000000e+03
8.240000000000000000e+02 1.222000000000000000e+03
8.600000000000000000e+02 1.341000000000000000e+03
8.620000000000000000e+02 1.275000000000000000e+03
8.650000000000000000e+02 1.102000000000000000e+03
5.530000000000000000e+02 1.051000000000000000e+03
8.670000000000000000e+02 9.680000000000000000e+02
8.670000000000000000e+02 9.050000000000000000e+02
8.720000000000000000e+02 6.670000000000000000e+02
8.590000000000000000e+02 1.527000000000000000e+03
8.590000000000000000e+02 1.548000000000000000e+03
8.600000000000000000e+02 1.562000000000000000e+03
8.600000000000000000e+02 1.563000000000000000e+03
8.600000000000000000e+02 1.590000000000000000e+03
8.600000000000000000e+02 1.622000000000000000e+03
8.600000000000000000e+02 1.651000000000000000e+03
8.670000000000000000e+02 1.679000000000000000e+03
8.600000000000000000e+02 1.404000000000000000e+03
8.190000000000000000e+02 1.396000000000000000e+03
3.770000000000000000e+02 8.380000000000000000e+02
6.800000000000000000e+02 1.093000000000000000e+03
6.370000000000000000e+02 1.099000000000000000e+03
5.930000000000000000e+02 1.098000000000000000e+03
5.360000000000000000e+02 1.064000000000000000e+03
7.160000000000000000e+02 1.083000000000000000e+03
6.010000000000000000e+02 9.690000000000000000e+02
6.550000000000000000e+02 9.730000000000000000e+02
5.550000000000000000e+02 9.780000000000000000e+02
5.280000000000000000e+02 9.940000000000000000e+02
4.970000000000000000e+02 1.093000000000000000e+03
6.990000000000000000e+02 1.726000000000000000e+03
5.350000000000000000e+02 1.034000000000000000e+03
3.630000000000000000e+02 1.040000000000000000e+03
4.420000000000000000e+02 1.050000000000000000e+03
6.430000000000000000e+02 1.306000000000000000e+03
8.100000000000000000e+02 1.496000000000000000e+03
8.150000000000000000e+02 1.545000000000000000e+03
7.630000000000000000e+02 1.511000000000000000e+03
7.300000000000000000e+02 1.523000000000000000e+03
7.780000000000000000e+02 1.544000000000000000e+03
7.490000000000000000e+02 1.543000000000000000e+03
6.750000000000000000e+02 1.582000000000000000e+03
8.230000000000000000e+02 1.383000000000000000e+03
8.170000000000000000e+02 1.340000000000000000e+03
4.610000000000000000e+02 9.600000000000000000e+02
7.320000000000000000e+02 1.188000000000000000e+03
7.270000000000000000e+02 1.352000000000000000e+03
7.250000000000000000e+02 1.324000000000000000e+03
5.100000000000000000e+02 1.290000000000000000e+03
8.200000000000000000e+02 1.278000000000000000e+03
5.630000000000000000e+02 9.320000000000000000e+02
5.020000000000000000e+02 9.390000000000000000e+02
4.160000000000000000e+02 7.680000000000000000e+02
7.640000000000000000e+02 9.800000000000000000e+02
7.020000000000000000e+02 9.920000000000000000e+02
6.440000000000000000e+02 1.540000000000000000e+03
4.210000000000000000e+02 1.446000000000000000e+03
7.600000000000000000e+02 1.378000000000000000e+03
7.940000000000000000e+02 1.393000000000000000e+03
6.900000000000000000e+02 1.538000000000000000e+03
7.010000000000000000e+02 1.540000000000000000e+03
4.770000000000000000e+02 9.040000000000000000e+02
7.270000000000000000e+02 1.368000000000000000e+03
6.490000000000000000e+02 9.430000000000000000e+02
6.410000000000000000e+02 9.060000000000000000e+02
5.960000000000000000e+02 6.840000000000000000e+02
4.460000000000000000e+02 8.240000000000000000e+02
6.210000000000000000e+02 7.810000000000000000e+02
4.340000000000000000e+02 9.290000000000000000e+02
4.050000000000000000e+02 8.790000000000000000e+02
8.110000000000000000e+02 1.523000000000000000e+03
7.700000000000000000e+02 1.528000000000000000e+03
7.390000000000000000e+02 1.533000000000000000e+03
7.700000000000000000e+02 1.386000000000000000e+03
6.950000000000000000e+02 1.539000000000000000e+03
7.130000000000000000e+02 1.556000000000000000e+03
7.070000000000000000e+02 1.541000000000000000e+03
7.780000000000000000e+02 1.371000000000000000e+03
7.560000000000000000e+02 1.551000000000000000e+03
7.850000000000000000e+02 1.555000000000000000e+03
8.200000000000000000e+02 1.559000000000000000e+03
8.080000000000000000e+02 1.674000000000000000e+03
8.050000000000000000e+02 1.646000000000000000e+03
8.070000000000000000e+02 1.616000000000000000e+03
8.130000000000000000e+02 1.585000000000000000e+03
8.190000000000000000e+02 1.559000000000000000e+03
7.550000000000000000e+02 1.550000000000000000e+03
7.440000000000000000e+02 1.561000000000000000e+03
7.330000000000000000e+02 1.575000000000000000e+03
7.240000000000000000e+02 1.591000000000000000e+03
6.900000000000000000e+02 1.475000000000000000e+03
3.710000000000000000e+02 1.214000000000000000e+03
8.610000000000000000e+02 1.409000000000000000e+03
7.330000000000000000e+02 1.545000000000000000e+03
7.230000000000000000e+02 1.550000000000000000e+03
8.080000000000000000e+02 1.411000000000000000e+03
7.420000000000000000e+02 1.392000000000000000e+03
8.010000000000000000e+02 1.403000000000000000e+03
6.870000000000000000e+02 1.212000000000000000e+03
6.130000000000000000e+02 1.242000000000000000e+03
7.190000000000000000e+02 1.341000000000000000e+03
4.830000000000000000e+02 7.150000000000000000e+02
5.130000000000000000e+02 7.890000000000000000e+02
5.470000000000000000e+02 8.940000000000000000e+02
7.080000000000000000e+02 1.618000000000000000e+03
7.490000000000000000e+02 9.230000000000000000e+02
7.370000000000000000e+02 7.850000000000000000e+02
7.210000000000000000e+02 6.690000000000000000e+02
5.560000000000000000e+02 1.086000000000000000e+03
4.490000000000000000e+02 1.122000000000000000e+03
7.390000000000000000e+02 1.074000000000000000e+03
4.860000000000000000e+02 1.008000000000000000e+03
7.620000000000000000e+02 1.162000000000000000e+03
7.500000000000000000e+02 1.342000000000000000e+03
3.990000000000000000e+02 1.148000000000000000e+03
4.800000000000000000e+02 1.166000000000000000e+03
5.380000000000000000e+02 1.194000000000000000e+03
6.240000000000000000e+02 1.188000000000000000e+03
6.860000000000000000e+02 1.167000000000000000e+03
7.290000000000000000e+02 1.148000000000000000e+03
8.210000000000000000e+02 1.111000000000000000e+03
4.100000000000000000e+02 1.249000000000000000e+03
4.480000000000000000e+02 9.970000000000000000e+02
8.380000000000000000e+02 1.402000000000000000e+03
7.370000000000000000e+02 1.241000000000000000e+03
3.530000000000000000e+02 1.015000000000000000e+03
7.620000000000000000e+02 1.129000000000000000e+03
7.150000000000000000e+02 1.338000000000000000e+03
5.160000000000000000e+02 1.035000000000000000e+03
7.490000000000000000e+02 1.308000000000000000e+03
3.890000000000000000e+02 1.326000000000000000e+03
7.370000000000000000e+02 1.056000000000000000e+03
7.820000000000000000e+02 1.289000000000000000e+03
5.140000000000000000e+02 1.594000000000000000e+03
5.150000000000000000e+02 1.628000000000000000e+03
3.720000000000000000e+02 1.234000000000000000e+03
4.610000000000000000e+02 1.523000000000000000e+03
3.820000000000000000e+02 9.520000000000000000e+02
6.890000000000000000e+02 1.765000000000000000e+03
8.430000000000000000e+02 1.407000000000000000e+03
6.980000000000000000e+02 1.271000000000000000e+03
4.050000000000000000e+02 1.048000000000000000e+03
5.980000000000000000e+02 1.071000000000000000e+03
6.360000000000000000e+02 1.073000000000000000e+03
7.040000000000000000e+02 1.562000000000000000e+03
4.230000000000000000e+02 1.337000000000000000e+03
7.690000000000000000e+02 1.829000000000000000e+03
6.380000000000000000e+02 1.747000000000000000e+03
5.820000000000000000e+02 1.698000000000000000e+03
8.700000000000000000e+02 7.870000000000000000e+02
8.640000000000000000e+02 1.842000000000000000e+03
6.730000000000000000e+02 1.067000000000000000e+03
7.070000000000000000e+02 1.059000000000000000e+03
7.290000000000000000e+02 1.057000000000000000e+03
4.160000000000000000e+02 9.750000000000000000e+02
6.970000000000000000e+02 1.015000000000000000e+03
6.570000000000000000e+02 1.000000000000000000e+03
6.150000000000000000e+02 9.990000000000000000e+02
5.770000000000000000e+02 1.007000000000000000e+03
5.560000000000000000e+02 1.019000000000000000e+03
3.580000000000000000e+02 9.170000000000000000e+02
5.720000000000000000e+02 1.062000000000000000e+03
8.640000000000000000e+02 1.448000000000000000e+03
7.290000000000000000e+02 1.455000000000000000e+03
7.600000000000000000e+02 1.373000000000000000e+03
8.060000000000000000e+02 1.449000000000000000e+03
8.660000000000000000e+02 1.032000000000000000e+03
5.720000000000000000e+02 1.659000000000000000e+03
6.280000000000000000e+02 1.711000000000000000e+03
7.670000000000000000e+02 1.806000000000000000e+03
4.640000000000000000e+02 1.548000000000000000e+03
7.250000000000000000e+02 1.040000000000000000e+03
7.910000000000000000e+02 1.189000000000000000e+03
8.640000000000000000e+02 1.819000000000000000e+03
6.980000000000000000e+02 1.795000000000000000e+03
3.900000000000000000e+02 1.333000000000000000e+03
7.840000000000000000e+02 1.555000000000000000e+03
7.730000000000000000e+02 1.574000000000000000e+03
7.650000000000000000e+02 1.597000000000000000e+03
7.590000000000000000e+02 1.624000000000000000e+03
7.520000000000000000e+02 1.651000000000000000e+03
7.250000000000000000e+02 1.541000000000000000e+03
7.150000000000000000e+02 1.536000000000000000e+03
7.070000000000000000e+02 1.531000000000000000e+03
6.610000000000000000e+02 1.504000000000000000e+03
4.830000000000000000e+02 1.378000000000000000e+03
7.920000000000000000e+02 1.134000000000000000e+03
7.670000000000000000e+02 1.034000000000000000e+03
7.410000000000000000e+02 1.031000000000000000e+03
7.350000000000000000e+02 1.546000000000000000e+03
4.800000000000000000e+02 1.475000000000000000e+03
8.050000000000000000e+02 1.045000000000000000e+03
7.230000000000000000e+02 1.686000000000000000e+03
8.630000000000000000e+02 1.217000000000000000e+03
8.220000000000000000e+02 1.170000000000000000e+03
8.640000000000000000e+02 1.162000000000000000e+03
7.620000000000000000e+02 1.261000000000000000e+03
8.650000000000000000e+02 1.779000000000000000e+03
8.660000000000000000e+02 1.726000000000000000e+03
7.920000000000000000e+02 1.717000000000000000e+03
6.270000000000000000e+02 1.594000000000000000e+03
6.770000000000000000e+02 1.370000000000000000e+03
6.690000000000000000e+02 1.645000000000000000e+03
5.740000000000000000e+02 1.356000000000000000e+03
6.380000000000000000e+02 1.412000000000000000e+03
5.420000000000000000e+02 1.422000000000000000e+03
7.740000000000000000e+02 1.767000000000000000e+03
7.380000000000000000e+02 1.282000000000000000e+03
5.860000000000000000e+02 1.621000000000000000e+03
6.410000000000000000e+02 1.675000000000000000e+03
5.940000000000000000e+02 1.539000000000000000e+03
4.390000000000000000e+02 1.411000000000000000e+03
5.350000000000000000e+02 1.536000000000000000e+03
4.160000000000000000e+02 1.428000000000000000e+03
6.100000000000000000e+02 1.466000000000000000e+03
7.640000000000000000e+02 1.213000000000000000e+03
7.640000000000000000e+02 1.364000000000000000e+03
7.410000000000000000e+02 1.368000000000000000e+03
7.810000000000000000e+02 1.340000000000000000e+03
7.300000000000000000e+02 9.960000000000000000e+02
6.540000000000000000e+02 9.670000000000000000e+02
5.870000000000000000e+02 9.600000000000000000e+02
5.340000000000000000e+02 9.660000000000000000e+02
5.010000000000000000e+02 9.820000000000000000e+02
4.840000000000000000e+02 1.044000000000000000e+03
3.620000000000000000e+02 1.136000000000000000e+03
5.220000000000000000e+02 1.118000000000000000e+03
5.680000000000000000e+02 1.138000000000000000e+03
6.290000000000000000e+02 1.138000000000000000e+03
6.840000000000000000e+02 1.126000000000000000e+03
7.250000000000000000e+02 1.112000000000000000e+03
7.530000000000000000e+02 1.101000000000000000e+03
3.600000000000000000e+02 1.112000000000000000e+03
7.420000000000000000e+02 1.377000000000000000e+03
7.900000000000000000e+02 1.238000000000000000e+03
7.930000000000000000e+02 1.373000000000000000e+03
8.150000000000000000e+02 1.392000000000000000e+03
7.940000000000000000e+02 1.376000000000000000e+03
7.540000000000000000e+02 1.389000000000000000e+03
8.240000000000000000e+02 1.398000000000000000e+03
8.290000000000000000e+02 1.404000000000000000e+03
7.520000000000000000e+02 1.062000000000000000e+03
7.740000000000000000e+02 1.080000000000000000e+03
7.870000000000000000e+02 1.097000000000000000e+03
5.440000000000000000e+02 1.027000000000000000e+03
5.120000000000000000e+02 1.011000000000000000e+03
9.030000000000000000e+02 1.221000000000000000e+03
1.193000000000000000e+03 1.045000000000000000e+03
9.040000000000000000e+02 1.395000000000000000e+03
1.378000000000000000e+03 8.360000000000000000e+02
1.060000000000000000e+03 1.091000000000000000e+03
1.106000000000000000e+03 1.095000000000000000e+03
1.151000000000000000e+03 1.093000000000000000e+03
1.210000000000000000e+03 1.058000000000000000e+03
1.022000000000000000e+03 1.082000000000000000e+03
1.137000000000000000e+03 9.500000000000000000e+02
1.082000000000000000e+03 9.560000000000000000e+02
1.186000000000000000e+03 9.580000000000000000e+02
1.216000000000000000e+03 9.770000000000000000e+02
1.248000000000000000e+03 1.087000000000000000e+03
1.033000000000000000e+03 1.725000000000000000e+03
1.211000000000000000e+03 1.027000000000000000e+03
1.392000000000000000e+03 1.038000000000000000e+03
1.301000000000000000e+03 1.043000000000000000e+03
1.094000000000000000e+03 1.303000000000000000e+03
9.100000000000000000e+02 1.495000000000000000e+03
9.050000000000000000e+02 1.545000000000000000e+03
9.600000000000000000e+02 1.509000000000000000e+03
9.930000000000000000e+02 1.522000000000000000e+03
9.450000000000000000e+02 1.543000000000000000e+03
9.760000000000000000e+02 1.543000000000000000e+03
1.068000000000000000e+03 1.580000000000000000e+03
8.970000000000000000e+02 1.383000000000000000e+03
9.050000000000000000e+02 1.340000000000000000e+03
1.276000000000000000e+03 9.320000000000000000e+02
1.003000000000000000e+03 1.186000000000000000e+03
1.001000000000000000e+03 1.351000000000000000e+03
1.005000000000000000e+03 1.323000000000000000e+03
1.230000000000000000e+03 1.286000000000000000e+03
9.040000000000000000e+02 1.277000000000000000e+03
1.175000000000000000e+03 8.900000000000000000e+02
1.236000000000000000e+03 9.030000000000000000e+02
1.337000000000000000e+03 7.660000000000000000e+02
9.690000000000000000e+02 9.410000000000000000e+02
1.034000000000000000e+03 9.800000000000000000e+02
1.101000000000000000e+03 1.536000000000000000e+03
1.321000000000000000e+03 1.442000000000000000e+03
9.670000000000000000e+02 1.377000000000000000e+03
9.320000000000000000e+02 1.392000000000000000e+03
1.037000000000000000e+03 1.538000000000000000e+03
1.027000000000000000e+03 1.540000000000000000e+03
1.260000000000000000e+03 8.690000000000000000e+02
1.002000000000000000e+03 1.366000000000000000e+03
1.089000000000000000e+03 8.980000000000000000e+02
1.097000000000000000e+03 8.610000000000000000e+02
1.154000000000000000e+03 6.820000000000000000e+02
1.305000000000000000e+03 8.240000000000000000e+02
1.124000000000000000e+03 7.810000000000000000e+02
1.303000000000000000e+03 9.050000000000000000e+02
1.348000000000000000e+03 8.800000000000000000e+02
9.090000000000000000e+02 1.522000000000000000e+03
9.530000000000000000e+02 1.527000000000000000e+03
9.850000000000000000e+02 1.532000000000000000e+03
9.560000000000000000e+02 1.385000000000000000e+03
1.032000000000000000e+03 1.539000000000000000e+03
1.013000000000000000e+03 1.556000000000000000e+03
1.022000000000000000e+03 1.541000000000000000e+03
9.460000000000000000e+02 1.370000000000000000e+03
9.700000000000000000e+02 1.550000000000000000e+03
9.390000000000000000e+02 1.554000000000000000e+03
9.020000000000000000e+02 1.558000000000000000e+03
9.260000000000000000e+02 1.674000000000000000e+03
9.170000000000000000e+02 1.645000000000000000e+03
9.130000000000000000e+02 1.615000000000000000e+03
9.090000000000000000e+02 1.584000000000000000e+03
9.030000000000000000e+02 1.559000000000000000e+03
9.710000000000000000e+02 1.549000000000000000e+03
9.810000000000000000e+02 1.560000000000000000e+03
9.920000000000000000e+02 1.574000000000000000e+03
1.000000000000000000e+03 1.590000000000000000e+03
1.049000000000000000e+03 1.472000000000000000e+03
1.380000000000000000e+03 1.210000000000000000e+03
9.940000000000000000e+02 1.546000000000000000e+03
1.004000000000000000e+03 1.550000000000000000e+03
9.190000000000000000e+02 1.410000000000000000e+03
9.880000000000000000e+02 1.390000000000000000e+03
9.250000000000000000e+02 1.402000000000000000e+03
1.049000000000000000e+03 1.210000000000000000e+03
1.125000000000000000e+03 1.239000000000000000e+03
1.012000000000000000e+03 1.339000000000000000e+03
1.268000000000000000e+03 7.130000000000000000e+02
1.235000000000000000e+03 7.890000000000000000e+02
1.191000000000000000e+03 8.520000000000000000e+02
1.032000000000000000e+03 1.617000000000000000e+03
9.830000000000000000e+02 8.790000000000000000e+02
1.006000000000000000e+03 7.840000000000000000e+02
1.026000000000000000e+03 6.680000000000000000e+02
1.189000000000000000e+03 1.080000000000000000e+03
1.298000000000000000e+03 1.116000000000000000e+03
9.970000000000000000e+02 1.074000000000000000e+03
1.256000000000000000e+03 9.930000000000000000e+02
9.730000000000000000e+02 1.160000000000000000e+03
9.760000000000000000e+02 1.341000000000000000e+03
1.348000000000000000e+03 1.145000000000000000e+03
1.266000000000000000e+03 1.159000000000000000e+03
1.207000000000000000e+03 1.185000000000000000e+03
1.118000000000000000e+03 1.181000000000000000e+03
1.055000000000000000e+03 1.163000000000000000e+03
1.009000000000000000e+03 1.145000000000000000e+03
9.110000000000000000e+02 1.111000000000000000e+03
1.333000000000000000e+03 1.245000000000000000e+03
1.292000000000000000e+03 9.810000000000000000e+02
8.830000000000000000e+02 1.401000000000000000e+03
9.960000000000000000e+02 1.239000000000000000e+03
1.404000000000000000e+03 1.011000000000000000e+03
9.740000000000000000e+02 1.125000000000000000e+03
1.016000000000000000e+03 1.336000000000000000e+03
1.229000000000000000e+03 1.026000000000000000e+03
9.790000000000000000e+02 1.307000000000000000e+03
1.357000000000000000e+03 1.322000000000000000e+03
9.990000000000000000e+02 1.056000000000000000e+03
9.440000000000000000e+02 1.288000000000000000e+03
1.223000000000000000e+03 1.592000000000000000e+03
1.220000000000000000e+03 1.624000000000000000e+03
1.374000000000000000e+03 1.230000000000000000e+03
1.277000000000000000e+03 1.520000000000000000e+03
1.372000000000000000e+03 9.510000000000000000e+02
1.040000000000000000e+03 1.765000000000000000e+03
8.790000000000000000e+02 1.407000000000000000e+03
1.036000000000000000e+03 1.269000000000000000e+03
1.339000000000000000e+03 1.042000000000000000e+03
1.146000000000000000e+03 1.067000000000000000e+03
1.107000000000000000e+03 1.070000000000000000e+03
1.022000000000000000e+03 1.562000000000000000e+03
1.318000000000000000e+03 1.334000000000000000e+03
9.590000000000000000e+02 1.829000000000000000e+03
1.093000000000000000e+03 1.745000000000000000e+03
1.152000000000000000e+03 1.695000000000000000e+03
1.069000000000000000e+03 1.066000000000000000e+03
1.032000000000000000e+03 1.060000000000000000e+03
1.008000000000000000e+03 1.058000000000000000e+03
1.324000000000000000e+03 9.630000000000000000e+02
1.043000000000000000e+03 1.015000000000000000e+03
1.086000000000000000e+03 9.970000000000000000e+02
1.128000000000000000e+03 9.940000000000000000e+02
1.167000000000000000e+03 1.001000000000000000e+03
1.189000000000000000e+03 1.012000000000000000e+03
1.399000000000000000e+03 9.130000000000000000e+02
1.174000000000000000e+03 1.057000000000000000e+03
1.007000000000000000e+03 1.453000000000000000e+03
9.670000000000000000e+02 1.372000000000000000e+03
9.250000000000000000e+02 1.448000000000000000e+03
1.163000000000000000e+03 1.658000000000000000e+03
1.104000000000000000e+03 1.711000000000000000e+03
9.610000000000000000e+02 1.806000000000000000e+03
1.274000000000000000e+03 1.544000000000000000e+03
1.013000000000000000e+03 1.041000000000000000e+03
9.400000000000000000e+02 1.188000000000000000e+03
1.031000000000000000e+03 1.793000000000000000e+03
1.352000000000000000e+03 1.330000000000000000e+03
9.400000000000000000e+02 1.554000000000000000e+03
9.490000000000000000e+02 1.573000000000000000e+03
9.580000000000000000e+02 1.596000000000000000e+03
9.640000000000000000e+02 1.622000000000000000e+03
9.850000000000000000e+02 1.650000000000000000e+03
1.002000000000000000e+03 1.541000000000000000e+03
1.010000000000000000e+03 1.536000000000000000e+03
1.018000000000000000e+03 1.531000000000000000e+03
1.082000000000000000e+03 1.501000000000000000e+03
1.258000000000000000e+03 1.374000000000000000e+03
9.420000000000000000e+02 1.133000000000000000e+03
9.670000000000000000e+02 1.023000000000000000e+03
9.940000000000000000e+02 1.025000000000000000e+03
9.940000000000000000e+02 1.547000000000000000e+03
1.259000000000000000e+03 1.472000000000000000e+03
9.260000000000000000e+02 1.029000000000000000e+03
1.011000000000000000e+03 1.685000000000000000e+03
9.080000000000000000e+02 1.169000000000000000e+03
9.690000000000000000e+02 1.261000000000000000e+03
9.410000000000000000e+02 1.717000000000000000e+03
1.113000000000000000e+03 1.592000000000000000e+03
1.056000000000000000e+03 1.368000000000000000e+03
1.067000000000000000e+03 1.643000000000000000e+03
1.164000000000000000e+03 1.353000000000000000e+03
1.099000000000000000e+03 1.410000000000000000e+03
1.198000000000000000e+03 1.419000000000000000e+03
9.550000000000000000e+02 1.767000000000000000e+03
9.930000000000000000e+02 1.281000000000000000e+03
1.151000000000000000e+03 1.618000000000000000e+03
1.093000000000000000e+03 1.674000000000000000e+03
1.147000000000000000e+03 1.536000000000000000e+03
1.301000000000000000e+03 1.408000000000000000e+03
1.204000000000000000e+03 1.533000000000000000e+03
1.324000000000000000e+03 1.425000000000000000e+03
1.132000000000000000e+03 1.462000000000000000e+03
9.680000000000000000e+02 1.212000000000000000e+03
9.600000000000000000e+02 1.363000000000000000e+03
9.860000000000000000e+02 1.368000000000000000e+03
9.430000000000000000e+02 1.339000000000000000e+03
1.005000000000000000e+03 9.730000000000000000e+02
1.083000000000000000e+03 9.390000000000000000e+02
1.151000000000000000e+03 9.320000000000000000e+02
1.205000000000000000e+03 9.410000000000000000e+02
1.240000000000000000e+03 9.600000000000000000e+02
1.259000000000000000e+03 1.036000000000000000e+03
1.389000000000000000e+03 1.133000000000000000e+03
1.222000000000000000e+03 1.112000000000000000e+03
1.175000000000000000e+03 1.132000000000000000e+03
1.113000000000000000e+03 1.133000000000000000e+03
1.056000000000000000e+03 1.123000000000000000e+03
1.013000000000000000e+03 1.111000000000000000e+03
9.830000000000000000e+02 1.100000000000000000e+03
1.394000000000000000e+03 1.108000000000000000e+03
9.850000000000000000e+02 1.376000000000000000e+03
9.380000000000000000e+02 1.237000000000000000e+03
9.290000000000000000e+02 1.372000000000000000e+03
9.070000000000000000e+02 1.391000000000000000e+03
9.290000000000000000e+02 1.376000000000000000e+03
9.730000000000000000e+02 1.388000000000000000e+03
8.980000000000000000e+02 1.397000000000000000e+03
8.940000000000000000e+02 1.403000000000000000e+03
9.830000000000000000e+02 1.060000000000000000e+03
9.600000000000000000e+02 1.076000000000000000e+03
9.460000000000000000e+02 1.091000000000000000e+03
1.202000000000000000e+03 1.021000000000000000e+03
1.232000000000000000e+03 9.970000000000000000e+02
6.270000000000000000e+02 1.026000000000000000e+03
6.720000000000000000e+02 1.024000000000000000e+03
6.270000000000000000e+02 9.800000000000000000e+02
5.800000000000000000e+02 1.028000000000000000e+03
6.260000000000000000e+02 1.072000000000000000e+03
1.116000000000000000e+03 1.030000000000000000e+03
1.162000000000000000e+03 1.029000000000000000e+03
1.114000000000000000e+03 9.880000000000000000e+02
1.070000000000000000e+03 1.031000000000000000e+03
1.118000000000000000e+03 1.073000000000000000e+03
0.000000000000000000e+00 0.000000000000000000e+00
1.749000000000000000e+03 0.000000000000000000e+00
1.749000000000000000e+03 2.187000000000000000e+03
0.000000000000000000e+00 2.187000000000000000e+03
8.700000000000000000e+01 0.000000000000000000e+00
8.700000000000000000e+01 2.187000000000000000e+03
0.000000000000000000e+00 1.090000000000000000e+02
1.749000000000000000e+03 1.090000000000000000e+02
1.750000000000000000e+02 0.000000000000000000e+00
1.750000000000000000e+02 2.187000000000000000e+03
0.000000000000000000e+00 2.180000000000000000e+02
1.749000000000000000e+03 2.180000000000000000e+02
2.620000000000000000e+02 0.000000000000000000e+00
2.620000000000000000e+02 2.187000000000000000e+03
0.000000000000000000e+00 3.280000000000000000e+02
1.749000000000000000e+03 3.280000000000000000e+02
3.500000000000000000e+02 0.000000000000000000e+00
3.500000000000000000e+02 2.187000000000000000e+03
0.000000000000000000e+00 4.370000000000000000e+02
1.749000000000000000e+03 4.370000000000000000e+02
4.370000000000000000e+02 0.000000000000000000e+00
4.370000000000000000e+02 2.187000000000000000e+03
0.000000000000000000e+00 5.470000000000000000e+02
1.749000000000000000e+03 5.470000000000000000e+02
5.250000000000000000e+02 0.000000000000000000e+00
5.250000000000000000e+02 2.187000000000000000e+03
0.000000000000000000e+00 6.560000000000000000e+02
1.749000000000000000e+03 6.560000000000000000e+02
6.120000000000000000e+02 0.000000000000000000e+00
6.120000000000000000e+02 2.187000000000000000e+03
0.000000000000000000e+00 7.650000000000000000e+02
1.749000000000000000e+03 7.650000000000000000e+02
7.000000000000000000e+02 0.000000000000000000e+00
7.000000000000000000e+02 2.187000000000000000e+03
0.000000000000000000e+00 8.750000000000000000e+02
1.749000000000000000e+03 8.750000000000000000e+02
7.870000000000000000e+02 0.000000000000000000e+00
7.870000000000000000e+02 2.187000000000000000e+03
0.000000000000000000e+00 9.840000000000000000e+02
1.749000000000000000e+03 9.840000000000000000e+02
8.750000000000000000e+02 0.000000000000000000e+00
8.750000000000000000e+02 2.187000000000000000e+03
0.000000000000000000e+00 1.094000000000000000e+03
1.749000000000000000e+03 1.094000000000000000e+03
9.620000000000000000e+02 0.000000000000000000e+00
9.620000000000000000e+02 2.187000000000000000e+03
0.000000000000000000e+00 1.203000000000000000e+03
1.749000000000000000e+03 1.203000000000000000e+03
1.050000000000000000e+03 0.000000000000000000e+00
1.050000000000000000e+03 2.187000000000000000e+03
0.000000000000000000e+00 1.312000000000000000e+03
1.749000000000000000e+03 1.312000000000000000e+03
1.137000000000000000e+03 0.000000000000000000e+00
1.137000000000000000e+03 2.187000000000000000e+03
0.000000000000000000e+00 1.422000000000000000e+03
1.749000000000000000e+03 1.422000000000000000e+03
1.225000000000000000e+03 0.000000000000000000e+00
1.225000000000000000e+03 2.187000000000000000e+03
0.000000000000000000e+00 1.531000000000000000e+03
1.749000000000000000e+03 1.531000000000000000e+03
1.312000000000000000e+03 0.000000000000000000e+00
1.312000000000000000e+03 2.187000000000000000e+03
0.000000000000000000e+00 1.641000000000000000e+03
1.749000000000000000e+03 1.641000000000000000e+03
1.400000000000000000e+03 0.000000000000000000e+00
1.400000000000000000e+03 2.187000000000000000e+03
0.000000000000000000e+00 1.750000000000000000e+03
1.749000000000000000e+03 1.750000000000000000e+03
1.487000000000000000e+03 0.000000000000000000e+00
1.487000000000000000e+03 2.187000000000000000e+03
0.000000000000000000e+00 1.859000000000000000e+03
1.749000000000000000e+03 1.859000000000000000e+03
1.575000000000000000e+03 0.000000000000000000e+00
1.575000000000000000e+03 2.187000000000000000e+03
0.000000000000000000e+00 1.969000000000000000e+03
1.749000000000000000e+03 1.969000000000000000e+03
1.662000000000000000e+03 0.000000000000000000e+00
1.662000000000000000e+03 2.187000000000000000e+03
0.000000000000000000e+00 2.078000000000000000e+03
1.749000000000000000e+03 2.078000000000000000e+03
