8.530000000000000000e+02 1.446000000000000000e+03
8.590000000000000000e+02 1.313000000000000000e+03
8.570000000000000000e+02 1.346000000000000000e+03
8.280000000000000000e+02 1.160000000000000000e+03
8.590000000000000000e+02 1.269000000000000000e+03
8.610000000000000000e+02 1.207000000000000000e+03
8.640000000000000000e+02 1.055000000000000000e+03
5.810000000000000000e+02 1.039000000000000000e+03
8.660000000000000000e+02 9.490000000000000000e+02
8.680000000000000000e+02 8.920000000000000000e+02
8.730000000000000000e+02 6.590000000000000000e+02
8.530000000000000000e+02 1.464000000000000000e+03
8.520000000000000000e+02 1.483000000000000000e+03
8.520000000000000000e+02 1.495000000000000000e+03
8.520000000000000000e+02 1.496000000000000000e+03
8.510000000000000000e+02 1.519000000000000000e+03
8.510000000000000000e+02 1.546000000000000000e+03
8.500000000000000000e+02 1.573000000000000000e+03
8.530000000000000000e+02 1.591000000000000000e+03
8.580000000000000000e+02 1.333000000000000000e+03
8.190000000000000000e+02 1.327000000000000000e+03
4.390000000000000000e+02 8.440000000000000000e+02
7.000000000000000000e+02 1.073000000000000000e+03
6.590000000000000000e+02 1.079000000000000000e+03
6.200000000000000000e+02 1.078000000000000000e+03
5.660000000000000000e+02 1.048000000000000000e+03
7.350000000000000000e+02 1.063000000000000000e+03
6.300000000000000000e+02 9.450000000000000000e+02
6.790000000000000000e+02 9.510000000000000000e+02
5.870000000000000000e+02 9.540000000000000000e+02
5.600000000000000000e+02 9.720000000000000000e+02
5.360000000000000000e+02 1.068000000000000000e+03
7.090000000000000000e+02 1.647000000000000000e+03
5.660000000000000000e+02 1.022000000000000000e+03
4.210000000000000000e+02 1.035000000000000000e+03
4.900000000000000000e+02 1.028000000000000000e+03
6.580000000000000000e+02 1.251000000000000000e+03
8.040000000000000000e+02 1.438000000000000000e+03
8.070000000000000000e+02 1.482000000000000000e+03
7.540000000000000000e+02 1.452000000000000000e+03
7.200000000000000000e+02 1.466000000000000000e+03
7.680000000000000000e+02 1.483000000000000000e+03
7.370000000000000000e+02 1.484000000000000000e+03
6.710000000000000000e+02 1.507000000000000000e+03
8.250000000000000000e+02 1.311000000000000000e+03
8.210000000000000000e+02 1.268000000000000000e+03
5.030000000000000000e+02 9.250000000000000000e+02
7.420000000000000000e+02 1.143000000000000000e+03
7.310000000000000000e+02 1.286000000000000000e+03
7.290000000000000000e+02 1.261000000000000000e+03
5.390000000000000000e+02 1.238000000000000000e+03
8.240000000000000000e+02 1.210000000000000000e+03
5.950000000000000000e+02 8.940000000000000000e+02
5.390000000000000000e+02 9.000000000000000000e+02
4.760000000000000000e+02 7.700000000000000000e+02
7.760000000000000000e+02 9.500000000000000000e+02
7.220000000000000000e+02 9.720000000000000000e+02
6.410000000000000000e+02 1.465000000000000000e+03
4.680000000000000000e+02 1.430000000000000000e+03
7.600000000000000000e+02 1.311000000000000000e+03
7.920000000000000000e+02 1.325000000000000000e+03
6.770000000000000000e+02 1.485000000000000000e+03
6.870000000000000000e+02 1.486000000000000000e+03
5.180000000000000000e+02 8.670000000000000000e+02
7.280000000000000000e+02 1.302000000000000000e+03
6.720000000000000000e+02 9.090000000000000000e+02
6.650000000000000000e+02 8.740000000000000000e+02
6.360000000000000000e+02 6.760000000000000000e+02
5.010000000000000000e+02 8.200000000000000000e+02
6.580000000000000000e+02 7.680000000000000000e+02
4.810000000000000000e+02 8.970000000000000000e+02
4.620000000000000000e+02 8.780000000000000000e+02
8.040000000000000000e+02 1.462000000000000000e+03
7.610000000000000000e+02 1.468000000000000000e+03
7.280000000000000000e+02 1.475000000000000000e+03
7.690000000000000000e+02 1.318000000000000000e+03
6.820000000000000000e+02 1.486000000000000000e+03
7.010000000000000000e+02 1.499000000000000000e+03
6.920000000000000000e+02 1.487000000000000000e+03
7.800000000000000000e+02 1.303000000000000000e+03
7.440000000000000000e+02 1.491000000000000000e+03
7.740000000000000000e+02 1.492000000000000000e+03
8.110000000000000000e+02 1.494000000000000000e+03
7.990000000000000000e+02 1.589000000000000000e+03
7.960000000000000000e+02 1.568000000000000000e+03
7.990000000000000000e+02 1.542000000000000000e+03
8.040000000000000000e+02 1.515000000000000000e+03
8.100000000000000000e+02 1.495000000000000000e+03
7.430000000000000000e+02 1.491000000000000000e+03
7.330000000000000000e+02 1.500000000000000000e+03
7.230000000000000000e+02 1.513000000000000000e+03
7.140000000000000000e+02 1.526000000000000000e+03
6.860000000000000000e+02 1.404000000000000000e+03
4.230000000000000000e+02 1.217000000000000000e+03
8.580000000000000000e+02 1.339000000000000000e+03
7.190000000000000000e+02 1.489000000000000000e+03
7.100000000000000000e+02 1.494000000000000000e+03
8.050000000000000000e+02 1.341000000000000000e+03
7.420000000000000000e+02 1.325000000000000000e+03
7.990000000000000000e+02 1.333000000000000000e+03
6.990000000000000000e+02 1.166000000000000000e+03
6.330000000000000000e+02 1.193000000000000000e+03
7.220000000000000000e+02 1.277000000000000000e+03
5.380000000000000000e+02 7.120000000000000000e+02
5.630000000000000000e+02 7.810000000000000000e+02
5.810000000000000000e+02 8.580000000000000000e+02
7.050000000000000000e+02 1.539000000000000000e+03
7.630000000000000000e+02 8.950000000000000000e+02
7.570000000000000000e+02 7.680000000000000000e+02
7.440000000000000000e+02 6.600000000000000000e+02
5.860000000000000000e+02 1.068000000000000000e+03
4.960000000000000000e+02 1.092000000000000000e+03
7.580000000000000000e+02 1.054000000000000000e+03
5.240000000000000000e+02 9.850000000000000000e+02
7.710000000000000000e+02 1.117000000000000000e+03
7.560000000000000000e+02 1.275000000000000000e+03
4.490000000000000000e+02 1.123000000000000000e+03
5.240000000000000000e+02 1.130000000000000000e+03
5.750000000000000000e+02 1.152000000000000000e+03
6.520000000000000000e+02 1.148000000000000000e+03
7.070000000000000000e+02 1.132000000000000000e+03
7.480000000000000000e+02 1.115000000000000000e+03
8.250000000000000000e+02 1.065000000000000000e+03
4.550000000000000000e+02 1.214000000000000000e+03
4.940000000000000000e+02 9.710000000000000000e+02
8.380000000000000000e+02 1.331000000000000000e+03
7.450000000000000000e+02 1.189000000000000000e+03
4.130000000000000000e+02 1.024000000000000000e+03
7.780000000000000000e+02 1.097000000000000000e+03
7.180000000000000000e+02 1.277000000000000000e+03
5.490000000000000000e+02 1.021000000000000000e+03
7.550000000000000000e+02 1.244000000000000000e+03
4.400000000000000000e+02 1.321000000000000000e+03
7.570000000000000000e+02 1.039000000000000000e+03
7.890000000000000000e+02 1.223000000000000000e+03
5.490000000000000000e+02 1.540000000000000000e+03
5.550000000000000000e+02 1.583000000000000000e+03
4.250000000000000000e+02 1.218000000000000000e+03
5.010000000000000000e+02 1.481000000000000000e+03
4.400000000000000000e+02 9.500000000000000000e+02
7.050000000000000000e+02 1.684000000000000000e+03
8.410000000000000000e+02 1.337000000000000000e+03
7.070000000000000000e+02 1.218000000000000000e+03
4.570000000000000000e+02 1.025000000000000000e+03
6.230000000000000000e+02 1.057000000000000000e+03
6.580000000000000000e+02 1.058000000000000000e+03
6.930000000000000000e+02 1.505000000000000000e+03
4.630000000000000000e+02 1.300000000000000000e+03
7.740000000000000000e+02 1.736000000000000000e+03
6.630000000000000000e+02 1.679000000000000000e+03
6.140000000000000000e+02 1.640000000000000000e+03
8.700000000000000000e+02 7.710000000000000000e+02
8.530000000000000000e+02 1.744000000000000000e+03
6.930000000000000000e+02 1.052000000000000000e+03
7.270000000000000000e+02 1.044000000000000000e+03
7.480000000000000000e+02 1.041000000000000000e+03
4.660000000000000000e+02 9.520000000000000000e+02
7.150000000000000000e+02 1.001000000000000000e+03
6.760000000000000000e+02 9.840000000000000000e+02
6.390000000000000000e+02 9.820000000000000000e+02
6.040000000000000000e+02 9.910000000000000000e+02
5.840000000000000000e+02 1.005000000000000000e+03
4.210000000000000000e+02 9.250000000000000000e+02
5.980000000000000000e+02 1.049000000000000000e+03
8.560000000000000000e+02 1.378000000000000000e+03
7.260000000000000000e+02 1.384000000000000000e+03
7.610000000000000000e+02 1.306000000000000000e+03
8.000000000000000000e+02 1.378000000000000000e+03
8.650000000000000000e+02 1.000000000000000000e+03
6.020000000000000000e+02 1.597000000000000000e+03
6.520000000000000000e+02 1.641000000000000000e+03
7.710000000000000000e+02 1.715000000000000000e+03
5.090000000000000000e+02 1.517000000000000000e+03
7.430000000000000000e+02 1.025000000000000000e+03
7.980000000000000000e+02 1.135000000000000000e+03
8.530000000000000000e+02 1.722000000000000000e+03
7.140000000000000000e+02 1.713000000000000000e+03
4.400000000000000000e+02 1.312000000000000000e+03
7.730000000000000000e+02 1.493000000000000000e+03
7.640000000000000000e+02 1.508000000000000000e+03
7.560000000000000000e+02 1.528000000000000000e+03
7.500000000000000000e+02 1.551000000000000000e+03
7.460000000000000000e+02 1.568000000000000000e+03
7.110000000000000000e+02 1.485000000000000000e+03
7.020000000000000000e+02 1.481000000000000000e+03
6.940000000000000000e+02 1.476000000000000000e+03
6.560000000000000000e+02 1.431000000000000000e+03
5.100000000000000000e+02 1.328000000000000000e+03
7.990000000000000000e+02 1.088000000000000000e+03
7.810000000000000000e+02 1.011000000000000000e+03
7.580000000000000000e+02 1.012000000000000000e+03
7.200000000000000000e+02 1.489000000000000000e+03
5.110000000000000000e+02 1.426000000000000000e+03
8.160000000000000000e+02 1.016000000000000000e+03
7.270000000000000000e+02 1.606000000000000000e+03
8.620000000000000000e+02 1.155000000000000000e+03
8.260000000000000000e+02 1.115000000000000000e+03
8.630000000000000000e+02 1.107000000000000000e+03
7.680000000000000000e+02 1.203000000000000000e+03
8.530000000000000000e+02 1.684000000000000000e+03
8.530000000000000000e+02 1.635000000000000000e+03
7.870000000000000000e+02 1.632000000000000000e+03
6.380000000000000000e+02 1.524000000000000000e+03
6.850000000000000000e+02 1.309000000000000000e+03
6.790000000000000000e+02 1.571000000000000000e+03
5.930000000000000000e+02 1.298000000000000000e+03
6.470000000000000000e+02 1.349000000000000000e+03
5.610000000000000000e+02 1.363000000000000000e+03
7.750000000000000000e+02 1.679000000000000000e+03
7.440000000000000000e+02 1.224000000000000000e+03
6.090000000000000000e+02 1.554000000000000000e+03
6.600000000000000000e+02 1.602000000000000000e+03
6.050000000000000000e+02 1.471000000000000000e+03
4.760000000000000000e+02 1.372000000000000000e+03
5.600000000000000000e+02 1.475000000000000000e+03
4.620000000000000000e+02 1.400000000000000000e+03
6.150000000000000000e+02 1.399000000000000000e+03
7.720000000000000000e+02 1.161000000000000000e+03
7.680000000000000000e+02 1.296000000000000000e+03
7.430000000000000000e+02 1.302000000000000000e+03
7.860000000000000000e+02 1.270000000000000000e+03
7.460000000000000000e+02 9.710000000000000000e+02
6.770000000000000000e+02 9.390000000000000000e+02
6.160000000000000000e+02 9.300000000000000000e+02
5.680000000000000000e+02 9.370000000000000000e+02
5.370000000000000000e+02 9.540000000000000000e+02
5.230000000000000000e+02 1.024000000000000000e+03
4.170000000000000000e+02 1.126000000000000000e+03
5.580000000000000000e+02 1.092000000000000000e+03
6.010000000000000000e+02 1.108000000000000000e+03
6.550000000000000000e+02 1.109000000000000000e+03
7.050000000000000000e+02 1.099000000000000000e+03
7.430000000000000000e+02 1.086000000000000000e+03
7.690000000000000000e+02 1.076000000000000000e+03
4.160000000000000000e+02 1.119000000000000000e+03
7.430000000000000000e+02 1.311000000000000000e+03
7.960000000000000000e+02 1.178000000000000000e+03
7.960000000000000000e+02 1.302000000000000000e+03
8.170000000000000000e+02 1.322000000000000000e+03
7.960000000000000000e+02 1.307000000000000000e+03
7.540000000000000000e+02 1.322000000000000000e+03
8.250000000000000000e+02 1.327000000000000000e+03
8.280000000000000000e+02 1.334000000000000000e+03
7.700000000000000000e+02 1.043000000000000000e+03
7.890000000000000000e+02 1.055000000000000000e+03
8.010000000000000000e+02 1.068000000000000000e+03
5.730000000000000000e+02 1.015000000000000000e+03
5.450000000000000000e+02 9.920000000000000000e+02
8.960000000000000000e+02 1.161000000000000000e+03
1.155000000000000000e+03 1.038000000000000000e+03
8.970000000000000000e+02 1.328000000000000000e+03
1.291000000000000000e+03 8.550000000000000000e+02
1.032000000000000000e+03 1.077000000000000000e+03
1.074000000000000000e+03 1.082000000000000000e+03
1.115000000000000000e+03 1.080000000000000000e+03
1.169000000000000000e+03 1.050000000000000000e+03
9.970000000000000000e+02 1.068000000000000000e+03
1.103000000000000000e+03 9.500000000000000000e+02
1.053000000000000000e+03 9.570000000000000000e+02
1.147000000000000000e+03 9.570000000000000000e+02
1.174000000000000000e+03 9.740000000000000000e+02
1.199000000000000000e+03 1.076000000000000000e+03
1.000000000000000000e+03 1.651000000000000000e+03
1.170000000000000000e+03 1.022000000000000000e+03
1.304000000000000000e+03 1.048000000000000000e+03
1.243000000000000000e+03 1.039000000000000000e+03
1.061000000000000000e+03 1.257000000000000000e+03
9.030000000000000000e+02 1.438000000000000000e+03
8.980000000000000000e+02 1.482000000000000000e+03
9.530000000000000000e+02 1.452000000000000000e+03
9.860000000000000000e+02 1.466000000000000000e+03
9.370000000000000000e+02 1.482000000000000000e+03
9.680000000000000000e+02 1.484000000000000000e+03
1.038000000000000000e+03 1.513000000000000000e+03
8.920000000000000000e+02 1.312000000000000000e+03
8.980000000000000000e+02 1.269000000000000000e+03
1.228000000000000000e+03 9.310000000000000000e+02
9.810000000000000000e+02 1.146000000000000000e+03
9.870000000000000000e+02 1.289000000000000000e+03
9.890000000000000000e+02 1.264000000000000000e+03
1.179000000000000000e+03 1.248000000000000000e+03
8.970000000000000000e+02 1.211000000000000000e+03
1.138000000000000000e+03 9.000000000000000000e+02
1.193000000000000000e+03 9.060000000000000000e+02
1.261000000000000000e+03 7.800000000000000000e+02
9.550000000000000000e+02 9.580000000000000000e+02
1.009000000000000000e+03 9.790000000000000000e+02
1.070000000000000000e+03 1.472000000000000000e+03
1.248000000000000000e+03 1.442000000000000000e+03
9.560000000000000000e+02 1.314000000000000000e+03
9.240000000000000000e+02 1.327000000000000000e+03
1.027000000000000000e+03 1.485000000000000000e+03
1.017000000000000000e+03 1.486000000000000000e+03
1.214000000000000000e+03 8.730000000000000000e+02
9.880000000000000000e+02 1.305000000000000000e+03
1.060000000000000000e+03 9.160000000000000000e+02
1.067000000000000000e+03 8.800000000000000000e+02
1.109000000000000000e+03 6.830000000000000000e+02
1.236000000000000000e+03 8.300000000000000000e+02
1.082000000000000000e+03 7.740000000000000000e+02
1.249000000000000000e+03 9.060000000000000000e+02
1.271000000000000000e+03 8.890000000000000000e+02
9.010000000000000000e+02 1.462000000000000000e+03
9.450000000000000000e+02 1.468000000000000000e+03
9.770000000000000000e+02 1.475000000000000000e+03
9.470000000000000000e+02 1.321000000000000000e+03
1.022000000000000000e+03 1.486000000000000000e+03
1.002000000000000000e+03 1.498000000000000000e+03
1.011000000000000000e+03 1.487000000000000000e+03
9.370000000000000000e+02 1.305000000000000000e+03
9.610000000000000000e+02 1.490000000000000000e+03
9.300000000000000000e+02 1.492000000000000000e+03
8.940000000000000000e+02 1.493000000000000000e+03
9.070000000000000000e+02 1.591000000000000000e+03
9.040000000000000000e+02 1.568000000000000000e+03
9.020000000000000000e+02 1.542000000000000000e+03
8.990000000000000000e+02 1.515000000000000000e+03
8.940000000000000000e+02 1.494000000000000000e+03
9.610000000000000000e+02 1.490000000000000000e+03
9.700000000000000000e+02 1.500000000000000000e+03
9.790000000000000000e+02 1.512000000000000000e+03
9.870000000000000000e+02 1.526000000000000000e+03
1.025000000000000000e+03 1.409000000000000000e+03
1.295000000000000000e+03 1.230000000000000000e+03
9.840000000000000000e+02 1.489000000000000000e+03
9.930000000000000000e+02 1.493000000000000000e+03
9.100000000000000000e+02 1.343000000000000000e+03
9.740000000000000000e+02 1.328000000000000000e+03
9.170000000000000000e+02 1.335000000000000000e+03
1.022000000000000000e+03 1.170000000000000000e+03
1.088000000000000000e+03 1.199000000000000000e+03
9.960000000000000000e+02 1.281000000000000000e+03
1.204000000000000000e+03 7.210000000000000000e+02
1.176000000000000000e+03 7.890000000000000000e+02
1.151000000000000000e+03 8.620000000000000000e+02
1.003000000000000000e+03 1.544000000000000000e+03
9.690000000000000000e+02 9.020000000000000000e+02
9.830000000000000000e+02 7.710000000000000000e+02
1.001000000000000000e+03 6.640000000000000000e+02
1.149000000000000000e+03 1.070000000000000000e+03
1.241000000000000000e+03 1.105000000000000000e+03
9.740000000000000000e+02 1.060000000000000000e+03
1.209000000000000000e+03 9.890000000000000000e+02
9.540000000000000000e+02 1.119000000000000000e+03
9.620000000000000000e+02 1.277000000000000000e+03
1.274000000000000000e+03 1.135000000000000000e+03
1.215000000000000000e+03 1.140000000000000000e+03
1.164000000000000000e+03 1.160000000000000000e+03
1.085000000000000000e+03 1.155000000000000000e+03
1.028000000000000000e+03 1.138000000000000000e+03
9.860000000000000000e+02 1.120000000000000000e+03
9.020000000000000000e+02 1.066000000000000000e+03
1.266000000000000000e+03 1.226000000000000000e+03
1.238000000000000000e+03 9.810000000000000000e+02
8.790000000000000000e+02 1.331000000000000000e+03
9.770000000000000000e+02 1.192000000000000000e+03
1.310000000000000000e+03 1.036000000000000000e+03
9.550000000000000000e+02 1.102000000000000000e+03
9.990000000000000000e+02 1.280000000000000000e+03
1.186000000000000000e+03 1.022000000000000000e+03
9.640000000000000000e+02 1.246000000000000000e+03
1.277000000000000000e+03 1.334000000000000000e+03
9.750000000000000000e+02 1.045000000000000000e+03
9.310000000000000000e+02 1.224000000000000000e+03
1.167000000000000000e+03 1.551000000000000000e+03
1.160000000000000000e+03 1.593000000000000000e+03
1.295000000000000000e+03 1.230000000000000000e+03
1.216000000000000000e+03 1.493000000000000000e+03
1.288000000000000000e+03 9.620000000000000000e+02
1.005000000000000000e+03 1.689000000000000000e+03
8.740000000000000000e+02 1.338000000000000000e+03
1.012000000000000000e+03 1.222000000000000000e+03
1.274000000000000000e+03 1.043000000000000000e+03
1.112000000000000000e+03 1.056000000000000000e+03
1.076000000000000000e+03 1.059000000000000000e+03
1.010000000000000000e+03 1.504000000000000000e+03
1.255000000000000000e+03 1.312000000000000000e+03
9.330000000000000000e+02 1.739000000000000000e+03
1.049000000000000000e+03 1.686000000000000000e+03
1.101000000000000000e+03 1.649000000000000000e+03
1.040000000000000000e+03 1.054000000000000000e+03
1.005000000000000000e+03 1.048000000000000000e+03
9.840000000000000000e+02 1.047000000000000000e+03
1.263000000000000000e+03 9.650000000000000000e+02
1.018000000000000000e+03 1.008000000000000000e+03
1.057000000000000000e+03 9.910000000000000000e+02
1.095000000000000000e+03 9.880000000000000000e+02
1.131000000000000000e+03 9.950000000000000000e+02
1.152000000000000000e+03 1.006000000000000000e+03
1.306000000000000000e+03 9.360000000000000000e+02
1.137000000000000000e+03 1.048000000000000000e+03
9.870000000000000000e+02 1.388000000000000000e+03
9.560000000000000000e+02 1.308000000000000000e+03
9.130000000000000000e+02 1.380000000000000000e+03
1.112000000000000000e+03 1.606000000000000000e+03
1.060000000000000000e+03 1.648000000000000000e+03
9.360000000000000000e+02 1.717000000000000000e+03
1.208000000000000000e+03 1.529000000000000000e+03
9.890000000000000000e+02 1.031000000000000000e+03
9.270000000000000000e+02 1.136000000000000000e+03
9.950000000000000000e+02 1.718000000000000000e+03
1.278000000000000000e+03 1.325000000000000000e+03
9.300000000000000000e+02 1.492000000000000000e+03
9.390000000000000000e+02 1.508000000000000000e+03
9.460000000000000000e+02 1.528000000000000000e+03
9.510000000000000000e+02 1.551000000000000000e+03
9.610000000000000000e+02 1.571000000000000000e+03
9.930000000000000000e+02 1.485000000000000000e+03
1.002000000000000000e+03 1.480000000000000000e+03
1.010000000000000000e+03 1.476000000000000000e+03
1.055000000000000000e+03 1.437000000000000000e+03
1.206000000000000000e+03 1.339000000000000000e+03
9.270000000000000000e+02 1.089000000000000000e+03
9.490000000000000000e+02 1.017000000000000000e+03
9.720000000000000000e+02 1.018000000000000000e+03
9.840000000000000000e+02 1.489000000000000000e+03
1.206000000000000000e+03 1.437000000000000000e+03
9.160000000000000000e+02 1.021000000000000000e+03
9.820000000000000000e+02 1.611000000000000000e+03
8.990000000000000000e+02 1.115000000000000000e+03
9.530000000000000000e+02 1.206000000000000000e+03
9.190000000000000000e+02 1.634000000000000000e+03
1.072000000000000000e+03 1.531000000000000000e+03
1.031000000000000000e+03 1.313000000000000000e+03
1.030000000000000000e+03 1.577000000000000000e+03
1.123000000000000000e+03 1.306000000000000000e+03
1.068000000000000000e+03 1.355000000000000000e+03
1.155000000000000000e+03 1.372000000000000000e+03
9.320000000000000000e+02 1.681000000000000000e+03
9.760000000000000000e+02 1.227000000000000000e+03
1.103000000000000000e+03 1.562000000000000000e+03
1.052000000000000000e+03 1.609000000000000000e+03
1.107000000000000000e+03 1.479000000000000000e+03
1.242000000000000000e+03 1.384000000000000000e+03
1.155000000000000000e+03 1.485000000000000000e+03
1.256000000000000000e+03 1.412000000000000000e+03
1.098000000000000000e+03 1.407000000000000000e+03
9.510000000000000000e+02 1.163000000000000000e+03
9.490000000000000000e+02 1.298000000000000000e+03
9.740000000000000000e+02 1.304000000000000000e+03
9.320000000000000000e+02 1.272000000000000000e+03
9.840000000000000000e+02 9.780000000000000000e+02
1.054000000000000000e+03 9.440000000000000000e+02
1.116000000000000000e+03 9.350000000000000000e+02
1.165000000000000000e+03 9.400000000000000000e+02
1.197000000000000000e+03 9.580000000000000000e+02
1.209000000000000000e+03 1.030000000000000000e+03
1.305000000000000000e+03 1.138000000000000000e+03
1.177000000000000000e+03 1.098000000000000000e+03
1.135000000000000000e+03 1.114000000000000000e+03
1.080000000000000000e+03 1.114000000000000000e+03
1.028000000000000000e+03 1.104000000000000000e+03
9.890000000000000000e+02 1.092000000000000000e+03
9.620000000000000000e+02 1.081000000000000000e+03
1.305000000000000000e+03 1.132000000000000000e+03
9.730000000000000000e+02 1.313000000000000000e+03
9.260000000000000000e+02 1.179000000000000000e+03
9.210000000000000000e+02 1.304000000000000000e+03
9.000000000000000000e+02 1.323000000000000000e+03
9.210000000000000000e+02 1.309000000000000000e+03
9.620000000000000000e+02 1.325000000000000000e+03
8.920000000000000000e+02 1.328000000000000000e+03
8.870000000000000000e+02 1.334000000000000000e+03
9.610000000000000000e+02 1.048000000000000000e+03
9.420000000000000000e+02 1.060000000000000000e+03
9.310000000000000000e+02 1.071000000000000000e+03
1.163000000000000000e+03 1.015000000000000000e+03
1.189000000000000000e+03 9.940000000000000000e+02
6.460000000000000000e+02 1.015000000000000000e+03
6.890000000000000000e+02 1.014000000000000000e+03
6.480000000000000000e+02 9.740000000000000000e+02
6.030000000000000000e+02 1.016000000000000000e+03
6.450000000000000000e+02 1.057000000000000000e+03
1.081000000000000000e+03 1.022000000000000000e+03
1.124000000000000000e+03 1.023000000000000000e+03
1.081000000000000000e+03 9.810000000000000000e+02
1.038000000000000000e+03 1.021000000000000000e+03
1.082000000000000000e+03 1.064000000000000000e+03
0.000000000000000000e+00 0.000000000000000000e+00
1.749000000000000000e+03 0.000000000000000000e+00
1.749000000000000000e+03 2.187000000000000000e+03
0.000000000000000000e+00 2.187000000000000000e+03
8.700000000000000000e+01 0.000000000000000000e+00
8.700000000000000000e+01 2.187000000000000000e+03
0.000000000000000000e+00 1.090000000000000000e+02
1.749000000000000000e+03 1.090000000000000000e+02
1.750000000000000000e+02 0.000000000000000000e+00
1.750000000000000000e+02 2.187000000000000000e+03
0.000000000000000000e+00 2.180000000000000000e+02
1.749000000000000000e+03 2.180000000000000000e+02
2.620000000000000000e+02 0.000000000000000000e+00
2.620000000000000000e+02 2.187000000000000000e+03
0.000000000000000000e+00 3.280000000000000000e+02
1.749000000000000000e+03 3.280000000000000000e+02
3.500000000000000000e+02 0.000000000000000000e+00
3.500000000000000000e+02 2.187000000000000000e+03
0.000000000000000000e+00 4.370000000000000000e+02
1.749000000000000000e+03 4.370000000000000000e+02
4.370000000000000000e+02 0.000000000000000000e+00
4.370000000000000000e+02 2.187000000000000000e+03
0.000000000000000000e+00 5.470000000000000000e+02
1.749000000000000000e+03 5.470000000000000000e+02
5.250000000000000000e+02 0.000000000000000000e+00
5.250000000000000000e+02 2.187000000000000000e+03
0.000000000000000000e+00 6.560000000000000000e+02
1.749000000000000000e+03 6.560000000000000000e+02
6.120000000000000000e+02 0.000000000000000000e+00
6.120000000000000000e+02 2.187000000000000000e+03
0.000000000000000000e+00 7.650000000000000000e+02
1.749000000000000000e+03 7.650000000000000000e+02
7.000000000000000000e+02 0.000000000000000000e+00
7.000000000000000000e+02 2.187000000000000000e+03
0.000000000000000000e+00 8.750000000000000000e+02
1.749000000000000000e+03 8.750000000000000000e+02
7.870000000000000000e+02 0.000000000000000000e+00
7.870000000000000000e+02 2.187000000000000000e+03
0.000000000000000000e+00 9.840000000000000000e+02
1.749000000000000000e+03 9.840000000000000000e+02
8.750000000000000000e+02 0.000000000000000000e+00
8.750000000000000000e+02 2.187000000000000000e+03
0.000000000000000000e+00 1.094000000000000000e+03
1.749000000000000000e+03 1.094000000000000000e+03
9.620000000000000000e+02 0.000000000000000000e+00
9.620000000000000000e+02 2.187000000000000000e+03
0.000000000000000000e+00 1.203000000000000000e+03
1.749000000000000000e+03 1.203000000000000000e+03
1.050000000000000000e+03 0.000000000000000000e+00
1.050000000000000000e+03 2.187000000000000000e+03
0.000000000000000000e+00 1.312000000000000000e+03
1.749000000000000000e+03 1.312000000000000000e+03
1.137000000000000000e+03 0.000000000000000000e+00
1.137000000000000000e+03 2.187000000000000000e+03
0.000000000000000000e+00 1.422000000000000000e+03
1.749000000000000000e+03 1.422000000000000000e+03
1.225000000000000000e+03 0.000000000000000000e+00
1.225000000000000000e+03 2.187000000000000000e+03
0.000000000000000000e+00 1.531000000000000000e+03
1.749000000000000000e+03 1.531000000000000000e+03
1.312000000000000000e+03 0.000000000000000000e+00
1.312000000000000000e+03 2.187000000000000000e+03
0.000000000000000000e+00 1.641000000000000000e+03
1.749000000000000000e+03 1.641000000000000000e+03
1.400000000000000000e+03 0.000000000000000000e+00
1.400000000000000000e+03 2.187000000000000000e+03
0.000000000000000000e+00 1.750000000000000000e+03
1.749000000000000000e+03 1.750000000000000000e+03
1.487000000000000000e+03 0.000000000000000000e+00
1.487000000000000000e+03 2.187000000000000000e+03
0.000000000000000000e+00 1.859000000000000000e+03
1.749000000000000000e+03 1.859000000000000000e+03
1.575000000000000000e+03 0.000000000000000000e+00
1.575000000000000000e+03 2.187000000000000000e+03
0.000000000000000000e+00 1.969000000000000000e+03
1.749000000000000000e+03 1.969000000000000000e+03
1.662000000000000000e+03 0.000000000000000000e+00
1.662000000000000000e+03 2.187000000000000000e+03
0.000000000000000000e+00 2.078000000000000000e+03
1.749000000000000000e+03 2.078000000000000000e+03
