8.210000000000000000e+02 1.499000000000000000e+03
8.200000000000000000e+02 1.327000000000000000e+03
8.190000000000000000e+02 1.362000000000000000e+03
7.830000000000000000e+02 1.183000000000000000e+03
8.200000000000000000e+02 1.284000000000000000e+03
8.190000000000000000e+02 1.225000000000000000e+03
8.150000000000000000e+02 1.083000000000000000e+03
5.360000000000000000e+02 1.061000000000000000e+03
8.130000000000000000e+02 9.770000000000000000e+02
8.130000000000000000e+02 9.210000000000000000e+02
8.120000000000000000e+02 7.130000000000000000e+02
8.210000000000000000e+02 1.524000000000000000e+03
8.220000000000000000e+02 1.551000000000000000e+03
8.230000000000000000e+02 1.572000000000000000e+03
8.230000000000000000e+02 1.573000000000000000e+03
8.240000000000000000e+02 1.602000000000000000e+03
8.250000000000000000e+02 1.636000000000000000e+03
8.260000000000000000e+02 1.666000000000000000e+03
8.250000000000000000e+02 1.637000000000000000e+03
8.200000000000000000e+02 1.347000000000000000e+03
7.780000000000000000e+02 1.344000000000000000e+03
3.880000000000000000e+02 9.030000000000000000e+02
6.430000000000000000e+02 1.095000000000000000e+03
6.050000000000000000e+02 1.100000000000000000e+03
5.670000000000000000e+02 1.098000000000000000e+03
5.200000000000000000e+02 1.075000000000000000e+03
6.770000000000000000e+02 1.085000000000000000e+03
5.820000000000000000e+02 9.810000000000000000e+02
6.280000000000000000e+02 9.850000000000000000e+02
5.400000000000000000e+02 9.880000000000000000e+02
5.150000000000000000e+02 1.004000000000000000e+03
4.860000000000000000e+02 1.100000000000000000e+03
6.770000000000000000e+02 1.683000000000000000e+03
5.230000000000000000e+02 1.050000000000000000e+03
3.690000000000000000e+02 1.081000000000000000e+03
4.410000000000000000e+02 1.066000000000000000e+03
6.130000000000000000e+02 1.276000000000000000e+03
7.680000000000000000e+02 1.488000000000000000e+03
7.770000000000000000e+02 1.552000000000000000e+03
7.170000000000000000e+02 1.508000000000000000e+03
6.870000000000000000e+02 1.530000000000000000e+03
7.390000000000000000e+02 1.553000000000000000e+03
7.110000000000000000e+02 1.557000000000000000e+03
6.390000000000000000e+02 1.548000000000000000e+03
7.860000000000000000e+02 1.325000000000000000e+03
7.800000000000000000e+02 1.284000000000000000e+03
4.550000000000000000e+02 9.590000000000000000e+02
6.930000000000000000e+02 1.171000000000000000e+03
6.830000000000000000e+02 1.306000000000000000e+03
6.800000000000000000e+02 1.282000000000000000e+03
4.970000000000000000e+02 1.269000000000000000e+03
7.810000000000000000e+02 1.230000000000000000e+03
5.440000000000000000e+02 9.190000000000000000e+02
4.900000000000000000e+02 9.310000000000000000e+02
4.220000000000000000e+02 8.300000000000000000e+02
7.230000000000000000e+02 9.640000000000000000e+02
6.670000000000000000e+02 1.002000000000000000e+03
6.090000000000000000e+02 1.507000000000000000e+03
4.140000000000000000e+02 1.464000000000000000e+03
7.140000000000000000e+02 1.330000000000000000e+03
7.480000000000000000e+02 1.343000000000000000e+03
6.570000000000000000e+02 1.568000000000000000e+03
6.690000000000000000e+02 1.568000000000000000e+03
4.680000000000000000e+02 9.000000000000000000e+02
6.810000000000000000e+02 1.322000000000000000e+03
6.200000000000000000e+02 9.280000000000000000e+02
6.130000000000000000e+02 8.930000000000000000e+02
5.760000000000000000e+02 7.340000000000000000e+02
4.480000000000000000e+02 8.730000000000000000e+02
6.000000000000000000e+02 8.150000000000000000e+02
4.310000000000000000e+02 9.380000000000000000e+02
4.110000000000000000e+02 9.310000000000000000e+02
7.710000000000000000e+02 1.522000000000000000e+03
7.280000000000000000e+02 1.532000000000000000e+03
6.980000000000000000e+02 1.544000000000000000e+03
7.230000000000000000e+02 1.337000000000000000e+03
6.630000000000000000e+02 1.568000000000000000e+03
6.750000000000000000e+02 1.582000000000000000e+03
6.750000000000000000e+02 1.568000000000000000e+03
7.360000000000000000e+02 1.320000000000000000e+03
7.200000000000000000e+02 1.566000000000000000e+03
7.480000000000000000e+02 1.567000000000000000e+03
7.830000000000000000e+02 1.570000000000000000e+03
7.690000000000000000e+02 1.633000000000000000e+03
7.660000000000000000e+02 1.663000000000000000e+03
7.690000000000000000e+02 1.632000000000000000e+03
7.750000000000000000e+02 1.598000000000000000e+03
7.810000000000000000e+02 1.571000000000000000e+03
7.180000000000000000e+02 1.567000000000000000e+03
7.060000000000000000e+02 1.581000000000000000e+03
6.920000000000000000e+02 1.598000000000000000e+03
6.820000000000000000e+02 1.614000000000000000e+03
6.490000000000000000e+02 1.434000000000000000e+03
3.690000000000000000e+02 1.257000000000000000e+03
8.200000000000000000e+02 1.354000000000000000e+03
6.980000000000000000e+02 1.566000000000000000e+03
6.870000000000000000e+02 1.574000000000000000e+03
7.620000000000000000e+02 1.359000000000000000e+03
6.950000000000000000e+02 1.346000000000000000e+03
7.560000000000000000e+02 1.351000000000000000e+03
6.510000000000000000e+02 1.194000000000000000e+03
5.880000000000000000e+02 1.222000000000000000e+03
6.730000000000000000e+02 1.299000000000000000e+03
4.800000000000000000e+02 7.720000000000000000e+02
5.060000000000000000e+02 8.320000000000000000e+02
5.300000000000000000e+02 8.840000000000000000e+02
6.730000000000000000e+02 1.579000000000000000e+03
7.100000000000000000e+02 9.100000000000000000e+02
6.990000000000000000e+02 8.140000000000000000e+02
6.840000000000000000e+02 7.160000000000000000e+02
5.370000000000000000e+02 1.090000000000000000e+03
4.450000000000000000e+02 1.127000000000000000e+03
6.980000000000000000e+02 1.076000000000000000e+03
4.770000000000000000e+02 1.017000000000000000e+03
7.220000000000000000e+02 1.145000000000000000e+03
7.090000000000000000e+02 1.293000000000000000e+03
3.990000000000000000e+02 1.163000000000000000e+03
4.700000000000000000e+02 1.160000000000000000e+03
5.190000000000000000e+02 1.178000000000000000e+03
5.940000000000000000e+02 1.171000000000000000e+03
6.490000000000000000e+02 1.152000000000000000e+03
6.890000000000000000e+02 1.133000000000000000e+03
7.770000000000000000e+02 1.093000000000000000e+03
4.060000000000000000e+02 1.250000000000000000e+03
4.460000000000000000e+02 1.009000000000000000e+03
7.980000000000000000e+02 1.345000000000000000e+03
6.950000000000000000e+02 1.214000000000000000e+03
3.620000000000000000e+02 1.074000000000000000e+03
7.200000000000000000e+02 1.113000000000000000e+03
6.700000000000000000e+02 1.300000000000000000e+03
5.040000000000000000e+02 1.049000000000000000e+03
7.070000000000000000e+02 1.264000000000000000e+03
3.830000000000000000e+02 1.357000000000000000e+03
6.980000000000000000e+02 1.061000000000000000e+03
7.440000000000000000e+02 1.243000000000000000e+03
5.010000000000000000e+02 1.575000000000000000e+03
5.020000000000000000e+02 1.619000000000000000e+03
3.700000000000000000e+02 1.255000000000000000e+03
4.520000000000000000e+02 1.515000000000000000e+03
3.890000000000000000e+02 9.990000000000000000e+02
6.670000000000000000e+02 1.727000000000000000e+03
8.020000000000000000e+02 1.353000000000000000e+03
6.590000000000000000e+02 1.243000000000000000e+03
4.090000000000000000e+02 1.071000000000000000e+03
5.720000000000000000e+02 1.075000000000000000e+03
6.040000000000000000e+02 1.077000000000000000e+03
6.650000000000000000e+02 1.589000000000000000e+03
4.150000000000000000e+02 1.333000000000000000e+03
7.400000000000000000e+02 1.790000000000000000e+03
6.150000000000000000e+02 1.723000000000000000e+03
5.620000000000000000e+02 1.680000000000000000e+03
8.120000000000000000e+02 8.160000000000000000e+02
8.270000000000000000e+02 1.799000000000000000e+03
6.370000000000000000e+02 1.074000000000000000e+03
6.680000000000000000e+02 1.067000000000000000e+03
6.880000000000000000e+02 1.064000000000000000e+03
4.180000000000000000e+02 9.970000000000000000e+02
6.610000000000000000e+02 1.035000000000000000e+03
6.260000000000000000e+02 1.026000000000000000e+03
5.920000000000000000e+02 1.026000000000000000e+03
5.610000000000000000e+02 1.032000000000000000e+03
5.420000000000000000e+02 1.040000000000000000e+03
3.700000000000000000e+02 9.790000000000000000e+02
5.510000000000000000e+02 1.069000000000000000e+03
8.200000000000000000e+02 1.394000000000000000e+03
6.830000000000000000e+02 1.410000000000000000e+03
7.140000000000000000e+02 1.324000000000000000e+03
7.610000000000000000e+02 1.397000000000000000e+03
8.140000000000000000e+02 1.029000000000000000e+03
5.540000000000000000e+02 1.634000000000000000e+03
6.080000000000000000e+02 1.680000000000000000e+03
7.400000000000000000e+02 1.759000000000000000e+03
4.560000000000000000e+02 1.552000000000000000e+03
6.860000000000000000e+02 1.051000000000000000e+03
7.500000000000000000e+02 1.160000000000000000e+03
8.270000000000000000e+02 1.768000000000000000e+03
6.720000000000000000e+02 1.762000000000000000e+03
3.840000000000000000e+02 1.347000000000000000e+03
7.460000000000000000e+02 1.569000000000000000e+03
7.350000000000000000e+02 1.591000000000000000e+03
7.240000000000000000e+02 1.617000000000000000e+03
7.170000000000000000e+02 1.643000000000000000e+03
7.140000000000000000e+02 1.610000000000000000e+03
6.890000000000000000e+02 1.562000000000000000e+03
6.780000000000000000e+02 1.557000000000000000e+03
6.670000000000000000e+02 1.550000000000000000e+03
6.230000000000000000e+02 1.468000000000000000e+03
4.680000000000000000e+02 1.358000000000000000e+03
7.500000000000000000e+02 1.116000000000000000e+03
7.250000000000000000e+02 1.031000000000000000e+03
7.020000000000000000e+02 1.035000000000000000e+03
7.000000000000000000e+02 1.566000000000000000e+03
4.670000000000000000e+02 1.458000000000000000e+03
7.590000000000000000e+02 1.031000000000000000e+03
6.950000000000000000e+02 1.643000000000000000e+03
8.180000000000000000e+02 1.177000000000000000e+03
7.790000000000000000e+02 1.140000000000000000e+03
8.160000000000000000e+02 1.131000000000000000e+03
7.200000000000000000e+02 1.226000000000000000e+03
8.260000000000000000e+02 1.725000000000000000e+03
8.250000000000000000e+02 1.676000000000000000e+03
7.590000000000000000e+02 1.671000000000000000e+03
6.010000000000000000e+02 1.560000000000000000e+03
6.390000000000000000e+02 1.333000000000000000e+03
6.430000000000000000e+02 1.606000000000000000e+03
5.540000000000000000e+02 1.325000000000000000e+03
6.080000000000000000e+02 1.375000000000000000e+03
5.240000000000000000e+02 1.392000000000000000e+03
7.470000000000000000e+02 1.717000000000000000e+03
6.940000000000000000e+02 1.247000000000000000e+03
5.670000000000000000e+02 1.589000000000000000e+03
6.210000000000000000e+02 1.638000000000000000e+03
5.680000000000000000e+02 1.506000000000000000e+03
4.280000000000000000e+02 1.405000000000000000e+03
5.180000000000000000e+02 1.508000000000000000e+03
4.080000000000000000e+02 1.434000000000000000e+03
5.810000000000000000e+02 1.431000000000000000e+03
7.230000000000000000e+02 1.186000000000000000e+03
7.230000000000000000e+02 1.313000000000000000e+03
6.960000000000000000e+02 1.320000000000000000e+03
7.430000000000000000e+02 1.288000000000000000e+03
6.930000000000000000e+02 9.930000000000000000e+02
6.260000000000000000e+02 9.650000000000000000e+02
5.670000000000000000e+02 9.590000000000000000e+02
5.200000000000000000e+02 9.670000000000000000e+02
4.900000000000000000e+02 9.850000000000000000e+02
4.760000000000000000e+02 1.057000000000000000e+03
3.640000000000000000e+02 1.167000000000000000e+03
5.070000000000000000e+02 1.119000000000000000e+03
5.460000000000000000e+02 1.132000000000000000e+03
5.980000000000000000e+02 1.132000000000000000e+03
6.470000000000000000e+02 1.121000000000000000e+03
6.850000000000000000e+02 1.107000000000000000e+03
7.110000000000000000e+02 1.095000000000000000e+03
3.650000000000000000e+02 1.165000000000000000e+03
6.960000000000000000e+02 1.330000000000000000e+03
7.500000000000000000e+02 1.200000000000000000e+03
7.540000000000000000e+02 1.318000000000000000e+03
7.760000000000000000e+02 1.338000000000000000e+03
7.530000000000000000e+02 1.324000000000000000e+03
7.070000000000000000e+02 1.342000000000000000e+03
7.850000000000000000e+02 1.342000000000000000e+03
7.880000000000000000e+02 1.350000000000000000e+03
7.110000000000000000e+02 1.063000000000000000e+03
7.320000000000000000e+02 1.073000000000000000e+03
7.430000000000000000e+02 1.082000000000000000e+03
5.310000000000000000e+02 1.045000000000000000e+03
5.000000000000000000e+02 1.022000000000000000e+03
8.520000000000000000e+02 1.182000000000000000e+03
1.091000000000000000e+03 1.067000000000000000e+03
8.610000000000000000e+02 1.342000000000000000e+03
1.219000000000000000e+03 8.990000000000000000e+02
9.830000000000000000e+02 1.100000000000000000e+03
1.023000000000000000e+03 1.104000000000000000e+03
1.060000000000000000e+03 1.102000000000000000e+03
1.106000000000000000e+03 1.082000000000000000e+03
9.480000000000000000e+02 1.089000000000000000e+03
1.039000000000000000e+03 9.810000000000000000e+02
9.930000000000000000e+02 9.850000000000000000e+02
1.081000000000000000e+03 9.900000000000000000e+02
1.107000000000000000e+03 1.009000000000000000e+03
1.138000000000000000e+03 1.106000000000000000e+03
9.700000000000000000e+02 1.680000000000000000e+03
1.104000000000000000e+03 1.056000000000000000e+03
1.246000000000000000e+03 1.077000000000000000e+03
1.180000000000000000e+03 1.077000000000000000e+03
1.018000000000000000e+03 1.272000000000000000e+03
8.730000000000000000e+02 1.484000000000000000e+03
8.660000000000000000e+02 1.548000000000000000e+03
9.230000000000000000e+02 1.501000000000000000e+03
9.530000000000000000e+02 1.520000000000000000e+03
9.030000000000000000e+02 1.547000000000000000e+03
9.300000000000000000e+02 1.548000000000000000e+03
1.002000000000000000e+03 1.542000000000000000e+03
8.550000000000000000e+02 1.324000000000000000e+03
8.600000000000000000e+02 1.283000000000000000e+03
1.161000000000000000e+03 9.730000000000000000e+02
9.350000000000000000e+02 1.169000000000000000e+03
9.530000000000000000e+02 1.302000000000000000e+03
9.550000000000000000e+02 1.278000000000000000e+03
1.131000000000000000e+03 1.263000000000000000e+03
8.560000000000000000e+02 1.229000000000000000e+03
1.069000000000000000e+03 9.240000000000000000e+02
1.124000000000000000e+03 9.410000000000000000e+02
1.188000000000000000e+03 8.280000000000000000e+02
8.940000000000000000e+02 9.620000000000000000e+02
9.530000000000000000e+02 1.003000000000000000e+03
1.031000000000000000e+03 1.500000000000000000e+03
1.212000000000000000e+03 1.460000000000000000e+03
9.230000000000000000e+02 1.327000000000000000e+03
8.890000000000000000e+02 1.341000000000000000e+03
9.840000000000000000e+02 1.556000000000000000e+03
9.730000000000000000e+02 1.557000000000000000e+03
1.144000000000000000e+03 9.140000000000000000e+02
9.550000000000000000e+02 1.319000000000000000e+03
9.940000000000000000e+02 9.270000000000000000e+02
1.000000000000000000e+03 8.920000000000000000e+02
1.042000000000000000e+03 7.330000000000000000e+02
1.167000000000000000e+03 8.720000000000000000e+02
1.020000000000000000e+03 8.150000000000000000e+02
1.182000000000000000e+03 9.550000000000000000e+02
1.202000000000000000e+03 9.290000000000000000e+02
8.710000000000000000e+02 1.518000000000000000e+03
9.130000000000000000e+02 1.525000000000000000e+03
9.420000000000000000e+02 1.534000000000000000e+03
9.130000000000000000e+02 1.334000000000000000e+03
9.780000000000000000e+02 1.557000000000000000e+03
9.670000000000000000e+02 1.571000000000000000e+03
9.670000000000000000e+02 1.557000000000000000e+03
9.020000000000000000e+02 1.318000000000000000e+03
9.210000000000000000e+02 1.558000000000000000e+03
8.950000000000000000e+02 1.562000000000000000e+03
8.620000000000000000e+02 1.567000000000000000e+03
8.780000000000000000e+02 1.631000000000000000e+03
8.840000000000000000e+02 1.658000000000000000e+03
8.790000000000000000e+02 1.628000000000000000e+03
8.720000000000000000e+02 1.594000000000000000e+03
8.640000000000000000e+02 1.568000000000000000e+03
9.240000000000000000e+02 1.559000000000000000e+03
9.380000000000000000e+02 1.572000000000000000e+03
9.520000000000000000e+02 1.588000000000000000e+03
9.640000000000000000e+02 1.604000000000000000e+03
9.890000000000000000e+02 1.429000000000000000e+03
1.246000000000000000e+03 1.252000000000000000e+03
9.430000000000000000e+02 1.556000000000000000e+03
9.550000000000000000e+02 1.564000000000000000e+03
8.760000000000000000e+02 1.358000000000000000e+03
9.400000000000000000e+02 1.343000000000000000e+03
8.820000000000000000e+02 1.350000000000000000e+03
9.770000000000000000e+02 1.191000000000000000e+03
1.040000000000000000e+03 1.218000000000000000e+03
9.610000000000000000e+02 1.296000000000000000e+03
1.134000000000000000e+03 7.700000000000000000e+02
1.110000000000000000e+03 8.320000000000000000e+02
1.082000000000000000e+03 8.900000000000000000e+02
9.710000000000000000e+02 1.575000000000000000e+03
9.050000000000000000e+02 9.050000000000000000e+02
9.240000000000000000e+02 8.140000000000000000e+02
9.380000000000000000e+02 7.160000000000000000e+02
1.090000000000000000e+03 1.096000000000000000e+03
1.178000000000000000e+03 1.133000000000000000e+03
9.250000000000000000e+02 1.079000000000000000e+03
1.143000000000000000e+03 1.028000000000000000e+03
9.070000000000000000e+02 1.143000000000000000e+03
9.270000000000000000e+02 1.291000000000000000e+03
1.222000000000000000e+03 1.158000000000000000e+03
1.154000000000000000e+03 1.161000000000000000e+03
1.107000000000000000e+03 1.175000000000000000e+03
1.035000000000000000e+03 1.170000000000000000e+03
9.790000000000000000e+02 1.154000000000000000e+03
9.370000000000000000e+02 1.135000000000000000e+03
8.540000000000000000e+02 1.092000000000000000e+03
1.219000000000000000e+03 1.244000000000000000e+03
1.173000000000000000e+03 1.021000000000000000e+03
8.420000000000000000e+02 1.345000000000000000e+03
9.350000000000000000e+02 1.211000000000000000e+03
1.247000000000000000e+03 1.069000000000000000e+03
9.040000000000000000e+02 1.113000000000000000e+03
9.630000000000000000e+02 1.296000000000000000e+03
1.120000000000000000e+03 1.059000000000000000e+03
9.280000000000000000e+02 1.262000000000000000e+03
1.237000000000000000e+03 1.352000000000000000e+03
9.230000000000000000e+02 1.065000000000000000e+03
8.920000000000000000e+02 1.241000000000000000e+03
1.136000000000000000e+03 1.571000000000000000e+03
1.134000000000000000e+03 1.616000000000000000e+03
1.251000000000000000e+03 1.251000000000000000e+03
1.181000000000000000e+03 1.511000000000000000e+03
1.224000000000000000e+03 9.960000000000000000e+02
9.810000000000000000e+02 1.724000000000000000e+03
8.370000000000000000e+02 1.352000000000000000e+03
9.710000000000000000e+02 1.240000000000000000e+03
1.212000000000000000e+03 1.083000000000000000e+03
1.056000000000000000e+03 1.079000000000000000e+03
1.023000000000000000e+03 1.081000000000000000e+03
9.780000000000000000e+02 1.577000000000000000e+03
1.212000000000000000e+03 1.328000000000000000e+03
9.120000000000000000e+02 1.788000000000000000e+03
1.029000000000000000e+03 1.720000000000000000e+03
1.079000000000000000e+03 1.676000000000000000e+03
9.890000000000000000e+02 1.077000000000000000e+03
9.560000000000000000e+02 1.071000000000000000e+03
9.340000000000000000e+02 1.068000000000000000e+03
1.198000000000000000e+03 1.012000000000000000e+03
9.630000000000000000e+02 1.035000000000000000e+03
9.980000000000000000e+02 1.023000000000000000e+03
1.032000000000000000e+03 1.021000000000000000e+03
1.065000000000000000e+03 1.029000000000000000e+03
1.085000000000000000e+03 1.040000000000000000e+03
1.238000000000000000e+03 9.750000000000000000e+02
1.077000000000000000e+03 1.074000000000000000e+03
9.540000000000000000e+02 1.406000000000000000e+03
9.230000000000000000e+02 1.321000000000000000e+03
8.790000000000000000e+02 1.395000000000000000e+03
1.086000000000000000e+03 1.630000000000000000e+03
1.036000000000000000e+03 1.677000000000000000e+03
9.110000000000000000e+02 1.758000000000000000e+03
1.175000000000000000e+03 1.549000000000000000e+03
9.360000000000000000e+02 1.053000000000000000e+03
8.820000000000000000e+02 1.159000000000000000e+03
9.760000000000000000e+02 1.760000000000000000e+03
1.240000000000000000e+03 1.343000000000000000e+03
8.970000000000000000e+02 1.563000000000000000e+03
9.110000000000000000e+02 1.583000000000000000e+03
9.230000000000000000e+02 1.609000000000000000e+03
9.320000000000000000e+02 1.635000000000000000e+03
9.310000000000000000e+02 1.607000000000000000e+03
9.520000000000000000e+02 1.552000000000000000e+03
9.630000000000000000e+02 1.545000000000000000e+03
9.720000000000000000e+02 1.538000000000000000e+03
1.015000000000000000e+03 1.462000000000000000e+03
1.162000000000000000e+03 1.352000000000000000e+03
8.790000000000000000e+02 1.115000000000000000e+03
8.950000000000000000e+02 1.031000000000000000e+03
9.190000000000000000e+02 1.037000000000000000e+03
9.420000000000000000e+02 1.557000000000000000e+03
1.166000000000000000e+03 1.453000000000000000e+03
8.610000000000000000e+02 1.029000000000000000e+03
9.510000000000000000e+02 1.640000000000000000e+03
8.530000000000000000e+02 1.139000000000000000e+03
9.130000000000000000e+02 1.224000000000000000e+03
8.890000000000000000e+02 1.669000000000000000e+03
1.039000000000000000e+03 1.554000000000000000e+03
9.940000000000000000e+02 1.328000000000000000e+03
9.990000000000000000e+02 1.601000000000000000e+03
1.078000000000000000e+03 1.320000000000000000e+03
1.026000000000000000e+03 1.371000000000000000e+03
1.109000000000000000e+03 1.387000000000000000e+03
9.020000000000000000e+02 1.715000000000000000e+03
9.380000000000000000e+02 1.245000000000000000e+03
1.073000000000000000e+03 1.584000000000000000e+03
1.023000000000000000e+03 1.635000000000000000e+03
1.069000000000000000e+03 1.501000000000000000e+03
1.202000000000000000e+03 1.399000000000000000e+03
1.118000000000000000e+03 1.503000000000000000e+03
1.219000000000000000e+03 1.429000000000000000e+03
1.054000000000000000e+03 1.425000000000000000e+03
9.080000000000000000e+02 1.184000000000000000e+03
9.150000000000000000e+02 1.311000000000000000e+03
9.400000000000000000e+02 1.317000000000000000e+03
8.950000000000000000e+02 1.286000000000000000e+03
9.260000000000000000e+02 9.930000000000000000e+02
9.920000000000000000e+02 9.650000000000000000e+02
1.051000000000000000e+03 9.610000000000000000e+02
1.098000000000000000e+03 9.720000000000000000e+02
1.129000000000000000e+03 9.940000000000000000e+02
1.146000000000000000e+03 1.068000000000000000e+03
1.253000000000000000e+03 1.162000000000000000e+03
1.118000000000000000e+03 1.123000000000000000e+03
1.080000000000000000e+03 1.133000000000000000e+03
1.029000000000000000e+03 1.134000000000000000e+03
9.790000000000000000e+02 1.124000000000000000e+03
9.400000000000000000e+02 1.111000000000000000e+03
9.120000000000000000e+02 1.097000000000000000e+03
1.247000000000000000e+03 1.160000000000000000e+03
9.400000000000000000e+02 1.327000000000000000e+03
8.830000000000000000e+02 1.199000000000000000e+03
8.850000000000000000e+02 1.317000000000000000e+03
8.640000000000000000e+02 1.337000000000000000e+03
8.850000000000000000e+02 1.322000000000000000e+03
9.280000000000000000e+02 1.338000000000000000e+03
8.550000000000000000e+02 1.341000000000000000e+03
8.510000000000000000e+02 1.349000000000000000e+03
9.100000000000000000e+02 1.066000000000000000e+03
8.900000000000000000e+02 1.074000000000000000e+03
8.790000000000000000e+02 1.081000000000000000e+03
1.095000000000000000e+03 1.049000000000000000e+03
1.122000000000000000e+03 1.031000000000000000e+03
6.060000000000000000e+02 1.042000000000000000e+03
6.430000000000000000e+02 1.041000000000000000e+03
6.050000000000000000e+02 1.009000000000000000e+03
5.680000000000000000e+02 1.043000000000000000e+03
6.060000000000000000e+02 1.076000000000000000e+03
1.022000000000000000e+03 1.048000000000000000e+03
1.062000000000000000e+03 1.048000000000000000e+03
1.021000000000000000e+03 1.013000000000000000e+03
9.820000000000000000e+02 1.048000000000000000e+03
1.024000000000000000e+03 1.083000000000000000e+03
0.000000000000000000e+00 0.000000000000000000e+00
1.749000000000000000e+03 0.000000000000000000e+00
1.749000000000000000e+03 2.187000000000000000e+03
0.000000000000000000e+00 2.187000000000000000e+03
8.700000000000000000e+01 0.000000000000000000e+00
8.700000000000000000e+01 2.187000000000000000e+03
0.000000000000000000e+00 1.090000000000000000e+02
1.749000000000000000e+03 1.090000000000000000e+02
1.750000000000000000e+02 0.000000000000000000e+00
1.750000000000000000e+02 2.187000000000000000e+03
0.000000000000000000e+00 2.180000000000000000e+02
1.749000000000000000e+03 2.180000000000000000e+02
2.620000000000000000e+02 0.000000000000000000e+00
2.620000000000000000e+02 2.187000000000000000e+03
0.000000000000000000e+00 3.280000000000000000e+02
1.749000000000000000e+03 3.280000000000000000e+02
3.500000000000000000e+02 0.000000000000000000e+00
3.500000000000000000e+02 2.187000000000000000e+03
0.000000000000000000e+00 4.370000000000000000e+02
1.749000000000000000e+03 4.370000000000000000e+02
4.370000000000000000e+02 0.000000000000000000e+00
4.370000000000000000e+02 2.187000000000000000e+03
0.000000000000000000e+00 5.470000000000000000e+02
1.749000000000000000e+03 5.470000000000000000e+02
5.250000000000000000e+02 0.000000000000000000e+00
5.250000000000000000e+02 2.187000000000000000e+03
0.000000000000000000e+00 6.560000000000000000e+02
1.749000000000000000e+03 6.560000000000000000e+02
6.120000000000000000e+02 0.000000000000000000e+00
6.120000000000000000e+02 2.187000000000000000e+03
0.000000000000000000e+00 7.650000000000000000e+02
1.749000000000000000e+03 7.650000000000000000e+02
7.000000000000000000e+02 0.000000000000000000e+00
7.000000000000000000e+02 2.187000000000000000e+03
0.000000000000000000e+00 8.750000000000000000e+02
1.749000000000000000e+03 8.750000000000000000e+02
7.870000000000000000e+02 0.000000000000000000e+00
7.870000000000000000e+02 2.187000000000000000e+03
0.000000000000000000e+00 9.840000000000000000e+02
1.749000000000000000e+03 9.840000000000000000e+02
8.750000000000000000e+02 0.000000000000000000e+00
8.750000000000000000e+02 2.187000000000000000e+03
0.000000000000000000e+00 1.094000000000000000e+03
1.749000000000000000e+03 1.094000000000000000e+03
9.620000000000000000e+02 0.000000000000000000e+00
9.620000000000000000e+02 2.187000000000000000e+03
0.000000000000000000e+00 1.203000000000000000e+03
1.749000000000000000e+03 1.203000000000000000e+03
1.050000000000000000e+03 0.000000000000000000e+00
1.050000000000000000e+03 2.187000000000000000e+03
0.000000000000000000e+00 1.312000000000000000e+03
1.749000000000000000e+03 1.312000000000000000e+03
1.137000000000000000e+03 0.000000000000000000e+00
1.137000000000000000e+03 2.187000000000000000e+03
0.000000000000000000e+00 1.422000000000000000e+03
1.749000000000000000e+03 1.422000000000000000e+03
1.225000000000000000e+03 0.000000000000000000e+00
1.225000000000000000e+03 2.187000000000000000e+03
0.000000000000000000e+00 1.531000000000000000e+03
1.749000000000000000e+03 1.531000000000000000e+03
1.312000000000000000e+03 0.000000000000000000e+00
1.312000000000000000e+03 2.187000000000000000e+03
0.000000000000000000e+00 1.641000000000000000e+03
1.749000000000000000e+03 1.641000000000000000e+03
1.400000000000000000e+03 0.000000000000000000e+00
1.400000000000000000e+03 2.187000000000000000e+03
0.000000000000000000e+00 1.750000000000000000e+03
1.749000000000000000e+03 1.750000000000000000e+03
1.487000000000000000e+03 0.000000000000000000e+00
1.487000000000000000e+03 2.187000000000000000e+03
0.000000000000000000e+00 1.859000000000000000e+03
1.749000000000000000e+03 1.859000000000000000e+03
1.575000000000000000e+03 0.000000000000000000e+00
1.575000000000000000e+03 2.187000000000000000e+03
0.000000000000000000e+00 1.969000000000000000e+03
1.749000000000000000e+03 1.969000000000000000e+03
1.662000000000000000e+03 0.000000000000000000e+00
1.662000000000000000e+03 2.187000000000000000e+03
0.000000000000000000e+00 2.078000000000000000e+03
1.749000000000000000e+03 2.078000000000000000e+03
