8.480000000000000000e+02 1.519000000000000000e+03
8.550000000000000000e+02 1.365000000000000000e+03
8.510000000000000000e+02 1.415000000000000000e+03
8.090000000000000000e+02 1.210000000000000000e+03
8.550000000000000000e+02 1.315000000000000000e+03
8.540000000000000000e+02 1.253000000000000000e+03
8.480000000000000000e+02 1.105000000000000000e+03
4.930000000000000000e+02 1.084000000000000000e+03
8.450000000000000000e+02 9.730000000000000000e+02
8.450000000000000000e+02 9.050000000000000000e+02
8.410000000000000000e+02 6.660000000000000000e+02
8.480000000000000000e+02 1.545000000000000000e+03
8.480000000000000000e+02 1.574000000000000000e+03
8.480000000000000000e+02 1.596000000000000000e+03
8.480000000000000000e+02 1.606000000000000000e+03
8.480000000000000000e+02 1.638000000000000000e+03
8.490000000000000000e+02 1.678000000000000000e+03
8.490000000000000000e+02 1.714000000000000000e+03
8.490000000000000000e+02 1.773000000000000000e+03
8.540000000000000000e+02 1.391000000000000000e+03
8.080000000000000000e+02 1.393000000000000000e+03
3.180000000000000000e+02 9.000000000000000000e+02
6.290000000000000000e+02 1.126000000000000000e+03
5.800000000000000000e+02 1.130000000000000000e+03
5.340000000000000000e+02 1.129000000000000000e+03
4.740000000000000000e+02 1.101000000000000000e+03
6.710000000000000000e+02 1.116000000000000000e+03
5.530000000000000000e+02 9.850000000000000000e+02
6.100000000000000000e+02 9.930000000000000000e+02
5.000000000000000000e+02 9.910000000000000000e+02
4.660000000000000000e+02 1.010000000000000000e+03
4.350000000000000000e+02 1.132000000000000000e+03
6.650000000000000000e+02 1.821000000000000000e+03
4.760000000000000000e+02 1.071000000000000000e+03
3.050000000000000000e+02 1.114000000000000000e+03
3.840000000000000000e+02 1.092000000000000000e+03
5.980000000000000000e+02 1.331000000000000000e+03
7.880000000000000000e+02 1.508000000000000000e+03
7.970000000000000000e+02 1.574000000000000000e+03
7.300000000000000000e+02 1.533000000000000000e+03
6.940000000000000000e+02 1.560000000000000000e+03
7.530000000000000000e+02 1.578000000000000000e+03
7.200000000000000000e+02 1.586000000000000000e+03
6.200000000000000000e+02 1.655000000000000000e+03
8.150000000000000000e+02 1.365000000000000000e+03
8.090000000000000000e+02 1.317000000000000000e+03
3.940000000000000000e+02 9.540000000000000000e+02
6.950000000000000000e+02 1.211000000000000000e+03
6.960000000000000000e+02 1.356000000000000000e+03
6.900000000000000000e+02 1.331000000000000000e+03
4.530000000000000000e+02 1.328000000000000000e+03
8.090000000000000000e+02 1.259000000000000000e+03
5.020000000000000000e+02 9.050000000000000000e+02
4.360000000000000000e+02 9.190000000000000000e+02
3.610000000000000000e+02 8.100000000000000000e+02
7.250000000000000000e+02 9.570000000000000000e+02
6.600000000000000000e+02 1.016000000000000000e+03
5.860000000000000000e+02 1.598000000000000000e+03
3.730000000000000000e+02 1.567000000000000000e+03
7.340000000000000000e+02 1.384000000000000000e+03
7.740000000000000000e+02 1.397000000000000000e+03
6.560000000000000000e+02 1.606000000000000000e+03
6.690000000000000000e+02 1.606000000000000000e+03
4.100000000000000000e+02 8.840000000000000000e+02
6.940000000000000000e+02 1.378000000000000000e+03
5.950000000000000000e+02 9.140000000000000000e+02
5.860000000000000000e+02 8.740000000000000000e+02
5.580000000000000000e+02 6.910000000000000000e+02
3.920000000000000000e+02 8.510000000000000000e+02
5.860000000000000000e+02 7.830000000000000000e+02
3.680000000000000000e+02 9.300000000000000000e+02
3.460000000000000000e+02 9.230000000000000000e+02
7.910000000000000000e+02 1.543000000000000000e+03
7.410000000000000000e+02 1.557000000000000000e+03
7.060000000000000000e+02 1.573000000000000000e+03
7.450000000000000000e+02 1.393000000000000000e+03
6.630000000000000000e+02 1.606000000000000000e+03
6.810000000000000000e+02 1.619000000000000000e+03
6.750000000000000000e+02 1.605000000000000000e+03
7.590000000000000000e+02 1.367000000000000000e+03
7.300000000000000000e+02 1.595000000000000000e+03
7.630000000000000000e+02 1.593000000000000000e+03
8.020000000000000000e+02 1.593000000000000000e+03
7.770000000000000000e+02 1.768000000000000000e+03
7.830000000000000000e+02 1.708000000000000000e+03
7.870000000000000000e+02 1.672000000000000000e+03
7.930000000000000000e+02 1.633000000000000000e+03
8.010000000000000000e+02 1.602000000000000000e+03
7.290000000000000000e+02 1.601000000000000000e+03
7.160000000000000000e+02 1.616000000000000000e+03
7.020000000000000000e+02 1.634000000000000000e+03
6.910000000000000000e+02 1.654000000000000000e+03
6.390000000000000000e+02 1.504000000000000000e+03
3.110000000000000000e+02 1.325000000000000000e+03
8.530000000000000000e+02 1.404000000000000000e+03
7.050000000000000000e+02 1.602000000000000000e+03
6.930000000000000000e+02 1.610000000000000000e+03
7.870000000000000000e+02 1.415000000000000000e+03
7.090000000000000000e+02 1.407000000000000000e+03
7.810000000000000000e+02 1.407000000000000000e+03
6.430000000000000000e+02 1.238000000000000000e+03
5.630000000000000000e+02 1.270000000000000000e+03
6.820000000000000000e+02 1.353000000000000000e+03
4.380000000000000000e+02 7.380000000000000000e+02
4.670000000000000000e+02 8.020000000000000000e+02
4.840000000000000000e+02 8.650000000000000000e+02
6.580000000000000000e+02 1.699000000000000000e+03
7.080000000000000000e+02 8.910000000000000000e+02
7.070000000000000000e+02 7.820000000000000000e+02
6.890000000000000000e+02 6.700000000000000000e+02
4.960000000000000000e+02 1.119000000000000000e+03
3.850000000000000000e+02 1.167000000000000000e+03
6.990000000000000000e+02 1.105000000000000000e+03
4.230000000000000000e+02 1.028000000000000000e+03
7.310000000000000000e+02 1.180000000000000000e+03
7.270000000000000000e+02 1.336000000000000000e+03
3.400000000000000000e+02 1.207000000000000000e+03
4.150000000000000000e+02 1.204000000000000000e+03
4.760000000000000000e+02 1.224000000000000000e+03
5.700000000000000000e+02 1.216000000000000000e+03
6.400000000000000000e+02 1.195000000000000000e+03
6.920000000000000000e+02 1.173000000000000000e+03
8.000000000000000000e+02 1.116000000000000000e+03
3.480000000000000000e+02 1.309000000000000000e+03
3.870000000000000000e+02 1.019000000000000000e+03
8.300000000000000000e+02 1.390000000000000000e+03
7.010000000000000000e+02 1.257000000000000000e+03
2.930000000000000000e+02 1.110000000000000000e+03
7.300000000000000000e+02 1.147000000000000000e+03
6.750000000000000000e+02 1.357000000000000000e+03
4.530000000000000000e+02 1.069000000000000000e+03
7.220000000000000000e+02 1.306000000000000000e+03
3.340000000000000000e+02 1.442000000000000000e+03
7.000000000000000000e+02 1.088000000000000000e+03
7.650000000000000000e+02 1.277000000000000000e+03
4.710000000000000000e+02 1.695000000000000000e+03
4.740000000000000000e+02 1.749000000000000000e+03
3.120000000000000000e+02 1.319000000000000000e+03
4.140000000000000000e+02 1.625000000000000000e+03
3.240000000000000000e+02 1.013000000000000000e+03
6.590000000000000000e+02 1.868000000000000000e+03
8.340000000000000000e+02 1.402000000000000000e+03
6.560000000000000000e+02 1.293000000000000000e+03
3.480000000000000000e+02 1.101000000000000000e+03
5.380000000000000000e+02 1.099000000000000000e+03
5.780000000000000000e+02 1.102000000000000000e+03
6.700000000000000000e+02 1.628000000000000000e+03
3.620000000000000000e+02 1.407000000000000000e+03
7.450000000000000000e+02 1.937000000000000000e+03
6.010000000000000000e+02 1.863000000000000000e+03
5.420000000000000000e+02 1.817000000000000000e+03
8.440000000000000000e+02 7.850000000000000000e+02
8.460000000000000000e+02 1.947000000000000000e+03
6.190000000000000000e+02 1.099000000000000000e+03
6.580000000000000000e+02 1.094000000000000000e+03
6.860000000000000000e+02 1.092000000000000000e+03
3.570000000000000000e+02 1.007000000000000000e+03
6.530000000000000000e+02 1.059000000000000000e+03
6.090000000000000000e+02 1.046000000000000000e+03
5.660000000000000000e+02 1.043000000000000000e+03
5.260000000000000000e+02 1.049000000000000000e+03
5.010000000000000000e+02 1.058000000000000000e+03
2.980000000000000000e+02 9.950000000000000000e+02
5.110000000000000000e+02 1.092000000000000000e+03
8.500000000000000000e+02 1.449000000000000000e+03
6.870000000000000000e+02 1.474000000000000000e+03
7.340000000000000000e+02 1.375000000000000000e+03
7.800000000000000000e+02 1.454000000000000000e+03
8.450000000000000000e+02 1.041000000000000000e+03
5.320000000000000000e+02 1.762000000000000000e+03
5.920000000000000000e+02 1.814000000000000000e+03
7.450000000000000000e+02 1.907000000000000000e+03
4.210000000000000000e+02 1.671000000000000000e+03
6.850000000000000000e+02 1.077000000000000000e+03
7.680000000000000000e+02 1.191000000000000000e+03
8.490000000000000000e+02 1.919000000000000000e+03
6.670000000000000000e+02 1.906000000000000000e+03
3.320000000000000000e+02 1.427000000000000000e+03
7.610000000000000000e+02 1.600000000000000000e+03
7.480000000000000000e+02 1.624000000000000000e+03
7.370000000000000000e+02 1.653000000000000000e+03
7.290000000000000000e+02 1.685000000000000000e+03
7.090000000000000000e+02 1.740000000000000000e+03
6.940000000000000000e+02 1.595000000000000000e+03
6.810000000000000000e+02 1.590000000000000000e+03
6.700000000000000000e+02 1.583000000000000000e+03
6.040000000000000000e+02 1.546000000000000000e+03
4.240000000000000000e+02 1.435000000000000000e+03
7.660000000000000000e+02 1.144000000000000000e+03
7.330000000000000000e+02 1.049000000000000000e+03
7.040000000000000000e+02 1.057000000000000000e+03
7.050000000000000000e+02 1.599000000000000000e+03
4.270000000000000000e+02 1.555000000000000000e+03
7.770000000000000000e+02 1.046000000000000000e+03
6.850000000000000000e+02 1.777000000000000000e+03
8.510000000000000000e+02 1.203000000000000000e+03
8.050000000000000000e+02 1.166000000000000000e+03
8.490000000000000000e+02 1.156000000000000000e+03
7.330000000000000000e+02 1.265000000000000000e+03
8.500000000000000000e+02 1.873000000000000000e+03
8.500000000000000000e+02 1.819000000000000000e+03
7.630000000000000000e+02 1.812000000000000000e+03
5.790000000000000000e+02 1.671000000000000000e+03
6.340000000000000000e+02 1.396000000000000000e+03
6.250000000000000000e+02 1.730000000000000000e+03
5.240000000000000000e+02 1.391000000000000000e+03
5.910000000000000000e+02 1.446000000000000000e+03
4.900000000000000000e+02 1.471000000000000000e+03
7.500000000000000000e+02 1.862000000000000000e+03
7.020000000000000000e+02 1.294000000000000000e+03
5.420000000000000000e+02 1.708000000000000000e+03
6.030000000000000000e+02 1.767000000000000000e+03
5.420000000000000000e+02 1.603000000000000000e+03
3.810000000000000000e+02 1.491000000000000000e+03
4.860000000000000000e+02 1.612000000000000000e+03
3.630000000000000000e+02 1.528000000000000000e+03
5.570000000000000000e+02 1.510000000000000000e+03
7.350000000000000000e+02 1.223000000000000000e+03
7.440000000000000000e+02 1.358000000000000000e+03
7.130000000000000000e+02 1.372000000000000000e+03
7.660000000000000000e+02 1.324000000000000000e+03
6.890000000000000000e+02 9.990000000000000000e+02
6.050000000000000000e+02 9.640000000000000000e+02
5.320000000000000000e+02 9.550000000000000000e+02
4.730000000000000000e+02 9.640000000000000000e+02
4.350000000000000000e+02 9.870000000000000000e+02
4.230000000000000000e+02 1.080000000000000000e+03
3.020000000000000000e+02 1.216000000000000000e+03
4.600000000000000000e+02 1.155000000000000000e+03
5.090000000000000000e+02 1.170000000000000000e+03
5.740000000000000000e+02 1.169000000000000000e+03
6.360000000000000000e+02 1.158000000000000000e+03
6.840000000000000000e+02 1.143000000000000000e+03
7.180000000000000000e+02 1.128000000000000000e+03
3.000000000000000000e+02 1.217000000000000000e+03
7.130000000000000000e+02 1.385000000000000000e+03
7.700000000000000000e+02 1.233000000000000000e+03
7.800000000000000000e+02 1.360000000000000000e+03
8.050000000000000000e+02 1.384000000000000000e+03
7.790000000000000000e+02 1.369000000000000000e+03
7.250000000000000000e+02 1.400000000000000000e+03
8.150000000000000000e+02 1.388000000000000000e+03
8.180000000000000000e+02 1.400000000000000000e+03
7.170000000000000000e+02 1.090000000000000000e+03
7.430000000000000000e+02 1.101000000000000000e+03
7.590000000000000000e+02 1.110000000000000000e+03
4.860000000000000000e+02 1.065000000000000000e+03
4.480000000000000000e+02 1.034000000000000000e+03
8.930000000000000000e+02 1.209000000000000000e+03
1.200000000000000000e+03 1.087000000000000000e+03
8.960000000000000000e+02 1.392000000000000000e+03
1.322000000000000000e+03 8.970000000000000000e+02
1.065000000000000000e+03 1.127000000000000000e+03
1.109000000000000000e+03 1.131000000000000000e+03
1.153000000000000000e+03 1.131000000000000000e+03
1.215000000000000000e+03 1.102000000000000000e+03
1.026000000000000000e+03 1.119000000000000000e+03
1.125000000000000000e+03 9.800000000000000000e+02
1.071000000000000000e+03 9.910000000000000000e+02
1.177000000000000000e+03 9.850000000000000000e+02
1.212000000000000000e+03 1.005000000000000000e+03
1.244000000000000000e+03 1.133000000000000000e+03
1.027000000000000000e+03 1.817000000000000000e+03
1.218000000000000000e+03 1.070000000000000000e+03
1.347000000000000000e+03 1.112000000000000000e+03
1.286000000000000000e+03 1.095000000000000000e+03
1.089000000000000000e+03 1.327000000000000000e+03
9.060000000000000000e+02 1.506000000000000000e+03
8.990000000000000000e+02 1.574000000000000000e+03
9.640000000000000000e+02 1.530000000000000000e+03
9.990000000000000000e+02 1.556000000000000000e+03
9.410000000000000000e+02 1.577000000000000000e+03
9.720000000000000000e+02 1.585000000000000000e+03
1.066000000000000000e+03 1.649000000000000000e+03
8.940000000000000000e+02 1.364000000000000000e+03
9.010000000000000000e+02 1.316000000000000000e+03
1.256000000000000000e+03 9.590000000000000000e+02
9.920000000000000000e+02 1.208000000000000000e+03
1.004000000000000000e+03 1.351000000000000000e+03
1.008000000000000000e+03 1.326000000000000000e+03
1.226000000000000000e+03 1.323000000000000000e+03
8.980000000000000000e+02 1.258000000000000000e+03
1.148000000000000000e+03 9.080000000000000000e+02
1.212000000000000000e+03 9.220000000000000000e+02
1.283000000000000000e+03 8.090000000000000000e+02
9.490000000000000000e+02 9.640000000000000000e+02
1.027000000000000000e+03 1.018000000000000000e+03
1.098000000000000000e+03 1.592000000000000000e+03
1.288000000000000000e+03 1.564000000000000000e+03
9.650000000000000000e+02 1.380000000000000000e+03
9.260000000000000000e+02 1.395000000000000000e+03
1.034000000000000000e+03 1.605000000000000000e+03
1.021000000000000000e+03 1.604000000000000000e+03
1.229000000000000000e+03 8.910000000000000000e+02
1.004000000000000000e+03 1.373000000000000000e+03
1.064000000000000000e+03 9.190000000000000000e+02
1.067000000000000000e+03 8.800000000000000000e+02
1.114000000000000000e+03 6.930000000000000000e+02
1.263000000000000000e+03 8.530000000000000000e+02
1.094000000000000000e+03 7.860000000000000000e+02
1.276000000000000000e+03 9.390000000000000000e+02
1.304000000000000000e+03 9.230000000000000000e+02
9.040000000000000000e+02 1.542000000000000000e+03
9.530000000000000000e+02 1.555000000000000000e+03
9.860000000000000000e+02 1.571000000000000000e+03
9.530000000000000000e+02 1.389000000000000000e+03
1.027000000000000000e+03 1.605000000000000000e+03
1.011000000000000000e+03 1.618000000000000000e+03
1.015000000000000000e+03 1.603000000000000000e+03
9.450000000000000000e+02 1.364000000000000000e+03
9.620000000000000000e+02 1.594000000000000000e+03
9.310000000000000000e+02 1.592000000000000000e+03
8.930000000000000000e+02 1.593000000000000000e+03
9.180000000000000000e+02 1.766000000000000000e+03
9.140000000000000000e+02 1.707000000000000000e+03
9.090000000000000000e+02 1.671000000000000000e+03
9.020000000000000000e+02 1.632000000000000000e+03
8.940000000000000000e+02 1.603000000000000000e+03
9.620000000000000000e+02 1.600000000000000000e+03
9.760000000000000000e+02 1.616000000000000000e+03
9.900000000000000000e+02 1.634000000000000000e+03
1.002000000000000000e+03 1.653000000000000000e+03
1.050000000000000000e+03 1.499000000000000000e+03
1.340000000000000000e+03 1.322000000000000000e+03
9.850000000000000000e+02 1.601000000000000000e+03
9.980000000000000000e+02 1.610000000000000000e+03
9.130000000000000000e+02 1.413000000000000000e+03
9.870000000000000000e+02 1.402000000000000000e+03
9.190000000000000000e+02 1.404000000000000000e+03
1.042000000000000000e+03 1.235000000000000000e+03
1.119000000000000000e+03 1.266000000000000000e+03
1.015000000000000000e+03 1.348000000000000000e+03
1.219000000000000000e+03 7.400000000000000000e+02
1.197000000000000000e+03 8.050000000000000000e+02
1.158000000000000000e+03 8.710000000000000000e+02
1.031000000000000000e+03 1.695000000000000000e+03
9.590000000000000000e+02 8.990000000000000000e+02
9.790000000000000000e+02 7.840000000000000000e+02
9.920000000000000000e+02 6.710000000000000000e+02
1.193000000000000000e+03 1.122000000000000000e+03
1.288000000000000000e+03 1.167000000000000000e+03
1.000000000000000000e+03 1.109000000000000000e+03
1.249000000000000000e+03 1.029000000000000000e+03
9.580000000000000000e+02 1.178000000000000000e+03
9.770000000000000000e+02 1.333000000000000000e+03
1.325000000000000000e+03 1.203000000000000000e+03
1.261000000000000000e+03 1.201000000000000000e+03
1.205000000000000000e+03 1.219000000000000000e+03
1.117000000000000000e+03 1.211000000000000000e+03
1.053000000000000000e+03 1.192000000000000000e+03
1.004000000000000000e+03 1.172000000000000000e+03
8.940000000000000000e+02 1.116000000000000000e+03
1.321000000000000000e+03 1.304000000000000000e+03
1.275000000000000000e+03 1.023000000000000000e+03
8.780000000000000000e+02 1.390000000000000000e+03
9.890000000000000000e+02 1.254000000000000000e+03
1.350000000000000000e+03 1.106000000000000000e+03
9.660000000000000000e+02 1.148000000000000000e+03
1.018000000000000000e+03 1.351000000000000000e+03
1.233000000000000000e+03 1.070000000000000000e+03
9.790000000000000000e+02 1.302000000000000000e+03
1.321000000000000000e+03 1.438000000000000000e+03
1.001000000000000000e+03 1.094000000000000000e+03
9.390000000000000000e+02 1.275000000000000000e+03
1.207000000000000000e+03 1.691000000000000000e+03
1.200000000000000000e+03 1.745000000000000000e+03
1.350000000000000000e+03 1.316000000000000000e+03
1.259000000000000000e+03 1.621000000000000000e+03
1.327000000000000000e+03 1.011000000000000000e+03
1.033000000000000000e+03 1.864000000000000000e+03
8.710000000000000000e+02 1.402000000000000000e+03
1.032000000000000000e+03 1.288000000000000000e+03
1.320000000000000000e+03 1.104000000000000000e+03
1.152000000000000000e+03 1.103000000000000000e+03
1.112000000000000000e+03 1.104000000000000000e+03
1.022000000000000000e+03 1.627000000000000000e+03
1.310000000000000000e+03 1.403000000000000000e+03
9.450000000000000000e+02 1.934000000000000000e+03
1.082000000000000000e+03 1.859000000000000000e+03
1.138000000000000000e+03 1.812000000000000000e+03
1.074000000000000000e+03 1.100000000000000000e+03
1.038000000000000000e+03 1.096000000000000000e+03
1.013000000000000000e+03 1.096000000000000000e+03
1.300000000000000000e+03 1.013000000000000000e+03
1.043000000000000000e+03 1.060000000000000000e+03
1.083000000000000000e+03 1.041000000000000000e+03
1.123000000000000000e+03 1.034000000000000000e+03
1.165000000000000000e+03 1.038000000000000000e+03
1.192000000000000000e+03 1.050000000000000000e+03
1.343000000000000000e+03 9.920000000000000000e+02
1.180000000000000000e+03 1.097000000000000000e+03
1.007000000000000000e+03 1.469000000000000000e+03
9.660000000000000000e+02 1.372000000000000000e+03
9.180000000000000000e+02 1.451000000000000000e+03
1.150000000000000000e+03 1.757000000000000000e+03
1.096000000000000000e+03 1.810000000000000000e+03
9.510000000000000000e+02 1.904000000000000000e+03
1.246000000000000000e+03 1.668000000000000000e+03
1.014000000000000000e+03 1.081000000000000000e+03
9.270000000000000000e+02 1.190000000000000000e+03
1.021000000000000000e+03 1.902000000000000000e+03
1.333000000000000000e+03 1.423000000000000000e+03
9.320000000000000000e+02 1.600000000000000000e+03
9.450000000000000000e+02 1.624000000000000000e+03
9.570000000000000000e+02 1.653000000000000000e+03
9.660000000000000000e+02 1.685000000000000000e+03
9.830000000000000000e+02 1.736000000000000000e+03
9.970000000000000000e+02 1.593000000000000000e+03
1.010000000000000000e+03 1.587000000000000000e+03
1.022000000000000000e+03 1.580000000000000000e+03
1.081000000000000000e+03 1.540000000000000000e+03
1.254000000000000000e+03 1.429000000000000000e+03
9.250000000000000000e+02 1.144000000000000000e+03
9.590000000000000000e+02 1.054000000000000000e+03
9.910000000000000000e+02 1.061000000000000000e+03
9.850000000000000000e+02 1.597000000000000000e+03
1.248000000000000000e+03 1.550000000000000000e+03
9.100000000000000000e+02 1.050000000000000000e+03
1.008000000000000000e+03 1.773000000000000000e+03
8.930000000000000000e+02 1.165000000000000000e+03
9.630000000000000000e+02 1.263000000000000000e+03
9.330000000000000000e+02 1.809000000000000000e+03
1.104000000000000000e+03 1.665000000000000000e+03
1.055000000000000000e+03 1.390000000000000000e+03
1.062000000000000000e+03 1.725000000000000000e+03
1.160000000000000000e+03 1.386000000000000000e+03
1.095000000000000000e+03 1.440000000000000000e+03
1.191000000000000000e+03 1.466000000000000000e+03
9.460000000000000000e+02 1.860000000000000000e+03
9.910000000000000000e+02 1.290000000000000000e+03
1.140000000000000000e+03 1.703000000000000000e+03
1.086000000000000000e+03 1.762000000000000000e+03
1.140000000000000000e+03 1.598000000000000000e+03
1.291000000000000000e+03 1.487000000000000000e+03
1.195000000000000000e+03 1.607000000000000000e+03
1.304000000000000000e+03 1.525000000000000000e+03
1.125000000000000000e+03 1.504000000000000000e+03
9.570000000000000000e+02 1.221000000000000000e+03
9.600000000000000000e+02 1.355000000000000000e+03
9.880000000000000000e+02 1.367000000000000000e+03
9.410000000000000000e+02 1.322000000000000000e+03
9.940000000000000000e+02 1.005000000000000000e+03
1.067000000000000000e+03 9.660000000000000000e+02
1.134000000000000000e+03 9.530000000000000000e+02
1.191000000000000000e+03 9.610000000000000000e+02
1.231000000000000000e+03 9.850000000000000000e+02
1.255000000000000000e+03 1.083000000000000000e+03
1.354000000000000000e+03 1.213000000000000000e+03
1.222000000000000000e+03 1.154000000000000000e+03
1.174000000000000000e+03 1.169000000000000000e+03
1.113000000000000000e+03 1.168000000000000000e+03
1.057000000000000000e+03 1.157000000000000000e+03
1.012000000000000000e+03 1.144000000000000000e+03
9.800000000000000000e+02 1.130000000000000000e+03
1.346000000000000000e+03 1.214000000000000000e+03
9.850000000000000000e+02 1.381000000000000000e+03
9.300000000000000000e+02 1.231000000000000000e+03
9.270000000000000000e+02 1.358000000000000000e+03
9.010000000000000000e+02 1.383000000000000000e+03
9.260000000000000000e+02 1.367000000000000000e+03
9.720000000000000000e+02 1.395000000000000000e+03
8.920000000000000000e+02 1.387000000000000000e+03
8.860000000000000000e+02 1.399000000000000000e+03
9.830000000000000000e+02 1.095000000000000000e+03
9.540000000000000000e+02 1.105000000000000000e+03
9.360000000000000000e+02 1.112000000000000000e+03
1.207000000000000000e+03 1.061000000000000000e+03
1.232000000000000000e+03 1.033000000000000000e+03
5.820000000000000000e+02 1.067000000000000000e+03
6.310000000000000000e+02 1.066000000000000000e+03
5.800000000000000000e+02 1.027000000000000000e+03
5.320000000000000000e+02 1.068000000000000000e+03
5.830000000000000000e+02 1.107000000000000000e+03
1.121000000000000000e+03 1.067000000000000000e+03
1.174000000000000000e+03 1.068000000000000000e+03
1.120000000000000000e+03 1.019000000000000000e+03
1.067000000000000000e+03 1.065000000000000000e+03
1.121000000000000000e+03 1.114000000000000000e+03
0.000000000000000000e+00 0.000000000000000000e+00
1.749000000000000000e+03 0.000000000000000000e+00
1.749000000000000000e+03 2.187000000000000000e+03
0.000000000000000000e+00 2.187000000000000000e+03
8.700000000000000000e+01 0.000000000000000000e+00
8.700000000000000000e+01 2.187000000000000000e+03
0.000000000000000000e+00 1.090000000000000000e+02
1.749000000000000000e+03 1.090000000000000000e+02
1.750000000000000000e+02 0.000000000000000000e+00
1.750000000000000000e+02 2.187000000000000000e+03
0.000000000000000000e+00 2.180000000000000000e+02
1.749000000000000000e+03 2.180000000000000000e+02
2.620000000000000000e+02 0.000000000000000000e+00
2.620000000000000000e+02 2.187000000000000000e+03
0.000000000000000000e+00 3.280000000000000000e+02
1.749000000000000000e+03 3.280000000000000000e+02
3.500000000000000000e+02 0.000000000000000000e+00
3.500000000000000000e+02 2.187000000000000000e+03
0.000000000000000000e+00 4.370000000000000000e+02
1.749000000000000000e+03 4.370000000000000000e+02
4.370000000000000000e+02 0.000000000000000000e+00
4.370000000000000000e+02 2.187000000000000000e+03
0.000000000000000000e+00 5.470000000000000000e+02
1.749000000000000000e+03 5.470000000000000000e+02
5.250000000000000000e+02 0.000000000000000000e+00
5.250000000000000000e+02 2.187000000000000000e+03
0.000000000000000000e+00 6.560000000000000000e+02
1.749000000000000000e+03 6.560000000000000000e+02
6.120000000000000000e+02 0.000000000000000000e+00
6.120000000000000000e+02 2.187000000000000000e+03
0.000000000000000000e+00 7.650000000000000000e+02
1.749000000000000000e+03 7.650000000000000000e+02
7.000000000000000000e+02 0.000000000000000000e+00
7.000000000000000000e+02 2.187000000000000000e+03
0.000000000000000000e+00 8.750000000000000000e+02
1.749000000000000000e+03 8.750000000000000000e+02
7.870000000000000000e+02 0.000000000000000000e+00
7.870000000000000000e+02 2.187000000000000000e+03
0.000000000000000000e+00 9.840000000000000000e+02
1.749000000000000000e+03 9.840000000000000000e+02
8.750000000000000000e+02 0.000000000000000000e+00
8.750000000000000000e+02 2.187000000000000000e+03
0.000000000000000000e+00 1.094000000000000000e+03
1.749000000000000000e+03 1.094000000000000000e+03
9.620000000000000000e+02 0.000000000000000000e+00
9.620000000000000000e+02 2.187000000000000000e+03
0.000000000000000000e+00 1.203000000000000000e+03
1.749000000000000000e+03 1.203000000000000000e+03
1.050000000000000000e+03 0.000000000000000000e+00
1.050000000000000000e+03 2.187000000000000000e+03
0.000000000000000000e+00 1.312000000000000000e+03
1.749000000000000000e+03 1.312000000000000000e+03
1.137000000000000000e+03 0.000000000000000000e+00
1.137000000000000000e+03 2.187000000000000000e+03
0.000000000000000000e+00 1.422000000000000000e+03
1.749000000000000000e+03 1.422000000000000000e+03
1.225000000000000000e+03 0.000000000000000000e+00
1.225000000000000000e+03 2.187000000000000000e+03
0.000000000000000000e+00 1.531000000000000000e+03
1.749000000000000000e+03 1.531000000000000000e+03
1.312000000000000000e+03 0.000000000000000000e+00
1.312000000000000000e+03 2.187000000000000000e+03
0.000000000000000000e+00 1.641000000000000000e+03
1.749000000000000000e+03 1.641000000000000000e+03
1.400000000000000000e+03 0.000000000000000000e+00
1.400000000000000000e+03 2.187000000000000000e+03
0.000000000000000000e+00 1.750000000000000000e+03
1.749000000000000000e+03 1.750000000000000000e+03
1.487000000000000000e+03 0.000000000000000000e+00
1.487000000000000000e+03 2.187000000000000000e+03
0.000000000000000000e+00 1.859000000000000000e+03
1.749000000000000000e+03 1.859000000000000000e+03
1.575000000000000000e+03 0.000000000000000000e+00
1.575000000000000000e+03 2.187000000000000000e+03
0.000000000000000000e+00 1.969000000000000000e+03
1.749000000000000000e+03 1.969000000000000000e+03
1.662000000000000000e+03 0.000000000000000000e+00
1.662000000000000000e+03 2.187000000000000000e+03
0.000000000000000000e+00 2.078000000000000000e+03
1.749000000000000000e+03 2.078000000000000000e+03
