8.730000000000000000e+02 1.681000000000000000e+03
8.510000000000000000e+02 1.481000000000000000e+03
8.490000000000000000e+02 1.532000000000000000e+03
8.090000000000000000e+02 1.271000000000000000e+03
8.520000000000000000e+02 1.418000000000000000e+03
8.530000000000000000e+02 1.334000000000000000e+03
8.570000000000000000e+02 1.131000000000000000e+03
4.840000000000000000e+02 1.089000000000000000e+03
8.560000000000000000e+02 1.012000000000000000e+03
8.570000000000000000e+02 9.400000000000000000e+02
8.600000000000000000e+02 6.310000000000000000e+02
8.730000000000000000e+02 1.700000000000000000e+03
8.710000000000000000e+02 1.718000000000000000e+03
8.690000000000000000e+02 1.731000000000000000e+03
8.700000000000000000e+02 1.736000000000000000e+03
8.720000000000000000e+02 1.758000000000000000e+03
8.720000000000000000e+02 1.788000000000000000e+03
8.720000000000000000e+02 1.823000000000000000e+03
8.440000000000000000e+02 1.903000000000000000e+03
8.500000000000000000e+02 1.510000000000000000e+03
7.950000000000000000e+02 1.504000000000000000e+03
2.780000000000000000e+02 8.840000000000000000e+02
6.360000000000000000e+02 1.143000000000000000e+03
5.840000000000000000e+02 1.148000000000000000e+03
5.300000000000000000e+02 1.147000000000000000e+03
4.610000000000000000e+02 1.110000000000000000e+03
6.800000000000000000e+02 1.131000000000000000e+03
5.490000000000000000e+02 9.990000000000000000e+02
6.100000000000000000e+02 1.004000000000000000e+03
4.950000000000000000e+02 1.008000000000000000e+03
4.610000000000000000e+02 1.028000000000000000e+03
4.140000000000000000e+02 1.154000000000000000e+03
6.390000000000000000e+02 1.997000000000000000e+03
4.640000000000000000e+02 1.072000000000000000e+03
2.540000000000000000e+02 1.137000000000000000e+03
3.510000000000000000e+02 1.117000000000000000e+03
5.940000000000000000e+02 1.410000000000000000e+03
8.070000000000000000e+02 1.672000000000000000e+03
8.110000000000000000e+02 1.718000000000000000e+03
7.370000000000000000e+02 1.700000000000000000e+03
6.890000000000000000e+02 1.731000000000000000e+03
7.560000000000000000e+02 1.730000000000000000e+03
7.100000000000000000e+02 1.747000000000000000e+03
6.110000000000000000e+02 1.802000000000000000e+03
8.050000000000000000e+02 1.478000000000000000e+03
7.990000000000000000e+02 1.418000000000000000e+03
3.850000000000000000e+02 1.000000000000000000e+03
7.010000000000000000e+02 1.256000000000000000e+03
6.820000000000000000e+02 1.451000000000000000e+03
6.810000000000000000e+02 1.417000000000000000e+03
4.400000000000000000e+02 1.401000000000000000e+03
8.040000000000000000e+02 1.340000000000000000e+03
5.130000000000000000e+02 9.530000000000000000e+02
4.370000000000000000e+02 9.670000000000000000e+02
3.350000000000000000e+02 7.850000000000000000e+02
7.520000000000000000e+02 1.003000000000000000e+03
6.640000000000000000e+02 1.025000000000000000e+03
5.720000000000000000e+02 1.748000000000000000e+03
2.980000000000000000e+02 1.706000000000000000e+03
7.200000000000000000e+02 1.486000000000000000e+03
7.610000000000000000e+02 1.504000000000000000e+03
6.330000000000000000e+02 1.787000000000000000e+03
6.460000000000000000e+02 1.783000000000000000e+03
4.080000000000000000e+02 9.320000000000000000e+02
6.790000000000000000e+02 1.476000000000000000e+03
6.170000000000000000e+02 9.620000000000000000e+02
6.060000000000000000e+02 9.180000000000000000e+02
5.570000000000000000e+02 6.570000000000000000e+02
3.770000000000000000e+02 8.570000000000000000e+02
5.910000000000000000e+02 7.790000000000000000e+02
3.550000000000000000e+02 9.720000000000000000e+02
3.180000000000000000e+02 9.330000000000000000e+02
8.080000000000000000e+02 1.697000000000000000e+03
7.470000000000000000e+02 1.716000000000000000e+03
7.000000000000000000e+02 1.740000000000000000e+03
7.320000000000000000e+02 1.496000000000000000e+03
6.400000000000000000e+02 1.785000000000000000e+03
6.680000000000000000e+02 1.784000000000000000e+03
6.530000000000000000e+02 1.780000000000000000e+03
7.460000000000000000e+02 1.471000000000000000e+03
7.180000000000000000e+02 1.751000000000000000e+03
7.620000000000000000e+02 1.738000000000000000e+03
8.130000000000000000e+02 1.732000000000000000e+03
7.760000000000000000e+02 1.900000000000000000e+03
8.070000000000000000e+02 1.823000000000000000e+03
8.100000000000000000e+02 1.787000000000000000e+03
8.120000000000000000e+02 1.757000000000000000e+03
8.140000000000000000e+02 1.737000000000000000e+03
7.180000000000000000e+02 1.754000000000000000e+03
7.120000000000000000e+02 1.767000000000000000e+03
7.020000000000000000e+02 1.784000000000000000e+03
6.940000000000000000e+02 1.806000000000000000e+03
6.310000000000000000e+02 1.639000000000000000e+03
2.470000000000000000e+02 1.400000000000000000e+03
8.500000000000000000e+02 1.521000000000000000e+03
6.850000000000000000e+02 1.766000000000000000e+03
6.780000000000000000e+02 1.774000000000000000e+03
7.790000000000000000e+02 1.528000000000000000e+03
6.980000000000000000e+02 1.511000000000000000e+03
7.700000000000000000e+02 1.516000000000000000e+03
6.480000000000000000e+02 1.290000000000000000e+03
5.620000000000000000e+02 1.331000000000000000e+03
6.710000000000000000e+02 1.443000000000000000e+03
4.250000000000000000e+02 7.070000000000000000e+02
4.650000000000000000e+02 8.030000000000000000e+02
4.940000000000000000e+02 9.100000000000000000e+02
6.530000000000000000e+02 1.840000000000000000e+03
7.340000000000000000e+02 9.320000000000000000e+02
7.170000000000000000e+02 7.730000000000000000e+02
6.970000000000000000e+02 6.340000000000000000e+02
4.860000000000000000e+02 1.135000000000000000e+03
3.560000000000000000e+02 1.197000000000000000e+03
7.070000000000000000e+02 1.120000000000000000e+03
4.090000000000000000e+02 1.053000000000000000e+03
7.380000000000000000e+02 1.218000000000000000e+03
7.150000000000000000e+02 1.433000000000000000e+03
3.010000000000000000e+02 1.249000000000000000e+03
3.930000000000000000e+02 1.240000000000000000e+03
4.620000000000000000e+02 1.265000000000000000e+03
5.650000000000000000e+02 1.255000000000000000e+03
6.410000000000000000e+02 1.230000000000000000e+03
6.950000000000000000e+02 1.206000000000000000e+03
8.060000000000000000e+02 1.143000000000000000e+03
3.130000000000000000e+02 1.376000000000000000e+03
3.640000000000000000e+02 1.050000000000000000e+03
8.210000000000000000e+02 1.507000000000000000e+03
7.030000000000000000e+02 1.319000000000000000e+03
2.360000000000000000e+02 1.131000000000000000e+03
7.370000000000000000e+02 1.180000000000000000e+03
6.680000000000000000e+02 1.445000000000000000e+03
4.410000000000000000e+02 1.077000000000000000e+03
7.150000000000000000e+02 1.391000000000000000e+03
2.650000000000000000e+02 1.549000000000000000e+03
7.040000000000000000e+02 1.099000000000000000e+03
7.580000000000000000e+02 1.359000000000000000e+03
4.060000000000000000e+02 1.857000000000000000e+03
4.020000000000000000e+02 1.930000000000000000e+03
2.580000000000000000e+02 1.391000000000000000e+03
3.480000000000000000e+02 1.771000000000000000e+03
2.840000000000000000e+02 1.024000000000000000e+03
6.190000000000000000e+02 2.062000000000000000e+03
8.260000000000000000e+02 1.518000000000000000e+03
6.560000000000000000e+02 1.363000000000000000e+03
3.060000000000000000e+02 1.126000000000000000e+03
5.380000000000000000e+02 1.110000000000000000e+03
5.830000000000000000e+02 1.114000000000000000e+03
6.580000000000000000e+02 1.797000000000000000e+03
3.240000000000000000e+02 1.500000000000000000e+03
7.190000000000000000e+02 2.147000000000000000e+03
5.480000000000000000e+02 2.068000000000000000e+03
4.770000000000000000e+02 2.012000000000000000e+03
8.590000000000000000e+02 7.780000000000000000e+02
8.400000000000000000e+02 2.159000000000000000e+03
6.270000000000000000e+02 1.110000000000000000e+03
6.670000000000000000e+02 1.103000000000000000e+03
6.930000000000000000e+02 1.101000000000000000e+03
3.260000000000000000e+02 1.036000000000000000e+03
6.570000000000000000e+02 1.055000000000000000e+03
6.090000000000000000e+02 1.037000000000000000e+03
5.610000000000000000e+02 1.033000000000000000e+03
5.160000000000000000e+02 1.042000000000000000e+03
4.890000000000000000e+02 1.054000000000000000e+03
2.480000000000000000e+02 9.930000000000000000e+02
5.070000000000000000e+02 1.101000000000000000e+03
8.490000000000000000e+02 1.581000000000000000e+03
6.800000000000000000e+02 1.603000000000000000e+03
7.210000000000000000e+02 1.477000000000000000e+03
7.760000000000000000e+02 1.583000000000000000e+03
8.570000000000000000e+02 1.068000000000000000e+03
4.720000000000000000e+02 1.939000000000000000e+03
5.400000000000000000e+02 2.003000000000000000e+03
7.190000000000000000e+02 2.103000000000000000e+03
3.460000000000000000e+02 1.835000000000000000e+03
6.890000000000000000e+02 1.082000000000000000e+03
7.710000000000000000e+02 1.239000000000000000e+03
8.410000000000000000e+02 2.114000000000000000e+03
6.260000000000000000e+02 2.115000000000000000e+03
2.750000000000000000e+02 1.526000000000000000e+03
7.630000000000000000e+02 1.742000000000000000e+03
7.570000000000000000e+02 1.760000000000000000e+03
7.510000000000000000e+02 1.785000000000000000e+03
7.470000000000000000e+02 1.817000000000000000e+03
7.070000000000000000e+02 1.874000000000000000e+03
6.740000000000000000e+02 1.765000000000000000e+03
6.630000000000000000e+02 1.764000000000000000e+03
6.530000000000000000e+02 1.760000000000000000e+03
5.930000000000000000e+02 1.690000000000000000e+03
3.970000000000000000e+02 1.533000000000000000e+03
7.730000000000000000e+02 1.176000000000000000e+03
7.470000000000000000e+02 1.068000000000000000e+03
7.110000000000000000e+02 1.068000000000000000e+03
6.850000000000000000e+02 1.766000000000000000e+03
3.810000000000000000e+02 1.683000000000000000e+03
7.920000000000000000e+02 1.077000000000000000e+03
6.720000000000000000e+02 1.933000000000000000e+03
8.540000000000000000e+02 1.263000000000000000e+03
8.070000000000000000e+02 1.209000000000000000e+03
8.560000000000000000e+02 1.198000000000000000e+03
7.330000000000000000e+02 1.336000000000000000e+03
8.420000000000000000e+02 2.047000000000000000e+03
8.440000000000000000e+02 1.969000000000000000e+03
7.560000000000000000e+02 1.964000000000000000e+03
5.510000000000000000e+02 1.825000000000000000e+03
6.250000000000000000e+02 1.493000000000000000e+03
6.050000000000000000e+02 1.888000000000000000e+03
5.120000000000000000e+02 1.482000000000000000e+03
5.790000000000000000e+02 1.556000000000000000e+03
4.660000000000000000e+02 1.582000000000000000e+03
7.330000000000000000e+02 2.038000000000000000e+03
7.010000000000000000e+02 1.368000000000000000e+03
4.970000000000000000e+02 1.870000000000000000e+03
5.660000000000000000e+02 1.938000000000000000e+03
5.130000000000000000e+02 1.750000000000000000e+03
3.340000000000000000e+02 1.606000000000000000e+03
4.430000000000000000e+02 1.754000000000000000e+03
3.000000000000000000e+02 1.653000000000000000e+03
5.380000000000000000e+02 1.638000000000000000e+03
7.380000000000000000e+02 1.278000000000000000e+03
7.300000000000000000e+02 1.461000000000000000e+03
6.980000000000000000e+02 1.472000000000000000e+03
7.530000000000000000e+02 1.423000000000000000e+03
7.050000000000000000e+02 1.024000000000000000e+03
6.150000000000000000e+02 9.920000000000000000e+02
5.360000000000000000e+02 9.850000000000000000e+02
4.720000000000000000e+02 9.940000000000000000e+02
4.290000000000000000e+02 1.017000000000000000e+03
4.020000000000000000e+02 1.099000000000000000e+03
2.470000000000000000e+02 1.261000000000000000e+03
4.450000000000000000e+02 1.179000000000000000e+03
5.000000000000000000e+02 1.199000000000000000e+03
5.730000000000000000e+02 1.197000000000000000e+03
6.400000000000000000e+02 1.183000000000000000e+03
6.910000000000000000e+02 1.166000000000000000e+03
7.260000000000000000e+02 1.151000000000000000e+03
2.390000000000000000e+02 1.264000000000000000e+03
6.980000000000000000e+02 1.487000000000000000e+03
7.690000000000000000e+02 1.298000000000000000e+03
7.660000000000000000e+02 1.467000000000000000e+03
7.920000000000000000e+02 1.496000000000000000e+03
7.660000000000000000e+02 1.476000000000000000e+03
7.130000000000000000e+02 1.504000000000000000e+03
8.030000000000000000e+02 1.502000000000000000e+03
8.080000000000000000e+02 1.513000000000000000e+03
7.230000000000000000e+02 1.105000000000000000e+03
7.530000000000000000e+02 1.123000000000000000e+03
7.690000000000000000e+02 1.139000000000000000e+03
4.740000000000000000e+02 1.064000000000000000e+03
4.400000000000000000e+02 1.050000000000000000e+03
8.990000000000000000e+02 1.272000000000000000e+03
1.216000000000000000e+03 1.117000000000000000e+03
9.050000000000000000e+02 1.506000000000000000e+03
1.434000000000000000e+03 9.020000000000000000e+02
1.065000000000000000e+03 1.155000000000000000e+03
1.115000000000000000e+03 1.165000000000000000e+03
1.166000000000000000e+03 1.167000000000000000e+03
1.236000000000000000e+03 1.135000000000000000e+03
1.024000000000000000e+03 1.139000000000000000e+03
1.158000000000000000e+03 1.019000000000000000e+03
1.098000000000000000e+03 1.018000000000000000e+03
1.210000000000000000e+03 1.033000000000000000e+03
1.241000000000000000e+03 1.054000000000000000e+03
1.279000000000000000e+03 1.173000000000000000e+03
1.047000000000000000e+03 2.003000000000000000e+03
1.238000000000000000e+03 1.099000000000000000e+03
1.460000000000000000e+03 1.158000000000000000e+03
1.346000000000000000e+03 1.135000000000000000e+03
1.111000000000000000e+03 1.417000000000000000e+03
9.350000000000000000e+02 1.669000000000000000e+03
9.250000000000000000e+02 1.716000000000000000e+03
9.940000000000000000e+02 1.691000000000000000e+03
1.031000000000000000e+03 1.721000000000000000e+03
9.710000000000000000e+02 1.724000000000000000e+03
1.007000000000000000e+03 1.738000000000000000e+03
1.081000000000000000e+03 1.808000000000000000e+03
8.970000000000000000e+02 1.479000000000000000e+03
9.040000000000000000e+02 1.419000000000000000e+03
1.315000000000000000e+03 1.028000000000000000e+03
1.008000000000000000e+03 1.259000000000000000e+03
1.021000000000000000e+03 1.456000000000000000e+03
1.024000000000000000e+03 1.422000000000000000e+03
1.265000000000000000e+03 1.413000000000000000e+03
9.020000000000000000e+02 1.341000000000000000e+03
1.192000000000000000e+03 9.830000000000000000e+02
1.265000000000000000e+03 9.980000000000000000e+02
1.379000000000000000e+03 8.000000000000000000e+02
9.610000000000000000e+02 1.006000000000000000e+03
1.044000000000000000e+03 1.034000000000000000e+03
1.121000000000000000e+03 1.754000000000000000e+03
1.404000000000000000e+03 1.729000000000000000e+03
9.810000000000000000e+02 1.490000000000000000e+03
9.390000000000000000e+02 1.507000000000000000e+03
1.068000000000000000e+03 1.775000000000000000e+03
1.056000000000000000e+03 1.771000000000000000e+03
1.296000000000000000e+03 9.640000000000000000e+02
1.022000000000000000e+03 1.481000000000000000e+03
1.093000000000000000e+03 9.810000000000000000e+02
1.105000000000000000e+03 9.400000000000000000e+02
1.162000000000000000e+03 6.640000000000000000e+02
1.337000000000000000e+03 8.710000000000000000e+02
1.124000000000000000e+03 7.850000000000000000e+02
1.351000000000000000e+03 9.990000000000000000e+02
1.395000000000000000e+03 9.510000000000000000e+02
9.320000000000000000e+02 1.695000000000000000e+03
9.830000000000000000e+02 1.709000000000000000e+03
1.020000000000000000e+03 1.730000000000000000e+03
9.680000000000000000e+02 1.500000000000000000e+03
1.062000000000000000e+03 1.773000000000000000e+03
1.040000000000000000e+03 1.776000000000000000e+03
1.049000000000000000e+03 1.768000000000000000e+03
9.560000000000000000e+02 1.474000000000000000e+03
9.950000000000000000e+02 1.742000000000000000e+03
9.600000000000000000e+02 1.733000000000000000e+03
9.180000000000000000e+02 1.729000000000000000e+03
9.130000000000000000e+02 1.902000000000000000e+03
9.280000000000000000e+02 1.822000000000000000e+03
9.270000000000000000e+02 1.786000000000000000e+03
9.230000000000000000e+02 1.756000000000000000e+03
9.180000000000000000e+02 1.735000000000000000e+03
9.950000000000000000e+02 1.747000000000000000e+03
1.003000000000000000e+03 1.761000000000000000e+03
1.013000000000000000e+03 1.779000000000000000e+03
1.022000000000000000e+03 1.802000000000000000e+03
1.066000000000000000e+03 1.645000000000000000e+03
1.460000000000000000e+03 1.423000000000000000e+03
1.021000000000000000e+03 1.757000000000000000e+03
1.030000000000000000e+03 1.766000000000000000e+03
9.210000000000000000e+02 1.530000000000000000e+03
1.002000000000000000e+03 1.515000000000000000e+03
9.300000000000000000e+02 1.519000000000000000e+03
1.060000000000000000e+03 1.295000000000000000e+03
1.144000000000000000e+03 1.339000000000000000e+03
1.032000000000000000e+03 1.448000000000000000e+03
1.293000000000000000e+03 7.180000000000000000e+02
1.250000000000000000e+03 8.130000000000000000e+02
1.213000000000000000e+03 9.410000000000000000e+02
1.038000000000000000e+03 1.844000000000000000e+03
9.810000000000000000e+02 9.400000000000000000e+02
9.990000000000000000e+02 7.770000000000000000e+02
1.024000000000000000e+03 6.380000000000000000e+02
1.210000000000000000e+03 1.158000000000000000e+03
1.337000000000000000e+03 1.214000000000000000e+03
9.980000000000000000e+02 1.126000000000000000e+03
1.290000000000000000e+03 1.077000000000000000e+03
9.730000000000000000e+02 1.220000000000000000e+03
9.890000000000000000e+02 1.437000000000000000e+03
1.408000000000000000e+03 1.268000000000000000e+03
1.294000000000000000e+03 1.258000000000000000e+03
1.222000000000000000e+03 1.280000000000000000e+03
1.122000000000000000e+03 1.264000000000000000e+03
1.053000000000000000e+03 1.234000000000000000e+03
1.003000000000000000e+03 1.207000000000000000e+03
9.070000000000000000e+02 1.145000000000000000e+03
1.394000000000000000e+03 1.395000000000000000e+03
1.336000000000000000e+03 1.073000000000000000e+03
8.790000000000000000e+02 1.508000000000000000e+03
1.004000000000000000e+03 1.323000000000000000e+03
1.475000000000000000e+03 1.152000000000000000e+03
9.650000000000000000e+02 1.181000000000000000e+03
1.035000000000000000e+03 1.450000000000000000e+03
1.258000000000000000e+03 1.103000000000000000e+03
9.900000000000000000e+02 1.395000000000000000e+03
1.441000000000000000e+03 1.572000000000000000e+03
1.000000000000000000e+03 1.106000000000000000e+03
9.470000000000000000e+02 1.361000000000000000e+03
1.289000000000000000e+03 1.874000000000000000e+03
1.292000000000000000e+03 1.946000000000000000e+03
1.452000000000000000e+03 1.413000000000000000e+03
1.353000000000000000e+03 1.790000000000000000e+03
1.430000000000000000e+03 1.043000000000000000e+03
1.065000000000000000e+03 2.070000000000000000e+03
8.730000000000000000e+02 1.519000000000000000e+03
1.050000000000000000e+03 1.368000000000000000e+03
1.394000000000000000e+03 1.141000000000000000e+03
1.162000000000000000e+03 1.137000000000000000e+03
1.117000000000000000e+03 1.136000000000000000e+03
1.050000000000000000e+03 1.789000000000000000e+03
1.382000000000000000e+03 1.518000000000000000e+03
9.620000000000000000e+02 2.152000000000000000e+03
1.137000000000000000e+03 2.078000000000000000e+03
1.212000000000000000e+03 2.025000000000000000e+03
1.075000000000000000e+03 1.127000000000000000e+03
1.036000000000000000e+03 1.115000000000000000e+03
1.011000000000000000e+03 1.110000000000000000e+03
1.378000000000000000e+03 1.055000000000000000e+03
1.050000000000000000e+03 1.062000000000000000e+03
1.097000000000000000e+03 1.047000000000000000e+03
1.145000000000000000e+03 1.050000000000000000e+03
1.188000000000000000e+03 1.063000000000000000e+03
1.213000000000000000e+03 1.079000000000000000e+03
1.463000000000000000e+03 1.011000000000000000e+03
1.193000000000000000e+03 1.129000000000000000e+03
1.019000000000000000e+03 1.607000000000000000e+03
9.810000000000000000e+02 1.481000000000000000e+03
9.230000000000000000e+02 1.585000000000000000e+03
1.219000000000000000e+03 1.954000000000000000e+03
1.146000000000000000e+03 2.015000000000000000e+03
9.640000000000000000e+02 2.108000000000000000e+03
1.352000000000000000e+03 1.853000000000000000e+03
1.016000000000000000e+03 1.089000000000000000e+03
9.390000000000000000e+02 1.241000000000000000e+03
1.057000000000000000e+03 2.122000000000000000e+03
1.433000000000000000e+03 1.549000000000000000e+03
9.600000000000000000e+02 1.738000000000000000e+03
9.680000000000000000e+02 1.757000000000000000e+03
9.750000000000000000e+02 1.782000000000000000e+03
9.810000000000000000e+02 1.815000000000000000e+03
9.830000000000000000e+02 1.878000000000000000e+03
1.035000000000000000e+03 1.754000000000000000e+03
1.046000000000000000e+03 1.752000000000000000e+03
1.056000000000000000e+03 1.748000000000000000e+03
1.102000000000000000e+03 1.696000000000000000e+03
1.307000000000000000e+03 1.548000000000000000e+03
9.390000000000000000e+02 1.178000000000000000e+03
9.630000000000000000e+02 1.072000000000000000e+03
9.970000000000000000e+02 1.074000000000000000e+03
1.021000000000000000e+03 1.755000000000000000e+03
1.320000000000000000e+03 1.699000000000000000e+03
9.150000000000000000e+02 1.078000000000000000e+03
1.016000000000000000e+03 1.938000000000000000e+03
9.040000000000000000e+02 1.210000000000000000e+03
9.730000000000000000e+02 1.339000000000000000e+03
9.320000000000000000e+02 1.967000000000000000e+03
1.141000000000000000e+03 1.834000000000000000e+03
1.077000000000000000e+03 1.499000000000000000e+03
1.085000000000000000e+03 1.895000000000000000e+03
1.191000000000000000e+03 1.492000000000000000e+03
1.122000000000000000e+03 1.563000000000000000e+03
1.235000000000000000e+03 1.593000000000000000e+03
9.520000000000000000e+02 2.043000000000000000e+03
1.005000000000000000e+03 1.372000000000000000e+03
1.194000000000000000e+03 1.882000000000000000e+03
1.123000000000000000e+03 1.948000000000000000e+03
1.182000000000000000e+03 1.760000000000000000e+03
1.370000000000000000e+03 1.624000000000000000e+03
1.253000000000000000e+03 1.768000000000000000e+03
1.406000000000000000e+03 1.675000000000000000e+03
1.161000000000000000e+03 1.647000000000000000e+03
9.700000000000000000e+02 1.281000000000000000e+03
9.720000000000000000e+02 1.464000000000000000e+03
1.004000000000000000e+03 1.477000000000000000e+03
9.500000000000000000e+02 1.426000000000000000e+03
1.006000000000000000e+03 1.032000000000000000e+03
1.093000000000000000e+03 1.009000000000000000e+03
1.169000000000000000e+03 1.010000000000000000e+03
1.230000000000000000e+03 1.023000000000000000e+03
1.270000000000000000e+03 1.045000000000000000e+03
1.296000000000000000e+03 1.120000000000000000e+03
1.464000000000000000e+03 1.284000000000000000e+03
1.247000000000000000e+03 1.198000000000000000e+03
1.192000000000000000e+03 1.215000000000000000e+03
1.121000000000000000e+03 1.209000000000000000e+03
1.058000000000000000e+03 1.190000000000000000e+03
1.012000000000000000e+03 1.170000000000000000e+03
9.790000000000000000e+02 1.154000000000000000e+03
1.469000000000000000e+03 1.286000000000000000e+03
1.003000000000000000e+03 1.491000000000000000e+03
9.380000000000000000e+02 1.300000000000000000e+03
9.360000000000000000e+02 1.470000000000000000e+03
9.080000000000000000e+02 1.498000000000000000e+03
9.360000000000000000e+02 1.479000000000000000e+03
9.870000000000000000e+02 1.508000000000000000e+03
8.970000000000000000e+02 1.504000000000000000e+03
8.920000000000000000e+02 1.515000000000000000e+03
9.820000000000000000e+02 1.110000000000000000e+03
9.540000000000000000e+02 1.126000000000000000e+03
9.360000000000000000e+02 1.141000000000000000e+03
1.227000000000000000e+03 1.090000000000000000e+03
1.260000000000000000e+03 1.076000000000000000e+03
5.830000000000000000e+02 1.070000000000000000e+03
6.400000000000000000e+02 1.068000000000000000e+03
5.800000000000000000e+02 1.019000000000000000e+03
5.250000000000000000e+02 1.072000000000000000e+03
5.840000000000000000e+02 1.120000000000000000e+03
1.123000000000000000e+03 1.083000000000000000e+03
1.177000000000000000e+03 1.087000000000000000e+03
1.124000000000000000e+03 1.031000000000000000e+03
1.069000000000000000e+03 1.077000000000000000e+03
1.121000000000000000e+03 1.135000000000000000e+03
0.000000000000000000e+00 0.000000000000000000e+00
1.749000000000000000e+03 0.000000000000000000e+00
1.749000000000000000e+03 2.187000000000000000e+03
0.000000000000000000e+00 2.187000000000000000e+03
8.700000000000000000e+01 0.000000000000000000e+00
8.700000000000000000e+01 2.187000000000000000e+03
0.000000000000000000e+00 1.090000000000000000e+02
1.749000000000000000e+03 1.090000000000000000e+02
1.750000000000000000e+02 0.000000000000000000e+00
1.750000000000000000e+02 2.187000000000000000e+03
0.000000000000000000e+00 2.180000000000000000e+02
1.749000000000000000e+03 2.180000000000000000e+02
2.620000000000000000e+02 0.000000000000000000e+00
2.620000000000000000e+02 2.187000000000000000e+03
0.000000000000000000e+00 3.280000000000000000e+02
1.749000000000000000e+03 3.280000000000000000e+02
3.500000000000000000e+02 0.000000000000000000e+00
3.500000000000000000e+02 2.187000000000000000e+03
0.000000000000000000e+00 4.370000000000000000e+02
1.749000000000000000e+03 4.370000000000000000e+02
4.370000000000000000e+02 0.000000000000000000e+00
4.370000000000000000e+02 2.187000000000000000e+03
0.000000000000000000e+00 5.470000000000000000e+02
1.749000000000000000e+03 5.470000000000000000e+02
5.250000000000000000e+02 0.000000000000000000e+00
5.250000000000000000e+02 2.187000000000000000e+03
0.000000000000000000e+00 6.560000000000000000e+02
1.749000000000000000e+03 6.560000000000000000e+02
6.120000000000000000e+02 0.000000000000000000e+00
6.120000000000000000e+02 2.187000000000000000e+03
0.000000000000000000e+00 7.650000000000000000e+02
1.749000000000000000e+03 7.650000000000000000e+02
7.000000000000000000e+02 0.000000000000000000e+00
7.000000000000000000e+02 2.187000000000000000e+03
0.000000000000000000e+00 8.750000000000000000e+02
1.749000000000000000e+03 8.750000000000000000e+02
7.870000000000000000e+02 0.000000000000000000e+00
7.870000000000000000e+02 2.187000000000000000e+03
0.000000000000000000e+00 9.840000000000000000e+02
1.749000000000000000e+03 9.840000000000000000e+02
8.750000000000000000e+02 0.000000000000000000e+00
8.750000000000000000e+02 2.187000000000000000e+03
0.000000000000000000e+00 1.094000000000000000e+03
1.749000000000000000e+03 1.094000000000000000e+03
9.620000000000000000e+02 0.000000000000000000e+00
9.620000000000000000e+02 2.187000000000000000e+03
0.000000000000000000e+00 1.203000000000000000e+03
1.749000000000000000e+03 1.203000000000000000e+03
1.050000000000000000e+03 0.000000000000000000e+00
1.050000000000000000e+03 2.187000000000000000e+03
0.000000000000000000e+00 1.312000000000000000e+03
1.749000000000000000e+03 1.312000000000000000e+03
1.137000000000000000e+03 0.000000000000000000e+00
1.137000000000000000e+03 2.187000000000000000e+03
0.000000000000000000e+00 1.422000000000000000e+03
1.749000000000000000e+03 1.422000000000000000e+03
1.225000000000000000e+03 0.000000000000000000e+00
1.225000000000000000e+03 2.187000000000000000e+03
0.000000000000000000e+00 1.531000000000000000e+03
1.749000000000000000e+03 1.531000000000000000e+03
1.312000000000000000e+03 0.000000000000000000e+00
1.312000000000000000e+03 2.187000000000000000e+03
0.000000000000000000e+00 1.641000000000000000e+03
1.749000000000000000e+03 1.641000000000000000e+03
1.400000000000000000e+03 0.000000000000000000e+00
1.400000000000000000e+03 2.187000000000000000e+03
0.000000000000000000e+00 1.750000000000000000e+03
1.749000000000000000e+03 1.750000000000000000e+03
1.487000000000000000e+03 0.000000000000000000e+00
1.487000000000000000e+03 2.187000000000000000e+03
0.000000000000000000e+00 1.859000000000000000e+03
1.749000000000000000e+03 1.859000000000000000e+03
1.575000000000000000e+03 0.000000000000000000e+00
1.575000000000000000e+03 2.187000000000000000e+03
0.000000000000000000e+00 1.969000000000000000e+03
1.749000000000000000e+03 1.969000000000000000e+03
1.662000000000000000e+03 0.000000000000000000e+00
1.662000000000000000e+03 2.187000000000000000e+03
0.000000000000000000e+00 2.078000000000000000e+03
1.749000000000000000e+03 2.078000000000000000e+03
