8.480000000000000000e+02 1.448000000000000000e+03
8.550000000000000000e+02 1.305000000000000000e+03
8.550000000000000000e+02 1.347000000000000000e+03
8.190000000000000000e+02 1.158000000000000000e+03
8.550000000000000000e+02 1.260000000000000000e+03
8.550000000000000000e+02 1.200000000000000000e+03
8.550000000000000000e+02 1.056000000000000000e+03
5.470000000000000000e+02 1.047000000000000000e+03
8.540000000000000000e+02 9.510000000000000000e+02
8.540000000000000000e+02 8.900000000000000000e+02
8.540000000000000000e+02 6.550000000000000000e+02
8.490000000000000000e+02 1.464000000000000000e+03
8.500000000000000000e+02 1.481000000000000000e+03
8.510000000000000000e+02 1.493000000000000000e+03
8.510000000000000000e+02 1.493000000000000000e+03
8.510000000000000000e+02 1.513000000000000000e+03
8.520000000000000000e+02 1.538000000000000000e+03
8.530000000000000000e+02 1.565000000000000000e+03
8.570000000000000000e+02 1.619000000000000000e+03
8.550000000000000000e+02 1.328000000000000000e+03
8.170000000000000000e+02 1.326000000000000000e+03
3.870000000000000000e+02 8.720000000000000000e+02
6.750000000000000000e+02 1.082000000000000000e+03
6.290000000000000000e+02 1.089000000000000000e+03
5.860000000000000000e+02 1.088000000000000000e+03
5.310000000000000000e+02 1.062000000000000000e+03
7.160000000000000000e+02 1.069000000000000000e+03
6.010000000000000000e+02 9.530000000000000000e+02
6.550000000000000000e+02 9.560000000000000000e+02
5.530000000000000000e+02 9.630000000000000000e+02
5.250000000000000000e+02 9.830000000000000000e+02
4.970000000000000000e+02 1.089000000000000000e+03
7.060000000000000000e+02 1.689000000000000000e+03
5.320000000000000000e+02 1.034000000000000000e+03
3.770000000000000000e+02 1.069000000000000000e+03
4.480000000000000000e+02 1.055000000000000000e+03
6.470000000000000000e+02 1.269000000000000000e+03
8.020000000000000000e+02 1.439000000000000000e+03
8.090000000000000000e+02 1.480000000000000000e+03
7.560000000000000000e+02 1.459000000000000000e+03
7.250000000000000000e+02 1.480000000000000000e+03
7.730000000000000000e+02 1.486000000000000000e+03
7.440000000000000000e+02 1.495000000000000000e+03
6.730000000000000000e+02 1.546000000000000000e+03
8.210000000000000000e+02 1.304000000000000000e+03
8.150000000000000000e+02 1.261000000000000000e+03
4.610000000000000000e+02 9.460000000000000000e+02
7.300000000000000000e+02 1.156000000000000000e+03
7.260000000000000000e+02 1.293000000000000000e+03
7.230000000000000000e+02 1.269000000000000000e+03
5.200000000000000000e+02 1.266000000000000000e+03
8.170000000000000000e+02 1.205000000000000000e+03
5.600000000000000000e+02 9.010000000000000000e+02
4.990000000000000000e+02 9.150000000000000000e+02
4.250000000000000000e+02 7.900000000000000000e+02
7.610000000000000000e+02 9.400000000000000000e+02
7.030000000000000000e+02 9.750000000000000000e+02
6.420000000000000000e+02 1.504000000000000000e+03
4.480000000000000000e+02 1.481000000000000000e+03
7.580000000000000000e+02 1.317000000000000000e+03
7.910000000000000000e+02 1.329000000000000000e+03
6.880000000000000000e+02 1.513000000000000000e+03
6.970000000000000000e+02 1.511000000000000000e+03
4.770000000000000000e+02 8.860000000000000000e+02
7.240000000000000000e+02 1.312000000000000000e+03
6.450000000000000000e+02 9.060000000000000000e+02
6.360000000000000000e+02 8.700000000000000000e+02
6.000000000000000000e+02 6.800000000000000000e+02
4.560000000000000000e+02 8.370000000000000000e+02
6.270000000000000000e+02 7.720000000000000000e+02
4.380000000000000000e+02 9.250000000000000000e+02
4.140000000000000000e+02 9.020000000000000000e+02
8.040000000000000000e+02 1.462000000000000000e+03
7.650000000000000000e+02 1.474000000000000000e+03
7.340000000000000000e+02 1.488000000000000000e+03
7.680000000000000000e+02 1.325000000000000000e+03
6.930000000000000000e+02 1.512000000000000000e+03
7.120000000000000000e+02 1.516000000000000000e+03
7.020000000000000000e+02 1.510000000000000000e+03
7.770000000000000000e+02 1.302000000000000000e+03
7.510000000000000000e+02 1.499000000000000000e+03
7.800000000000000000e+02 1.494000000000000000e+03
8.130000000000000000e+02 1.492000000000000000e+03
8.040000000000000000e+02 1.617000000000000000e+03
8.050000000000000000e+02 1.562000000000000000e+03
8.050000000000000000e+02 1.535000000000000000e+03
8.080000000000000000e+02 1.511000000000000000e+03
8.130000000000000000e+02 1.492000000000000000e+03
7.500000000000000000e+02 1.499000000000000000e+03
7.420000000000000000e+02 1.508000000000000000e+03
7.340000000000000000e+02 1.521000000000000000e+03
7.280000000000000000e+02 1.537000000000000000e+03
6.850000000000000000e+02 1.427000000000000000e+03
3.890000000000000000e+02 1.264000000000000000e+03
8.550000000000000000e+02 1.337000000000000000e+03
7.280000000000000000e+02 1.504000000000000000e+03
7.200000000000000000e+02 1.509000000000000000e+03
8.030000000000000000e+02 1.346000000000000000e+03
7.400000000000000000e+02 1.337000000000000000e+03
7.970000000000000000e+02 1.338000000000000000e+03
6.850000000000000000e+02 1.183000000000000000e+03
6.160000000000000000e+02 1.214000000000000000e+03
7.160000000000000000e+02 1.288000000000000000e+03
4.930000000000000000e+02 7.240000000000000000e+02
5.240000000000000000e+02 7.910000000000000000e+02
5.450000000000000000e+02 8.660000000000000000e+02
7.070000000000000000e+02 1.574000000000000000e+03
7.440000000000000000e+02 8.820000000000000000e+02
7.330000000000000000e+02 7.680000000000000000e+02
7.160000000000000000e+02 6.590000000000000000e+02
5.510000000000000000e+02 1.079000000000000000e+03
4.530000000000000000e+02 1.119000000000000000e+03
7.430000000000000000e+02 1.057000000000000000e+03
4.850000000000000000e+02 1.002000000000000000e+03
7.600000000000000000e+02 1.126000000000000000e+03
7.500000000000000000e+02 1.276000000000000000e+03
4.140000000000000000e+02 1.154000000000000000e+03
4.810000000000000000e+02 1.153000000000000000e+03
5.360000000000000000e+02 1.172000000000000000e+03
6.200000000000000000e+02 1.163000000000000000e+03
6.820000000000000000e+02 1.143000000000000000e+03
7.290000000000000000e+02 1.121000000000000000e+03
8.140000000000000000e+02 1.067000000000000000e+03
4.270000000000000000e+02 1.249000000000000000e+03
4.520000000000000000e+02 9.950000000000000000e+02
8.350000000000000000e+02 1.326000000000000000e+03
7.350000000000000000e+02 1.200000000000000000e+03
3.650000000000000000e+02 1.065000000000000000e+03
7.630000000000000000e+02 1.098000000000000000e+03
7.130000000000000000e+02 1.291000000000000000e+03
5.130000000000000000e+02 1.035000000000000000e+03
7.480000000000000000e+02 1.247000000000000000e+03
4.130000000000000000e+02 1.371000000000000000e+03
7.440000000000000000e+02 1.041000000000000000e+03
7.820000000000000000e+02 1.221000000000000000e+03
5.370000000000000000e+02 1.586000000000000000e+03
5.420000000000000000e+02 1.634000000000000000e+03
3.940000000000000000e+02 1.258000000000000000e+03
4.870000000000000000e+02 1.527000000000000000e+03
3.940000000000000000e+02 9.790000000000000000e+02
6.990000000000000000e+02 1.731000000000000000e+03
8.390000000000000000e+02 1.335000000000000000e+03
6.970000000000000000e+02 1.233000000000000000e+03
4.150000000000000000e+02 1.060000000000000000e+03
5.890000000000000000e+02 1.063000000000000000e+03
6.270000000000000000e+02 1.064000000000000000e+03
7.050000000000000000e+02 1.524000000000000000e+03
4.420000000000000000e+02 1.338000000000000000e+03
7.740000000000000000e+02 1.789000000000000000e+03
6.530000000000000000e+02 1.732000000000000000e+03
6.020000000000000000e+02 1.692000000000000000e+03
8.530000000000000000e+02 7.690000000000000000e+02
8.590000000000000000e+02 1.796000000000000000e+03
6.670000000000000000e+02 1.058000000000000000e+03
7.060000000000000000e+02 1.049000000000000000e+03
7.320000000000000000e+02 1.045000000000000000e+03
4.250000000000000000e+02 9.840000000000000000e+02
6.970000000000000000e+02 1.009000000000000000e+03
6.550000000000000000e+02 9.970000000000000000e+02
6.140000000000000000e+02 9.970000000000000000e+02
5.760000000000000000e+02 1.006000000000000000e+03
5.530000000000000000e+02 1.018000000000000000e+03
3.690000000000000000e+02 9.590000000000000000e+02
5.640000000000000000e+02 1.056000000000000000e+03
8.550000000000000000e+02 1.381000000000000000e+03
7.250000000000000000e+02 1.401000000000000000e+03
7.570000000000000000e+02 1.310000000000000000e+03
8.000000000000000000e+02 1.384000000000000000e+03
8.540000000000000000e+02 1.002000000000000000e+03
5.900000000000000000e+02 1.644000000000000000e+03
6.430000000000000000e+02 1.688000000000000000e+03
7.710000000000000000e+02 1.761000000000000000e+03
4.940000000000000000e+02 1.569000000000000000e+03
7.290000000000000000e+02 1.028000000000000000e+03
7.880000000000000000e+02 1.138000000000000000e+03
8.590000000000000000e+02 1.767000000000000000e+03
7.090000000000000000e+02 1.766000000000000000e+03
4.160000000000000000e+02 1.356000000000000000e+03
7.790000000000000000e+02 1.494000000000000000e+03
7.710000000000000000e+02 1.509000000000000000e+03
7.660000000000000000e+02 1.528000000000000000e+03
7.620000000000000000e+02 1.552000000000000000e+03
7.500000000000000000e+02 1.599000000000000000e+03
7.190000000000000000e+02 1.503000000000000000e+03
7.100000000000000000e+02 1.501000000000000000e+03
7.030000000000000000e+02 1.498000000000000000e+03
6.560000000000000000e+02 1.463000000000000000e+03
4.950000000000000000e+02 1.362000000000000000e+03
7.880000000000000000e+02 1.093000000000000000e+03
7.700000000000000000e+02 1.008000000000000000e+03
7.460000000000000000e+02 1.012000000000000000e+03
7.280000000000000000e+02 1.505000000000000000e+03
4.990000000000000000e+02 1.467000000000000000e+03
8.040000000000000000e+02 1.009000000000000000e+03
7.270000000000000000e+02 1.643000000000000000e+03
8.550000000000000000e+02 1.150000000000000000e+03
8.170000000000000000e+02 1.114000000000000000e+03
8.550000000000000000e+02 1.104000000000000000e+03
7.600000000000000000e+02 1.209000000000000000e+03
8.590000000000000000e+02 1.724000000000000000e+03
8.580000000000000000e+02 1.669000000000000000e+03
7.900000000000000000e+02 1.666000000000000000e+03
6.340000000000000000e+02 1.564000000000000000e+03
6.780000000000000000e+02 1.327000000000000000e+03
6.760000000000000000e+02 1.610000000000000000e+03
5.820000000000000000e+02 1.322000000000000000e+03
6.400000000000000000e+02 1.372000000000000000e+03
5.500000000000000000e+02 1.395000000000000000e+03
7.760000000000000000e+02 1.719000000000000000e+03
7.360000000000000000e+02 1.234000000000000000e+03
6.000000000000000000e+02 1.597000000000000000e+03
6.530000000000000000e+02 1.646000000000000000e+03
6.000000000000000000e+02 1.510000000000000000e+03
4.590000000000000000e+02 1.413000000000000000e+03
5.500000000000000000e+02 1.515000000000000000e+03
4.430000000000000000e+02 1.445000000000000000e+03
6.100000000000000000e+02 1.431000000000000000e+03
7.620000000000000000e+02 1.168000000000000000e+03
7.640000000000000000e+02 1.295000000000000000e+03
7.390000000000000000e+02 1.307000000000000000e+03
7.810000000000000000e+02 1.266000000000000000e+03
7.300000000000000000e+02 9.680000000000000000e+02
6.520000000000000000e+02 9.390000000000000000e+02
5.840000000000000000e+02 9.360000000000000000e+02
5.310000000000000000e+02 9.470000000000000000e+02
4.980000000000000000e+02 9.680000000000000000e+02
4.850000000000000000e+02 1.044000000000000000e+03
3.790000000000000000e+02 1.163000000000000000e+03
5.200000000000000000e+02 1.109000000000000000e+03
5.640000000000000000e+02 1.123000000000000000e+03
6.230000000000000000e+02 1.122000000000000000e+03
6.800000000000000000e+02 1.109000000000000000e+03
7.250000000000000000e+02 1.093000000000000000e+03
7.550000000000000000e+02 1.079000000000000000e+03
3.740000000000000000e+02 1.164000000000000000e+03
7.400000000000000000e+02 1.319000000000000000e+03
7.880000000000000000e+02 1.178000000000000000e+03
7.920000000000000000e+02 1.298000000000000000e+03
8.150000000000000000e+02 1.319000000000000000e+03
7.930000000000000000e+02 1.305000000000000000e+03
7.520000000000000000e+02 1.331000000000000000e+03
8.220000000000000000e+02 1.323000000000000000e+03
8.260000000000000000e+02 1.332000000000000000e+03
7.590000000000000000e+02 1.043000000000000000e+03
7.780000000000000000e+02 1.054000000000000000e+03
7.890000000000000000e+02 1.064000000000000000e+03
5.410000000000000000e+02 1.026000000000000000e+03
5.090000000000000000e+02 1.005000000000000000e+03
8.910000000000000000e+02 1.157000000000000000e+03
1.156000000000000000e+03 1.053000000000000000e+03
8.920000000000000000e+02 1.325000000000000000e+03
1.316000000000000000e+03 8.660000000000000000e+02
1.035000000000000000e+03 1.084000000000000000e+03
1.078000000000000000e+03 1.088000000000000000e+03
1.119000000000000000e+03 1.088000000000000000e+03
1.174000000000000000e+03 1.069000000000000000e+03
9.970000000000000000e+02 1.074000000000000000e+03
1.101000000000000000e+03 9.630000000000000000e+02
1.050000000000000000e+03 9.670000000000000000e+02
1.147000000000000000e+03 9.720000000000000000e+02
1.177000000000000000e+03 9.920000000000000000e+02
1.208000000000000000e+03 1.093000000000000000e+03
1.010000000000000000e+03 1.686000000000000000e+03
1.172000000000000000e+03 1.044000000000000000e+03
1.327000000000000000e+03 1.062000000000000000e+03
1.256000000000000000e+03 1.063000000000000000e+03
1.063000000000000000e+03 1.266000000000000000e+03
8.960000000000000000e+02 1.439000000000000000e+03
8.930000000000000000e+02 1.480000000000000000e+03
9.450000000000000000e+02 1.459000000000000000e+03
9.800000000000000000e+02 1.479000000000000000e+03
9.320000000000000000e+02 1.485000000000000000e+03
9.640000000000000000e+02 1.493000000000000000e+03
1.038000000000000000e+03 1.542000000000000000e+03
8.900000000000000000e+02 1.304000000000000000e+03
8.950000000000000000e+02 1.260000000000000000e+03
1.236000000000000000e+03 9.570000000000000000e+02
9.790000000000000000e+02 1.154000000000000000e+03
9.840000000000000000e+02 1.291000000000000000e+03
9.860000000000000000e+02 1.267000000000000000e+03
1.189000000000000000e+03 1.261000000000000000e+03
8.930000000000000000e+02 1.204000000000000000e+03
1.133000000000000000e+03 9.090000000000000000e+02
1.194000000000000000e+03 9.240000000000000000e+02
1.279000000000000000e+03 7.840000000000000000e+02
9.410000000000000000e+02 9.520000000000000000e+02
1.005000000000000000e+03 9.850000000000000000e+02
1.068000000000000000e+03 1.500000000000000000e+03
1.261000000000000000e+03 1.473000000000000000e+03
9.520000000000000000e+02 1.315000000000000000e+03
9.190000000000000000e+02 1.328000000000000000e+03
1.024000000000000000e+03 1.508000000000000000e+03
1.015000000000000000e+03 1.506000000000000000e+03
1.217000000000000000e+03 8.950000000000000000e+02
9.840000000000000000e+02 1.310000000000000000e+03
1.049000000000000000e+03 9.160000000000000000e+02
1.056000000000000000e+03 8.780000000000000000e+02
1.106000000000000000e+03 6.770000000000000000e+02
1.249000000000000000e+03 8.310000000000000000e+02
1.079000000000000000e+03 7.690000000000000000e+02
1.260000000000000000e+03 9.360000000000000000e+02
1.290000000000000000e+03 8.960000000000000000e+02
8.950000000000000000e+02 1.462000000000000000e+03
9.390000000000000000e+02 1.473000000000000000e+03
9.730000000000000000e+02 1.486000000000000000e+03
9.410000000000000000e+02 1.323000000000000000e+03
1.019000000000000000e+03 1.507000000000000000e+03
9.980000000000000000e+02 1.512000000000000000e+03
1.010000000000000000e+03 1.506000000000000000e+03
9.330000000000000000e+02 1.301000000000000000e+03
9.580000000000000000e+02 1.496000000000000000e+03
9.270000000000000000e+02 1.492000000000000000e+03
8.910000000000000000e+02 1.491000000000000000e+03
9.110000000000000000e+02 1.616000000000000000e+03
9.030000000000000000e+02 1.561000000000000000e+03
9.000000000000000000e+02 1.534000000000000000e+03
8.960000000000000000e+02 1.510000000000000000e+03
8.910000000000000000e+02 1.491000000000000000e+03
9.580000000000000000e+02 1.496000000000000000e+03
9.670000000000000000e+02 1.505000000000000000e+03
9.750000000000000000e+02 1.517000000000000000e+03
9.820000000000000000e+02 1.533000000000000000e+03
1.024000000000000000e+03 1.424000000000000000e+03
1.315000000000000000e+03 1.258000000000000000e+03
9.820000000000000000e+02 1.500000000000000000e+03
9.900000000000000000e+02 1.505000000000000000e+03
9.060000000000000000e+02 1.345000000000000000e+03
9.690000000000000000e+02 1.336000000000000000e+03
9.120000000000000000e+02 1.337000000000000000e+03
1.024000000000000000e+03 1.180000000000000000e+03
1.093000000000000000e+03 1.210000000000000000e+03
9.930000000000000000e+02 1.287000000000000000e+03
1.212000000000000000e+03 7.200000000000000000e+02
1.182000000000000000e+03 7.870000000000000000e+02
1.147000000000000000e+03 8.730000000000000000e+02
1.005000000000000000e+03 1.570000000000000000e+03
9.550000000000000000e+02 8.930000000000000000e+02
9.730000000000000000e+02 7.660000000000000000e+02
9.900000000000000000e+02 6.580000000000000000e+02
1.153000000000000000e+03 1.083000000000000000e+03
1.253000000000000000e+03 1.123000000000000000e+03
9.720000000000000000e+02 1.065000000000000000e+03
1.217000000000000000e+03 1.012000000000000000e+03
9.500000000000000000e+02 1.124000000000000000e+03
9.590000000000000000e+02 1.274000000000000000e+03
1.292000000000000000e+03 1.148000000000000000e+03
1.225000000000000000e+03 1.152000000000000000e+03
1.172000000000000000e+03 1.167000000000000000e+03
1.090000000000000000e+03 1.161000000000000000e+03
1.029000000000000000e+03 1.144000000000000000e+03
9.830000000000000000e+02 1.125000000000000000e+03
8.950000000000000000e+02 1.066000000000000000e+03
1.280000000000000000e+03 1.242000000000000000e+03
1.249000000000000000e+03 1.006000000000000000e+03
8.760000000000000000e+02 1.326000000000000000e+03
9.740000000000000000e+02 1.198000000000000000e+03
1.337000000000000000e+03 1.058000000000000000e+03
9.490000000000000000e+02 1.103000000000000000e+03
9.960000000000000000e+02 1.289000000000000000e+03
1.191000000000000000e+03 1.045000000000000000e+03
9.610000000000000000e+02 1.245000000000000000e+03
1.293000000000000000e+03 1.364000000000000000e+03
9.700000000000000000e+02 1.050000000000000000e+03
9.280000000000000000e+02 1.220000000000000000e+03
1.177000000000000000e+03 1.580000000000000000e+03
1.172000000000000000e+03 1.626000000000000000e+03
1.312000000000000000e+03 1.251000000000000000e+03
1.225000000000000000e+03 1.520000000000000000e+03
1.310000000000000000e+03 9.720000000000000000e+02
1.018000000000000000e+03 1.728000000000000000e+03
8.710000000000000000e+02 1.335000000000000000e+03
1.012000000000000000e+03 1.231000000000000000e+03
1.291000000000000000e+03 1.070000000000000000e+03
1.115000000000000000e+03 1.062000000000000000e+03
1.079000000000000000e+03 1.063000000000000000e+03
1.006000000000000000e+03 1.520000000000000000e+03
1.266000000000000000e+03 1.331000000000000000e+03
9.440000000000000000e+02 1.787000000000000000e+03
1.063000000000000000e+03 1.726000000000000000e+03
1.114000000000000000e+03 1.685000000000000000e+03
1.043000000000000000e+03 1.059000000000000000e+03
1.006000000000000000e+03 1.054000000000000000e+03
9.820000000000000000e+02 1.053000000000000000e+03
1.277000000000000000e+03 9.950000000000000000e+02
1.015000000000000000e+03 1.019000000000000000e+03
1.054000000000000000e+03 1.006000000000000000e+03
1.092000000000000000e+03 1.005000000000000000e+03
1.128000000000000000e+03 1.013000000000000000e+03
1.150000000000000000e+03 1.026000000000000000e+03
1.333000000000000000e+03 9.520000000000000000e+02
1.139000000000000000e+03 1.058000000000000000e+03
9.850000000000000000e+02 1.399000000000000000e+03
9.520000000000000000e+02 1.308000000000000000e+03
9.100000000000000000e+02 1.384000000000000000e+03
1.125000000000000000e+03 1.639000000000000000e+03
1.074000000000000000e+03 1.684000000000000000e+03
9.470000000000000000e+02 1.759000000000000000e+03
1.218000000000000000e+03 1.561000000000000000e+03
9.850000000000000000e+02 1.038000000000000000e+03
9.220000000000000000e+02 1.136000000000000000e+03
1.009000000000000000e+03 1.762000000000000000e+03
1.291000000000000000e+03 1.348000000000000000e+03
9.270000000000000000e+02 1.491000000000000000e+03
9.350000000000000000e+02 1.506000000000000000e+03
9.420000000000000000e+02 1.525000000000000000e+03
9.470000000000000000e+02 1.550000000000000000e+03
9.630000000000000000e+02 1.597000000000000000e+03
9.910000000000000000e+02 1.500000000000000000e+03
9.990000000000000000e+02 1.497000000000000000e+03
1.006000000000000000e+03 1.494000000000000000e+03
1.053000000000000000e+03 1.459000000000000000e+03
1.214000000000000000e+03 1.356000000000000000e+03
9.220000000000000000e+02 1.092000000000000000e+03
9.420000000000000000e+02 1.017000000000000000e+03
9.670000000000000000e+02 1.021000000000000000e+03
9.820000000000000000e+02 1.501000000000000000e+03
1.213000000000000000e+03 1.460000000000000000e+03
9.050000000000000000e+02 1.016000000000000000e+03
9.880000000000000000e+02 1.640000000000000000e+03
8.930000000000000000e+02 1.113000000000000000e+03
9.500000000000000000e+02 1.207000000000000000e+03
9.260000000000000000e+02 1.665000000000000000e+03
1.078000000000000000e+03 1.560000000000000000e+03
1.031000000000000000e+03 1.324000000000000000e+03
1.037000000000000000e+03 1.606000000000000000e+03
1.128000000000000000e+03 1.318000000000000000e+03
1.069000000000000000e+03 1.368000000000000000e+03
1.160000000000000000e+03 1.389000000000000000e+03
9.410000000000000000e+02 1.718000000000000000e+03
9.730000000000000000e+02 1.232000000000000000e+03
1.114000000000000000e+03 1.592000000000000000e+03
1.062000000000000000e+03 1.642000000000000000e+03
1.111000000000000000e+03 1.505000000000000000e+03
1.251000000000000000e+03 1.405000000000000000e+03
1.162000000000000000e+03 1.510000000000000000e+03
1.267000000000000000e+03 1.437000000000000000e+03
1.100000000000000000e+03 1.426000000000000000e+03
9.470000000000000000e+02 1.166000000000000000e+03
9.460000000000000000e+02 1.294000000000000000e+03
9.700000000000000000e+02 1.305000000000000000e+03
9.290000000000000000e+02 1.265000000000000000e+03
9.760000000000000000e+02 9.790000000000000000e+02
1.049000000000000000e+03 9.500000000000000000e+02
1.113000000000000000e+03 9.440000000000000000e+02
1.166000000000000000e+03 9.550000000000000000e+02
1.202000000000000000e+03 9.770000000000000000e+02
1.219000000000000000e+03 1.054000000000000000e+03
1.326000000000000000e+03 1.156000000000000000e+03
1.185000000000000000e+03 1.112000000000000000e+03
1.142000000000000000e+03 1.122000000000000000e+03
1.085000000000000000e+03 1.122000000000000000e+03
1.031000000000000000e+03 1.112000000000000000e+03
9.880000000000000000e+02 1.099000000000000000e+03
9.580000000000000000e+02 1.085000000000000000e+03
1.329000000000000000e+03 1.157000000000000000e+03
9.690000000000000000e+02 1.317000000000000000e+03
9.220000000000000000e+02 1.177000000000000000e+03
9.180000000000000000e+02 1.296000000000000000e+03
8.950000000000000000e+02 1.318000000000000000e+03
9.170000000000000000e+02 1.304000000000000000e+03
9.570000000000000000e+02 1.330000000000000000e+03
8.880000000000000000e+02 1.322000000000000000e+03
8.830000000000000000e+02 1.332000000000000000e+03
9.560000000000000000e+02 1.052000000000000000e+03
9.360000000000000000e+02 1.061000000000000000e+03
9.230000000000000000e+02 1.069000000000000000e+03
1.162000000000000000e+03 1.035000000000000000e+03
1.194000000000000000e+03 1.015000000000000000e+03
6.280000000000000000e+02 1.030000000000000000e+03
6.750000000000000000e+02 1.029000000000000000e+03
6.280000000000000000e+02 9.900000000000000000e+02
5.810000000000000000e+02 1.031000000000000000e+03
6.270000000000000000e+02 1.071000000000000000e+03
1.083000000000000000e+03 1.029000000000000000e+03
1.131000000000000000e+03 1.030000000000000000e+03
1.082000000000000000e+03 9.870000000000000000e+02
1.035000000000000000e+03 1.028000000000000000e+03
1.083000000000000000e+03 1.071000000000000000e+03
0.000000000000000000e+00 0.000000000000000000e+00
1.749000000000000000e+03 0.000000000000000000e+00
1.749000000000000000e+03 2.187000000000000000e+03
0.000000000000000000e+00 2.187000000000000000e+03
8.700000000000000000e+01 0.000000000000000000e+00
8.700000000000000000e+01 2.187000000000000000e+03
0.000000000000000000e+00 1.090000000000000000e+02
1.749000000000000000e+03 1.090000000000000000e+02
1.750000000000000000e+02 0.000000000000000000e+00
1.750000000000000000e+02 2.187000000000000000e+03
0.000000000000000000e+00 2.180000000000000000e+02
1.749000000000000000e+03 2.180000000000000000e+02
2.620000000000000000e+02 0.000000000000000000e+00
2.620000000000000000e+02 2.187000000000000000e+03
0.000000000000000000e+00 3.280000000000000000e+02
1.749000000000000000e+03 3.280000000000000000e+02
3.500000000000000000e+02 0.000000000000000000e+00
3.500000000000000000e+02 2.187000000000000000e+03
0.000000000000000000e+00 4.370000000000000000e+02
1.749000000000000000e+03 4.370000000000000000e+02
4.370000000000000000e+02 0.000000000000000000e+00
4.370000000000000000e+02 2.187000000000000000e+03
0.000000000000000000e+00 5.470000000000000000e+02
1.749000000000000000e+03 5.470000000000000000e+02
5.250000000000000000e+02 0.000000000000000000e+00
5.250000000000000000e+02 2.187000000000000000e+03
0.000000000000000000e+00 6.560000000000000000e+02
1.749000000000000000e+03 6.560000000000000000e+02
6.120000000000000000e+02 0.000000000000000000e+00
6.120000000000000000e+02 2.187000000000000000e+03
0.000000000000000000e+00 7.650000000000000000e+02
1.749000000000000000e+03 7.650000000000000000e+02
7.000000000000000000e+02 0.000000000000000000e+00
7.000000000000000000e+02 2.187000000000000000e+03
0.000000000000000000e+00 8.750000000000000000e+02
1.749000000000000000e+03 8.750000000000000000e+02
7.870000000000000000e+02 0.000000000000000000e+00
7.870000000000000000e+02 2.187000000000000000e+03
0.000000000000000000e+00 9.840000000000000000e+02
1.749000000000000000e+03 9.840000000000000000e+02
8.750000000000000000e+02 0.000000000000000000e+00
8.750000000000000000e+02 2.187000000000000000e+03
0.000000000000000000e+00 1.094000000000000000e+03
1.749000000000000000e+03 1.094000000000000000e+03
9.620000000000000000e+02 0.000000000000000000e+00
9.620000000000000000e+02 2.187000000000000000e+03
0.000000000000000000e+00 1.203000000000000000e+03
1.749000000000000000e+03 1.203000000000000000e+03
1.050000000000000000e+03 0.000000000000000000e+00
1.050000000000000000e+03 2.187000000000000000e+03
0.000000000000000000e+00 1.312000000000000000e+03
1.749000000000000000e+03 1.312000000000000000e+03
1.137000000000000000e+03 0.000000000000000000e+00
1.137000000000000000e+03 2.187000000000000000e+03
0.000000000000000000e+00 1.422000000000000000e+03
1.749000000000000000e+03 1.422000000000000000e+03
1.225000000000000000e+03 0.000000000000000000e+00
1.225000000000000000e+03 2.187000000000000000e+03
0.000000000000000000e+00 1.531000000000000000e+03
1.749000000000000000e+03 1.531000000000000000e+03
1.312000000000000000e+03 0.000000000000000000e+00
1.312000000000000000e+03 2.187000000000000000e+03
0.000000000000000000e+00 1.641000000000000000e+03
1.749000000000000000e+03 1.641000000000000000e+03
1.400000000000000000e+03 0.000000000000000000e+00
1.400000000000000000e+03 2.187000000000000000e+03
0.000000000000000000e+00 1.750000000000000000e+03
1.749000000000000000e+03 1.750000000000000000e+03
1.487000000000000000e+03 0.000000000000000000e+00
1.487000000000000000e+03 2.187000000000000000e+03
0.000000000000000000e+00 1.859000000000000000e+03
1.749000000000000000e+03 1.859000000000000000e+03
1.575000000000000000e+03 0.000000000000000000e+00
1.575000000000000000e+03 2.187000000000000000e+03
0.000000000000000000e+00 1.969000000000000000e+03
1.749000000000000000e+03 1.969000000000000000e+03
1.662000000000000000e+03 0.000000000000000000e+00
1.662000000000000000e+03 2.187000000000000000e+03
0.000000000000000000e+00 2.078000000000000000e+03
1.749000000000000000e+03 2.078000000000000000e+03
