8.440000000000000000e+02 1.675000000000000000e+03
8.820000000000000000e+02 1.492000000000000000e+03
8.780000000000000000e+02 1.527000000000000000e+03
8.400000000000000000e+02 1.301000000000000000e+03
8.830000000000000000e+02 1.440000000000000000e+03
8.830000000000000000e+02 1.364000000000000000e+03
8.810000000000000000e+02 1.168000000000000000e+03
5.290000000000000000e+02 1.108000000000000000e+03
8.800000000000000000e+02 1.048000000000000000e+03
8.810000000000000000e+02 9.820000000000000000e+02
8.850000000000000000e+02 6.920000000000000000e+02
8.440000000000000000e+02 1.688000000000000000e+03
8.460000000000000000e+02 1.698000000000000000e+03
8.480000000000000000e+02 1.705000000000000000e+03
8.490000000000000000e+02 1.704000000000000000e+03
8.470000000000000000e+02 1.721000000000000000e+03
8.460000000000000000e+02 1.742000000000000000e+03
8.470000000000000000e+02 1.764000000000000000e+03
8.700000000000000000e+02 1.822000000000000000e+03
8.810000000000000000e+02 1.513000000000000000e+03
8.290000000000000000e+02 1.504000000000000000e+03
3.420000000000000000e+02 8.760000000000000000e+02
6.740000000000000000e+02 1.155000000000000000e+03
6.220000000000000000e+02 1.160000000000000000e+03
5.720000000000000000e+02 1.158000000000000000e+03
5.080000000000000000e+02 1.125000000000000000e+03
7.170000000000000000e+02 1.144000000000000000e+03
5.980000000000000000e+02 1.019000000000000000e+03
6.580000000000000000e+02 1.025000000000000000e+03
5.450000000000000000e+02 1.027000000000000000e+03
5.110000000000000000e+02 1.044000000000000000e+03
4.660000000000000000e+02 1.158000000000000000e+03
6.890000000000000000e+02 1.893000000000000000e+03
5.110000000000000000e+02 1.092000000000000000e+03
3.200000000000000000e+02 1.104000000000000000e+03
4.130000000000000000e+02 1.121000000000000000e+03
6.400000000000000000e+02 1.399000000000000000e+03
7.900000000000000000e+02 1.660000000000000000e+03
7.990000000000000000e+02 1.692000000000000000e+03
7.460000000000000000e+02 1.666000000000000000e+03
7.150000000000000000e+02 1.675000000000000000e+03
7.610000000000000000e+02 1.688000000000000000e+03
7.300000000000000000e+02 1.688000000000000000e+03
6.590000000000000000e+02 1.728000000000000000e+03
8.410000000000000000e+02 1.488000000000000000e+03
8.350000000000000000e+02 1.438000000000000000e+03
4.480000000000000000e+02 1.014000000000000000e+03
7.360000000000000000e+02 1.263000000000000000e+03
7.270000000000000000e+02 1.450000000000000000e+03
7.240000000000000000e+02 1.418000000000000000e+03
5.000000000000000000e+02 1.379000000000000000e+03
8.380000000000000000e+02 1.366000000000000000e+03
5.650000000000000000e+02 9.730000000000000000e+02
4.950000000000000000e+02 9.850000000000000000e+02
3.940000000000000000e+02 7.980000000000000000e+02
7.880000000000000000e+02 1.019000000000000000e+03
7.100000000000000000e+02 1.046000000000000000e+03
6.240000000000000000e+02 1.683000000000000000e+03
3.760000000000000000e+02 1.577000000000000000e+03
7.610000000000000000e+02 1.481000000000000000e+03
7.970000000000000000e+02 1.499000000000000000e+03
6.740000000000000000e+02 1.693000000000000000e+03
6.840000000000000000e+02 1.693000000000000000e+03
4.730000000000000000e+02 9.550000000000000000e+02
7.240000000000000000e+02 1.469000000000000000e+03
6.610000000000000000e+02 9.790000000000000000e+02
6.530000000000000000e+02 9.420000000000000000e+02
6.000000000000000000e+02 7.050000000000000000e+02
4.320000000000000000e+02 8.730000000000000000e+02
6.310000000000000000e+02 8.240000000000000000e+02
4.240000000000000000e+02 9.900000000000000000e+02
3.780000000000000000e+02 9.320000000000000000e+02
7.930000000000000000e+02 1.679000000000000000e+03
7.530000000000000000e+02 1.678000000000000000e+03
7.220000000000000000e+02 1.682000000000000000e+03
7.710000000000000000e+02 1.490000000000000000e+03
6.790000000000000000e+02 1.693000000000000000e+03
6.980000000000000000e+02 1.702000000000000000e+03
6.890000000000000000e+02 1.693000000000000000e+03
7.860000000000000000e+02 1.473000000000000000e+03
7.380000000000000000e+02 1.692000000000000000e+03
7.680000000000000000e+02 1.694000000000000000e+03
8.050000000000000000e+02 1.699000000000000000e+03
8.100000000000000000e+02 1.817000000000000000e+03
7.960000000000000000e+02 1.759000000000000000e+03
7.970000000000000000e+02 1.736000000000000000e+03
8.000000000000000000e+02 1.716000000000000000e+03
8.060000000000000000e+02 1.699000000000000000e+03
7.380000000000000000e+02 1.693000000000000000e+03
7.300000000000000000e+02 1.701000000000000000e+03
7.220000000000000000e+02 1.712000000000000000e+03
7.150000000000000000e+02 1.726000000000000000e+03
6.800000000000000000e+02 1.602000000000000000e+03
3.200000000000000000e+02 1.309000000000000000e+03
8.790000000000000000e+02 1.520000000000000000e+03
7.150000000000000000e+02 1.692000000000000000e+03
7.060000000000000000e+02 1.697000000000000000e+03
8.140000000000000000e+02 1.521000000000000000e+03
7.400000000000000000e+02 1.497000000000000000e+03
8.060000000000000000e+02 1.510000000000000000e+03
6.890000000000000000e+02 1.290000000000000000e+03
6.110000000000000000e+02 1.324000000000000000e+03
7.160000000000000000e+02 1.437000000000000000e+03
4.770000000000000000e+02 7.390000000000000000e+02
5.130000000000000000e+02 8.340000000000000000e+02
5.510000000000000000e+02 9.360000000000000000e+02
6.990000000000000000e+02 1.762000000000000000e+03
7.740000000000000000e+02 9.560000000000000000e+02
7.500000000000000000e+02 8.260000000000000000e+02
7.320000000000000000e+02 6.910000000000000000e+02
5.310000000000000000e+02 1.147000000000000000e+03
4.120000000000000000e+02 1.193000000000000000e+03
7.450000000000000000e+02 1.133000000000000000e+03
4.640000000000000000e+02 1.065000000000000000e+03
7.690000000000000000e+02 1.233000000000000000e+03
7.560000000000000000e+02 1.440000000000000000e+03
3.690000000000000000e+02 1.222000000000000000e+03
4.410000000000000000e+02 1.233000000000000000e+03
5.030000000000000000e+02 1.258000000000000000e+03
6.000000000000000000e+02 1.253000000000000000e+03
6.730000000000000000e+02 1.233000000000000000e+03
7.260000000000000000e+02 1.212000000000000000e+03
8.330000000000000000e+02 1.177000000000000000e+03
3.830000000000000000e+02 1.337000000000000000e+03
4.270000000000000000e+02 1.060000000000000000e+03
8.550000000000000000e+02 1.511000000000000000e+03
7.400000000000000000e+02 1.323000000000000000e+03
3.040000000000000000e+02 1.078000000000000000e+03
7.670000000000000000e+02 1.189000000000000000e+03
7.130000000000000000e+02 1.434000000000000000e+03
4.910000000000000000e+02 1.094000000000000000e+03
7.550000000000000000e+02 1.401000000000000000e+03
3.410000000000000000e+02 1.438000000000000000e+03
7.450000000000000000e+02 1.115000000000000000e+03
7.950000000000000000e+02 1.378000000000000000e+03
4.810000000000000000e+02 1.745000000000000000e+03
4.780000000000000000e+02 1.789000000000000000e+03
3.310000000000000000e+02 1.326000000000000000e+03
4.260000000000000000e+02 1.661000000000000000e+03
3.460000000000000000e+02 1.008000000000000000e+03
6.740000000000000000e+02 1.944000000000000000e+03
8.580000000000000000e+02 1.517000000000000000e+03
6.980000000000000000e+02 1.358000000000000000e+03
3.750000000000000000e+02 1.126000000000000000e+03
5.790000000000000000e+02 1.127000000000000000e+03
6.230000000000000000e+02 1.130000000000000000e+03
6.910000000000000000e+02 1.709000000000000000e+03
3.970000000000000000e+02 1.441000000000000000e+03
7.600000000000000000e+02 2.018000000000000000e+03
6.120000000000000000e+02 1.930000000000000000e+03
5.490000000000000000e+02 1.872000000000000000e+03
8.840000000000000000e+02 8.320000000000000000e+02
8.650000000000000000e+02 2.031000000000000000e+03
6.670000000000000000e+02 1.126000000000000000e+03
7.080000000000000000e+02 1.120000000000000000e+03
7.330000000000000000e+02 1.117000000000000000e+03
3.960000000000000000e+02 1.047000000000000000e+03
6.990000000000000000e+02 1.079000000000000000e+03
6.530000000000000000e+02 1.064000000000000000e+03
6.080000000000000000e+02 1.060000000000000000e+03
5.640000000000000000e+02 1.066000000000000000e+03
5.370000000000000000e+02 1.077000000000000000e+03
3.140000000000000000e+02 9.640000000000000000e+02
5.490000000000000000e+02 1.119000000000000000e+03
8.760000000000000000e+02 1.569000000000000000e+03
7.240000000000000000e+02 1.577000000000000000e+03
7.620000000000000000e+02 1.475000000000000000e+03
8.110000000000000000e+02 1.569000000000000000e+03
8.800000000000000000e+02 1.101000000000000000e+03
5.420000000000000000e+02 1.823000000000000000e+03
6.050000000000000000e+02 1.885000000000000000e+03
7.610000000000000000e+02 1.987000000000000000e+03
4.230000000000000000e+02 1.695000000000000000e+03
7.300000000000000000e+02 1.100000000000000000e+03
8.020000000000000000e+02 1.263000000000000000e+03
8.670000000000000000e+02 2.000000000000000000e+03
6.800000000000000000e+02 1.982000000000000000e+03
3.510000000000000000e+02 1.442000000000000000e+03
7.690000000000000000e+02 1.695000000000000000e+03
7.610000000000000000e+02 1.708000000000000000e+03
7.550000000000000000e+02 1.724000000000000000e+03
7.510000000000000000e+02 1.745000000000000000e+03
7.480000000000000000e+02 1.794000000000000000e+03
7.060000000000000000e+02 1.690000000000000000e+03
6.970000000000000000e+02 1.687000000000000000e+03
6.910000000000000000e+02 1.684000000000000000e+03
6.450000000000000000e+02 1.640000000000000000e+03
4.630000000000000000e+02 1.485000000000000000e+03
8.020000000000000000e+02 1.201000000000000000e+03
7.850000000000000000e+02 1.086000000000000000e+03
7.530000000000000000e+02 1.086000000000000000e+03
7.150000000000000000e+02 1.692000000000000000e+03
4.530000000000000000e+02 1.602000000000000000e+03
8.250000000000000000e+02 1.094000000000000000e+03
7.170000000000000000e+02 1.842000000000000000e+03
8.820000000000000000e+02 1.296000000000000000e+03
8.360000000000000000e+02 1.242000000000000000e+03
8.810000000000000000e+02 1.233000000000000000e+03
7.690000000000000000e+02 1.347000000000000000e+03
8.680000000000000000e+02 1.948000000000000000e+03
8.690000000000000000e+02 1.882000000000000000e+03
7.910000000000000000e+02 1.874000000000000000e+03
6.060000000000000000e+02 1.744000000000000000e+03
6.710000000000000000e+02 1.473000000000000000e+03
6.560000000000000000e+02 1.800000000000000000e+03
5.650000000000000000e+02 1.457000000000000000e+03
6.280000000000000000e+02 1.525000000000000000e+03
5.240000000000000000e+02 1.537000000000000000e+03
7.710000000000000000e+02 1.936000000000000000e+03
7.410000000000000000e+02 1.371000000000000000e+03
5.620000000000000000e+02 1.775000000000000000e+03
6.240000000000000000e+02 1.838000000000000000e+03
5.700000000000000000e+02 1.681000000000000000e+03
4.100000000000000000e+02 1.529000000000000000e+03
5.090000000000000000e+02 1.674000000000000000e+03
3.780000000000000000e+02 1.552000000000000000e+03
5.910000000000000000e+02 1.592000000000000000e+03
7.720000000000000000e+02 1.292000000000000000e+03
7.710000000000000000e+02 1.465000000000000000e+03
7.410000000000000000e+02 1.470000000000000000e+03
7.930000000000000000e+02 1.438000000000000000e+03
7.460000000000000000e+02 1.042000000000000000e+03
6.600000000000000000e+02 1.010000000000000000e+03
5.850000000000000000e+02 1.003000000000000000e+03
5.240000000000000000e+02 1.011000000000000000e+03
4.840000000000000000e+02 1.031000000000000000e+03
4.570000000000000000e+02 1.108000000000000000e+03
3.180000000000000000e+02 1.214000000000000000e+03
4.910000000000000000e+02 1.182000000000000000e+03
5.410000000000000000e+02 1.201000000000000000e+03
6.100000000000000000e+02 1.202000000000000000e+03
6.750000000000000000e+02 1.190000000000000000e+03
7.250000000000000000e+02 1.176000000000000000e+03
7.600000000000000000e+02 1.163000000000000000e+03
3.090000000000000000e+02 1.190000000000000000e+03
7.410000000000000000e+02 1.480000000000000000e+03
8.030000000000000000e+02 1.320000000000000000e+03
8.050000000000000000e+02 1.476000000000000000e+03
8.280000000000000000e+02 1.498000000000000000e+03
8.040000000000000000e+02 1.480000000000000000e+03
7.540000000000000000e+02 1.494000000000000000e+03
8.390000000000000000e+02 1.506000000000000000e+03
8.410000000000000000e+02 1.513000000000000000e+03
7.630000000000000000e+02 1.119000000000000000e+03
7.880000000000000000e+02 1.138000000000000000e+03
7.990000000000000000e+02 1.152000000000000000e+03
5.220000000000000000e+02 1.086000000000000000e+03
4.900000000000000000e+02 1.066000000000000000e+03
9.230000000000000000e+02 1.303000000000000000e+03
1.197000000000000000e+03 1.118000000000000000e+03
9.300000000000000000e+02 1.505000000000000000e+03
1.387000000000000000e+03 8.980000000000000000e+02
1.046000000000000000e+03 1.166000000000000000e+03
1.099000000000000000e+03 1.171000000000000000e+03
1.149000000000000000e+03 1.169000000000000000e+03
1.210000000000000000e+03 1.135000000000000000e+03
1.004000000000000000e+03 1.154000000000000000e+03
1.148000000000000000e+03 1.029000000000000000e+03
1.085000000000000000e+03 1.033000000000000000e+03
1.200000000000000000e+03 1.039000000000000000e+03
1.228000000000000000e+03 1.058000000000000000e+03
1.245000000000000000e+03 1.172000000000000000e+03
1.042000000000000000e+03 1.900000000000000000e+03
1.215000000000000000e+03 1.101000000000000000e+03
1.404000000000000000e+03 1.125000000000000000e+03
1.293000000000000000e+03 1.135000000000000000e+03
1.107000000000000000e+03 1.408000000000000000e+03
9.030000000000000000e+02 1.665000000000000000e+03
9.000000000000000000e+02 1.696000000000000000e+03
9.610000000000000000e+02 1.677000000000000000e+03
1.004000000000000000e+03 1.690000000000000000e+03
9.490000000000000000e+02 1.697000000000000000e+03
9.910000000000000000e+02 1.700000000000000000e+03
1.076000000000000000e+03 1.736000000000000000e+03
9.230000000000000000e+02 1.490000000000000000e+03
9.300000000000000000e+02 1.440000000000000000e+03
1.303000000000000000e+03 1.034000000000000000e+03
1.016000000000000000e+03 1.268000000000000000e+03
1.030000000000000000e+03 1.456000000000000000e+03
1.032000000000000000e+03 1.423000000000000000e+03
1.241000000000000000e+03 1.395000000000000000e+03
9.270000000000000000e+02 1.368000000000000000e+03
1.209000000000000000e+03 9.880000000000000000e+02
1.270000000000000000e+03 1.004000000000000000e+03
1.345000000000000000e+03 8.190000000000000000e+02
9.850000000000000000e+02 1.023000000000000000e+03
1.028000000000000000e+03 1.052000000000000000e+03
1.111000000000000000e+03 1.693000000000000000e+03
1.334000000000000000e+03 1.596000000000000000e+03
9.950000000000000000e+02 1.485000000000000000e+03
9.580000000000000000e+02 1.502000000000000000e+03
1.065000000000000000e+03 1.711000000000000000e+03
1.055000000000000000e+03 1.710000000000000000e+03
1.297000000000000000e+03 9.740000000000000000e+02
1.030000000000000000e+03 1.474000000000000000e+03
1.117000000000000000e+03 9.900000000000000000e+02
1.134000000000000000e+03 9.530000000000000000e+02
1.162000000000000000e+03 7.180000000000000000e+02
1.311000000000000000e+03 8.920000000000000000e+02
1.129000000000000000e+03 8.360000000000000000e+02
1.329000000000000000e+03 1.011000000000000000e+03
1.358000000000000000e+03 9.530000000000000000e+02
9.010000000000000000e+02 1.684000000000000000e+03
9.550000000000000000e+02 1.688000000000000000e+03
9.970000000000000000e+02 1.695000000000000000e+03
9.840000000000000000e+02 1.494000000000000000e+03
1.060000000000000000e+03 1.710000000000000000e+03
1.033000000000000000e+03 1.717000000000000000e+03
1.049000000000000000e+03 1.709000000000000000e+03
9.740000000000000000e+02 1.477000000000000000e+03
9.860000000000000000e+02 1.703000000000000000e+03
9.450000000000000000e+02 1.702000000000000000e+03
8.990000000000000000e+02 1.703000000000000000e+03
9.280000000000000000e+02 1.820000000000000000e+03
9.050000000000000000e+02 1.764000000000000000e+03
9.030000000000000000e+02 1.740000000000000000e+03
9.010000000000000000e+02 1.720000000000000000e+03
8.980000000000000000e+02 1.703000000000000000e+03
9.850000000000000000e+02 1.704000000000000000e+03
9.930000000000000000e+02 1.712000000000000000e+03
1.001000000000000000e+03 1.724000000000000000e+03
1.007000000000000000e+03 1.738000000000000000e+03
1.063000000000000000e+03 1.610000000000000000e+03
1.389000000000000000e+03 1.332000000000000000e+03
1.017000000000000000e+03 1.706000000000000000e+03
1.024000000000000000e+03 1.711000000000000000e+03
9.410000000000000000e+02 1.523000000000000000e+03
1.012000000000000000e+03 1.503000000000000000e+03
9.500000000000000000e+02 1.513000000000000000e+03
1.061000000000000000e+03 1.297000000000000000e+03
1.136000000000000000e+03 1.335000000000000000e+03
1.038000000000000000e+03 1.443000000000000000e+03
1.274000000000000000e+03 7.570000000000000000e+02
1.238000000000000000e+03 8.510000000000000000e+02
1.231000000000000000e+03 9.510000000000000000e+02
1.037000000000000000e+03 1.769000000000000000e+03
1.014000000000000000e+03 9.630000000000000000e+02
1.015000000000000000e+03 8.320000000000000000e+02
1.037000000000000000e+03 6.980000000000000000e+02
1.188000000000000000e+03 1.158000000000000000e+03
1.289000000000000000e+03 1.208000000000000000e+03
9.780000000000000000e+02 1.143000000000000000e+03
1.266000000000000000e+03 1.080000000000000000e+03
9.860000000000000000e+02 1.237000000000000000e+03
1.004000000000000000e+03 1.444000000000000000e+03
1.362000000000000000e+03 1.242000000000000000e+03
1.263000000000000000e+03 1.248000000000000000e+03
1.205000000000000000e+03 1.271000000000000000e+03
1.112000000000000000e+03 1.263000000000000000e+03
1.043000000000000000e+03 1.241000000000000000e+03
9.960000000000000000e+02 1.218000000000000000e+03
9.260000000000000000e+02 1.178000000000000000e+03
1.348000000000000000e+03 1.356000000000000000e+03
1.302000000000000000e+03 1.077000000000000000e+03
9.070000000000000000e+02 1.511000000000000000e+03
1.013000000000000000e+03 1.328000000000000000e+03
1.411000000000000000e+03 1.099000000000000000e+03
9.620000000000000000e+02 1.194000000000000000e+03
1.039000000000000000e+03 1.441000000000000000e+03
1.232000000000000000e+03 1.104000000000000000e+03
1.004000000000000000e+03 1.405000000000000000e+03
1.368000000000000000e+03 1.460000000000000000e+03
9.760000000000000000e+02 1.124000000000000000e+03
9.670000000000000000e+02 1.381000000000000000e+03
1.242000000000000000e+03 1.760000000000000000e+03
1.238000000000000000e+03 1.803000000000000000e+03
1.390000000000000000e+03 1.348000000000000000e+03
1.295000000000000000e+03 1.678000000000000000e+03
1.383000000000000000e+03 1.029000000000000000e+03
1.055000000000000000e+03 1.951000000000000000e+03
9.010000000000000000e+02 1.518000000000000000e+03
1.052000000000000000e+03 1.365000000000000000e+03
1.321000000000000000e+03 1.141000000000000000e+03
1.148000000000000000e+03 1.140000000000000000e+03
1.102000000000000000e+03 1.143000000000000000e+03
1.041000000000000000e+03 1.724000000000000000e+03
1.332000000000000000e+03 1.460000000000000000e+03
9.680000000000000000e+02 2.021000000000000000e+03
1.111000000000000000e+03 1.938000000000000000e+03
1.171000000000000000e+03 1.883000000000000000e+03
1.057000000000000000e+03 1.139000000000000000e+03
1.015000000000000000e+03 1.131000000000000000e+03
9.880000000000000000e+02 1.128000000000000000e+03
1.327000000000000000e+03 1.064000000000000000e+03
1.026000000000000000e+03 1.082000000000000000e+03
1.075000000000000000e+03 1.064000000000000000e+03
1.126000000000000000e+03 1.060000000000000000e+03
1.171000000000000000e+03 1.068000000000000000e+03
1.195000000000000000e+03 1.081000000000000000e+03
1.407000000000000000e+03 9.850000000000000000e+02
1.178000000000000000e+03 1.130000000000000000e+03
1.023000000000000000e+03 1.582000000000000000e+03
9.950000000000000000e+02 1.479000000000000000e+03
9.410000000000000000e+02 1.571000000000000000e+03
1.182000000000000000e+03 1.835000000000000000e+03
1.123000000000000000e+03 1.894000000000000000e+03
9.700000000000000000e+02 1.990000000000000000e+03
1.289000000000000000e+03 1.711000000000000000e+03
9.920000000000000000e+02 1.108000000000000000e+03
9.570000000000000000e+02 1.266000000000000000e+03
1.045000000000000000e+03 1.987000000000000000e+03
1.368000000000000000e+03 1.463000000000000000e+03
9.440000000000000000e+02 1.702000000000000000e+03
9.510000000000000000e+02 1.716000000000000000e+03
9.560000000000000000e+02 1.733000000000000000e+03
9.600000000000000000e+02 1.754000000000000000e+03
9.880000000000000000e+02 1.799000000000000000e+03
1.026000000000000000e+03 1.704000000000000000e+03
1.033000000000000000e+03 1.702000000000000000e+03
1.039000000000000000e+03 1.700000000000000000e+03
1.094000000000000000e+03 1.649000000000000000e+03
1.271000000000000000e+03 1.501000000000000000e+03
9.560000000000000000e+02 1.204000000000000000e+03
9.560000000000000000e+02 1.091000000000000000e+03
9.790000000000000000e+02 1.093000000000000000e+03
1.018000000000000000e+03 1.706000000000000000e+03
1.275000000000000000e+03 1.618000000000000000e+03
9.270000000000000000e+02 1.097000000000000000e+03
1.017000000000000000e+03 1.848000000000000000e+03
9.260000000000000000e+02 1.243000000000000000e+03
9.880000000000000000e+02 1.352000000000000000e+03
9.440000000000000000e+02 1.876000000000000000e+03
1.126000000000000000e+03 1.754000000000000000e+03
1.077000000000000000e+03 1.481000000000000000e+03
1.076000000000000000e+03 1.807000000000000000e+03
1.178000000000000000e+03 1.470000000000000000e+03
1.115000000000000000e+03 1.535000000000000000e+03
1.213000000000000000e+03 1.551000000000000000e+03
9.610000000000000000e+02 1.939000000000000000e+03
1.014000000000000000e+03 1.376000000000000000e+03
1.167000000000000000e+03 1.786000000000000000e+03
1.107000000000000000e+03 1.847000000000000000e+03
1.163000000000000000e+03 1.693000000000000000e+03
1.317000000000000000e+03 1.547000000000000000e+03
1.221000000000000000e+03 1.688000000000000000e+03
1.341000000000000000e+03 1.571000000000000000e+03
1.147000000000000000e+03 1.604000000000000000e+03
9.850000000000000000e+02 1.296000000000000000e+03
9.890000000000000000e+02 1.469000000000000000e+03
1.016000000000000000e+03 1.475000000000000000e+03
9.710000000000000000e+02 1.441000000000000000e+03
1.005000000000000000e+03 1.047000000000000000e+03
1.096000000000000000e+03 1.019000000000000000e+03
1.173000000000000000e+03 1.017000000000000000e+03
1.231000000000000000e+03 1.028000000000000000e+03
1.261000000000000000e+03 1.049000000000000000e+03
1.258000000000000000e+03 1.121000000000000000e+03
1.404000000000000000e+03 1.235000000000000000e+03
1.221000000000000000e+03 1.196000000000000000e+03
1.173000000000000000e+03 1.213000000000000000e+03
1.106000000000000000e+03 1.213000000000000000e+03
1.042000000000000000e+03 1.199000000000000000e+03
9.960000000000000000e+02 1.184000000000000000e+03
9.660000000000000000e+02 1.169000000000000000e+03
1.401000000000000000e+03 1.213000000000000000e+03
1.013000000000000000e+03 1.485000000000000000e+03
9.580000000000000000e+02 1.323000000000000000e+03
9.570000000000000000e+02 1.478000000000000000e+03
9.330000000000000000e+02 1.500000000000000000e+03
9.570000000000000000e+02 1.483000000000000000e+03
1.000000000000000000e+03 1.498000000000000000e+03
9.230000000000000000e+02 1.507000000000000000e+03
9.170000000000000000e+02 1.513000000000000000e+03
9.620000000000000000e+02 1.128000000000000000e+03
9.440000000000000000e+02 1.143000000000000000e+03
9.380000000000000000e+02 1.157000000000000000e+03
1.207000000000000000e+03 1.092000000000000000e+03
1.241000000000000000e+03 1.078000000000000000e+03
6.070000000000000000e+02 1.097000000000000000e+03
6.600000000000000000e+02 1.097000000000000000e+03
6.070000000000000000e+02 1.052000000000000000e+03
5.540000000000000000e+02 1.097000000000000000e+03
6.060000000000000000e+02 1.142000000000000000e+03
1.110000000000000000e+03 1.098000000000000000e+03
1.164000000000000000e+03 1.100000000000000000e+03
1.113000000000000000e+03 1.053000000000000000e+03
1.055000000000000000e+03 1.097000000000000000e+03
1.108000000000000000e+03 1.145000000000000000e+03
0.000000000000000000e+00 0.000000000000000000e+00
1.749000000000000000e+03 0.000000000000000000e+00
1.749000000000000000e+03 2.187000000000000000e+03
0.000000000000000000e+00 2.187000000000000000e+03
8.700000000000000000e+01 0.000000000000000000e+00
8.700000000000000000e+01 2.187000000000000000e+03
0.000000000000000000e+00 1.090000000000000000e+02
1.749000000000000000e+03 1.090000000000000000e+02
1.750000000000000000e+02 0.000000000000000000e+00
1.750000000000000000e+02 2.187000000000000000e+03
0.000000000000000000e+00 2.180000000000000000e+02
1.749000000000000000e+03 2.180000000000000000e+02
2.620000000000000000e+02 0.000000000000000000e+00
2.620000000000000000e+02 2.187000000000000000e+03
0.000000000000000000e+00 3.280000000000000000e+02
1.749000000000000000e+03 3.280000000000000000e+02
3.500000000000000000e+02 0.000000000000000000e+00
3.500000000000000000e+02 2.187000000000000000e+03
0.000000000000000000e+00 4.370000000000000000e+02
1.749000000000000000e+03 4.370000000000000000e+02
4.370000000000000000e+02 0.000000000000000000e+00
4.370000000000000000e+02 2.187000000000000000e+03
0.000000000000000000e+00 5.470000000000000000e+02
1.749000000000000000e+03 5.470000000000000000e+02
5.250000000000000000e+02 0.000000000000000000e+00
5.250000000000000000e+02 2.187000000000000000e+03
0.000000000000000000e+00 6.560000000000000000e+02
1.749000000000000000e+03 6.560000000000000000e+02
6.120000000000000000e+02 0.000000000000000000e+00
6.120000000000000000e+02 2.187000000000000000e+03
0.000000000000000000e+00 7.650000000000000000e+02
1.749000000000000000e+03 7.650000000000000000e+02
7.000000000000000000e+02 0.000000000000000000e+00
7.000000000000000000e+02 2.187000000000000000e+03
0.000000000000000000e+00 8.750000000000000000e+02
1.749000000000000000e+03 8.750000000000000000e+02
7.870000000000000000e+02 0.000000000000000000e+00
7.870000000000000000e+02 2.187000000000000000e+03
0.000000000000000000e+00 9.840000000000000000e+02
1.749000000000000000e+03 9.840000000000000000e+02
8.750000000000000000e+02 0.000000000000000000e+00
8.750000000000000000e+02 2.187000000000000000e+03
0.000000000000000000e+00 1.094000000000000000e+03
1.749000000000000000e+03 1.094000000000000000e+03
9.620000000000000000e+02 0.000000000000000000e+00
9.620000000000000000e+02 2.187000000000000000e+03
0.000000000000000000e+00 1.203000000000000000e+03
1.749000000000000000e+03 1.203000000000000000e+03
1.050000000000000000e+03 0.000000000000000000e+00
1.050000000000000000e+03 2.187000000000000000e+03
0.000000000000000000e+00 1.312000000000000000e+03
1.749000000000000000e+03 1.312000000000000000e+03
1.137000000000000000e+03 0.000000000000000000e+00
1.137000000000000000e+03 2.187000000000000000e+03
0.000000000000000000e+00 1.422000000000000000e+03
1.749000000000000000e+03 1.422000000000000000e+03
1.225000000000000000e+03 0.000000000000000000e+00
1.225000000000000000e+03 2.187000000000000000e+03
0.000000000000000000e+00 1.531000000000000000e+03
1.749000000000000000e+03 1.531000000000000000e+03
1.312000000000000000e+03 0.000000000000000000e+00
1.312000000000000000e+03 2.187000000000000000e+03
0.000000000000000000e+00 1.641000000000000000e+03
1.749000000000000000e+03 1.641000000000000000e+03
1.400000000000000000e+03 0.000000000000000000e+00
1.400000000000000000e+03 2.187000000000000000e+03
0.000000000000000000e+00 1.750000000000000000e+03
1.749000000000000000e+03 1.750000000000000000e+03
1.487000000000000000e+03 0.000000000000000000e+00
1.487000000000000000e+03 2.187000000000000000e+03
0.000000000000000000e+00 1.859000000000000000e+03
1.749000000000000000e+03 1.859000000000000000e+03
1.575000000000000000e+03 0.000000000000000000e+00
1.575000000000000000e+03 2.187000000000000000e+03
0.000000000000000000e+00 1.969000000000000000e+03
1.749000000000000000e+03 1.969000000000000000e+03
1.662000000000000000e+03 0.000000000000000000e+00
1.662000000000000000e+03 2.187000000000000000e+03
0.000000000000000000e+00 2.078000000000000000e+03
1.749000000000000000e+03 2.078000000000000000e+03
