8.500000000000000000e+02 1.624000000000000000e+03
8.270000000000000000e+02 1.451000000000000000e+03
8.330000000000000000e+02 1.488000000000000000e+03
7.920000000000000000e+02 1.280000000000000000e+03
8.260000000000000000e+02 1.402000000000000000e+03
8.280000000000000000e+02 1.333000000000000000e+03
8.340000000000000000e+02 1.162000000000000000e+03
5.320000000000000000e+02 1.121000000000000000e+03
8.340000000000000000e+02 1.051000000000000000e+03
8.330000000000000000e+02 9.920000000000000000e+02
8.320000000000000000e+02 7.540000000000000000e+02
8.500000000000000000e+02 1.639000000000000000e+03
8.500000000000000000e+02 1.653000000000000000e+03
8.510000000000000000e+02 1.663000000000000000e+03
8.510000000000000000e+02 1.662000000000000000e+03
8.500000000000000000e+02 1.687000000000000000e+03
8.500000000000000000e+02 1.718000000000000000e+03
8.490000000000000000e+02 1.748000000000000000e+03
8.410000000000000000e+02 1.799000000000000000e+03
8.290000000000000000e+02 1.472000000000000000e+03
7.850000000000000000e+02 1.466000000000000000e+03
3.800000000000000000e+02 9.470000000000000000e+02
6.600000000000000000e+02 1.167000000000000000e+03
6.170000000000000000e+02 1.173000000000000000e+03
5.740000000000000000e+02 1.171000000000000000e+03
5.160000000000000000e+02 1.134000000000000000e+03
6.940000000000000000e+02 1.158000000000000000e+03
5.820000000000000000e+02 1.036000000000000000e+03
6.330000000000000000e+02 1.043000000000000000e+03
5.370000000000000000e+02 1.043000000000000000e+03
5.100000000000000000e+02 1.060000000000000000e+03
4.830000000000000000e+02 1.167000000000000000e+03
6.730000000000000000e+02 1.853000000000000000e+03
5.140000000000000000e+02 1.102000000000000000e+03
3.620000000000000000e+02 1.145000000000000000e+03
4.320000000000000000e+02 1.129000000000000000e+03
6.170000000000000000e+02 1.380000000000000000e+03
7.920000000000000000e+02 1.609000000000000000e+03
7.980000000000000000e+02 1.646000000000000000e+03
7.400000000000000000e+02 1.613000000000000000e+03
7.050000000000000000e+02 1.621000000000000000e+03
7.550000000000000000e+02 1.640000000000000000e+03
7.220000000000000000e+02 1.637000000000000000e+03
6.350000000000000000e+02 1.685000000000000000e+03
7.890000000000000000e+02 1.448000000000000000e+03
7.820000000000000000e+02 1.401000000000000000e+03
4.510000000000000000e+02 1.029000000000000000e+03
7.080000000000000000e+02 1.258000000000000000e+03
6.900000000000000000e+02 1.419000000000000000e+03
6.880000000000000000e+02 1.391000000000000000e+03
4.930000000000000000e+02 1.367000000000000000e+03
7.870000000000000000e+02 1.337000000000000000e+03
5.490000000000000000e+02 9.960000000000000000e+02
4.890000000000000000e+02 1.004000000000000000e+03
4.180000000000000000e+02 8.720000000000000000e+02
7.420000000000000000e+02 1.049000000000000000e+03
6.780000000000000000e+02 1.064000000000000000e+03
6.010000000000000000e+02 1.633000000000000000e+03
4.120000000000000000e+02 1.587000000000000000e+03
7.220000000000000000e+02 1.448000000000000000e+03
7.570000000000000000e+02 1.464000000000000000e+03
6.600000000000000000e+02 1.634000000000000000e+03
6.700000000000000000e+02 1.636000000000000000e+03
4.660000000000000000e+02 9.720000000000000000e+02
6.880000000000000000e+02 1.437000000000000000e+03
6.310000000000000000e+02 1.009000000000000000e+03
6.220000000000000000e+02 9.730000000000000000e+02
5.830000000000000000e+02 7.760000000000000000e+02
4.440000000000000000e+02 9.270000000000000000e+02
6.070000000000000000e+02 8.710000000000000000e+02
4.260000000000000000e+02 1.003000000000000000e+03
4.040000000000000000e+02 9.850000000000000000e+02
7.940000000000000000e+02 1.630000000000000000e+03
7.480000000000000000e+02 1.628000000000000000e+03
7.130000000000000000e+02 1.629000000000000000e+03
7.320000000000000000e+02 1.456000000000000000e+03
6.650000000000000000e+02 1.635000000000000000e+03
6.860000000000000000e+02 1.652000000000000000e+03
6.760000000000000000e+02 1.637000000000000000e+03
7.430000000000000000e+02 1.439000000000000000e+03
7.290000000000000000e+02 1.644000000000000000e+03
7.620000000000000000e+02 1.649000000000000000e+03
8.030000000000000000e+02 1.656000000000000000e+03
7.780000000000000000e+02 1.794000000000000000e+03
7.900000000000000000e+02 1.741000000000000000e+03
7.930000000000000000e+02 1.710000000000000000e+03
7.980000000000000000e+02 1.680000000000000000e+03
8.030000000000000000e+02 1.656000000000000000e+03
7.290000000000000000e+02 1.645000000000000000e+03
7.200000000000000000e+02 1.656000000000000000e+03
7.100000000000000000e+02 1.671000000000000000e+03
7.010000000000000000e+02 1.689000000000000000e+03
6.470000000000000000e+02 1.559000000000000000e+03
3.690000000000000000e+02 1.343000000000000000e+03
8.310000000000000000e+02 1.480000000000000000e+03
7.040000000000000000e+02 1.641000000000000000e+03
6.950000000000000000e+02 1.646000000000000000e+03
7.720000000000000000e+02 1.483000000000000000e+03
7.040000000000000000e+02 1.464000000000000000e+03
7.650000000000000000e+02 1.474000000000000000e+03
6.650000000000000000e+02 1.283000000000000000e+03
5.940000000000000000e+02 1.314000000000000000e+03
6.810000000000000000e+02 1.410000000000000000e+03
4.810000000000000000e+02 8.130000000000000000e+02
5.090000000000000000e+02 8.870000000000000000e+02
5.320000000000000000e+02 9.590000000000000000e+02
6.700000000000000000e+02 1.727000000000000000e+03
7.260000000000000000e+02 9.920000000000000000e+02
7.120000000000000000e+02 8.680000000000000000e+02
6.960000000000000000e+02 7.580000000000000000e+02
5.370000000000000000e+02 1.158000000000000000e+03
4.390000000000000000e+02 1.200000000000000000e+03
7.140000000000000000e+02 1.148000000000000000e+03
4.720000000000000000e+02 1.079000000000000000e+03
7.380000000000000000e+02 1.230000000000000000e+03
7.150000000000000000e+02 1.408000000000000000e+03
3.910000000000000000e+02 1.239000000000000000e+03
4.700000000000000000e+02 1.240000000000000000e+03
5.260000000000000000e+02 1.263000000000000000e+03
6.090000000000000000e+02 1.256000000000000000e+03
6.670000000000000000e+02 1.236000000000000000e+03
7.080000000000000000e+02 1.217000000000000000e+03
7.920000000000000000e+02 1.172000000000000000e+03
3.970000000000000000e+02 1.339000000000000000e+03
4.380000000000000000e+02 1.072000000000000000e+03
8.050000000000000000e+02 1.470000000000000000e+03
7.080000000000000000e+02 1.310000000000000000e+03
3.570000000000000000e+02 1.134000000000000000e+03
7.400000000000000000e+02 1.198000000000000000e+03
6.790000000000000000e+02 1.409000000000000000e+03
4.980000000000000000e+02 1.104000000000000000e+03
7.150000000000000000e+02 1.373000000000000000e+03
3.840000000000000000e+02 1.461000000000000000e+03
7.120000000000000000e+02 1.132000000000000000e+03
7.500000000000000000e+02 1.350000000000000000e+03
4.910000000000000000e+02 1.720000000000000000e+03
4.980000000000000000e+02 1.770000000000000000e+03
3.620000000000000000e+02 1.344000000000000000e+03
4.400000000000000000e+02 1.649000000000000000e+03
3.820000000000000000e+02 1.057000000000000000e+03
6.650000000000000000e+02 1.901000000000000000e+03
8.110000000000000000e+02 1.478000000000000000e+03
6.700000000000000000e+02 1.343000000000000000e+03
3.970000000000000000e+02 1.132000000000000000e+03
5.770000000000000000e+02 1.145000000000000000e+03
6.160000000000000000e+02 1.148000000000000000e+03
6.780000000000000000e+02 1.660000000000000000e+03
4.050000000000000000e+02 1.436000000000000000e+03
7.490000000000000000e+02 1.972000000000000000e+03
6.160000000000000000e+02 1.891000000000000000e+03
5.610000000000000000e+02 1.841000000000000000e+03
8.310000000000000000e+02 8.700000000000000000e+02
8.480000000000000000e+02 1.986000000000000000e+03
6.510000000000000000e+02 1.143000000000000000e+03
6.840000000000000000e+02 1.136000000000000000e+03
7.040000000000000000e+02 1.134000000000000000e+03
4.080000000000000000e+02 1.056000000000000000e+03
6.710000000000000000e+02 1.089000000000000000e+03
6.310000000000000000e+02 1.070000000000000000e+03
5.910000000000000000e+02 1.066000000000000000e+03
5.540000000000000000e+02 1.073000000000000000e+03
5.330000000000000000e+02 1.085000000000000000e+03
3.610000000000000000e+02 1.029000000000000000e+03
5.500000000000000000e+02 1.135000000000000000e+03
8.340000000000000000e+02 1.528000000000000000e+03
6.880000000000000000e+02 1.536000000000000000e+03
7.220000000000000000e+02 1.442000000000000000e+03
7.700000000000000000e+02 1.528000000000000000e+03
8.350000000000000000e+02 1.104000000000000000e+03
5.470000000000000000e+02 1.788000000000000000e+03
6.030000000000000000e+02 1.844000000000000000e+03
7.450000000000000000e+02 1.943000000000000000e+03
4.520000000000000000e+02 1.691000000000000000e+03
6.980000000000000000e+02 1.116000000000000000e+03
7.630000000000000000e+02 1.251000000000000000e+03
8.460000000000000000e+02 1.957000000000000000e+03
6.760000000000000000e+02 1.938000000000000000e+03
3.760000000000000000e+02 1.451000000000000000e+03
7.620000000000000000e+02 1.650000000000000000e+03
7.530000000000000000e+02 1.668000000000000000e+03
7.450000000000000000e+02 1.692000000000000000e+03
7.400000000000000000e+02 1.720000000000000000e+03
7.160000000000000000e+02 1.766000000000000000e+03
6.950000000000000000e+02 1.636000000000000000e+03
6.860000000000000000e+02 1.632000000000000000e+03
6.790000000000000000e+02 1.627000000000000000e+03
6.170000000000000000e+02 1.592000000000000000e+03
4.600000000000000000e+02 1.468000000000000000e+03
7.660000000000000000e+02 1.198000000000000000e+03
7.430000000000000000e+02 1.106000000000000000e+03
7.150000000000000000e+02 1.105000000000000000e+03
7.040000000000000000e+02 1.640000000000000000e+03
4.560000000000000000e+02 1.584000000000000000e+03
7.800000000000000000e+02 1.115000000000000000e+03
6.940000000000000000e+02 1.806000000000000000e+03
8.300000000000000000e+02 1.274000000000000000e+03
7.920000000000000000e+02 1.229000000000000000e+03
8.320000000000000000e+02 1.220000000000000000e+03
7.310000000000000000e+02 1.327000000000000000e+03
8.440000000000000000e+02 1.908000000000000000e+03
8.420000000000000000e+02 1.849000000000000000e+03
7.650000000000000000e+02 1.840000000000000000e+03
5.940000000000000000e+02 1.701000000000000000e+03
6.440000000000000000e+02 1.446000000000000000e+03
6.390000000000000000e+02 1.759000000000000000e+03
5.500000000000000000e+02 1.436000000000000000e+03
6.060000000000000000e+02 1.494000000000000000e+03
5.160000000000000000e+02 1.510000000000000000e+03
7.500000000000000000e+02 1.896000000000000000e+03
7.060000000000000000e+02 1.351000000000000000e+03
5.590000000000000000e+02 1.736000000000000000e+03
6.140000000000000000e+02 1.797000000000000000e+03
5.590000000000000000e+02 1.637000000000000000e+03
4.170000000000000000e+02 1.519000000000000000e+03
5.070000000000000000e+02 1.642000000000000000e+03
3.990000000000000000e+02 1.552000000000000000e+03
5.740000000000000000e+02 1.553000000000000000e+03
7.360000000000000000e+02 1.280000000000000000e+03
7.290000000000000000e+02 1.431000000000000000e+03
7.030000000000000000e+02 1.437000000000000000e+03
7.460000000000000000e+02 1.403000000000000000e+03
7.070000000000000000e+02 1.066000000000000000e+03
6.340000000000000000e+02 1.034000000000000000e+03
5.700000000000000000e+02 1.025000000000000000e+03
5.190000000000000000e+02 1.031000000000000000e+03
4.860000000000000000e+02 1.049000000000000000e+03
4.700000000000000000e+02 1.117000000000000000e+03
3.560000000000000000e+02 1.243000000000000000e+03
5.080000000000000000e+02 1.191000000000000000e+03
5.540000000000000000e+02 1.210000000000000000e+03
6.120000000000000000e+02 1.210000000000000000e+03
6.650000000000000000e+02 1.198000000000000000e+03
7.030000000000000000e+02 1.184000000000000000e+03
7.300000000000000000e+02 1.174000000000000000e+03
3.630000000000000000e+02 1.236000000000000000e+03
7.040000000000000000e+02 1.447000000000000000e+03
7.600000000000000000e+02 1.300000000000000000e+03
7.580000000000000000e+02 1.439000000000000000e+03
7.820000000000000000e+02 1.461000000000000000e+03
7.600000000000000000e+02 1.444000000000000000e+03
7.160000000000000000e+02 1.460000000000000000e+03
7.910000000000000000e+02 1.466000000000000000e+03
7.960000000000000000e+02 1.474000000000000000e+03
7.260000000000000000e+02 1.137000000000000000e+03
7.500000000000000000e+02 1.152000000000000000e+03
7.630000000000000000e+02 1.167000000000000000e+03
5.220000000000000000e+02 1.094000000000000000e+03
4.950000000000000000e+02 1.079000000000000000e+03
8.700000000000000000e+02 1.281000000000000000e+03
1.165000000000000000e+03 1.123000000000000000e+03
8.780000000000000000e+02 1.467000000000000000e+03
1.335000000000000000e+03 9.450000000000000000e+02
1.036000000000000000e+03 1.165000000000000000e+03
1.077000000000000000e+03 1.170000000000000000e+03
1.120000000000000000e+03 1.171000000000000000e+03
1.183000000000000000e+03 1.138000000000000000e+03
1.003000000000000000e+03 1.157000000000000000e+03
1.103000000000000000e+03 1.039000000000000000e+03
1.053000000000000000e+03 1.046000000000000000e+03
1.149000000000000000e+03 1.046000000000000000e+03
1.180000000000000000e+03 1.062000000000000000e+03
1.218000000000000000e+03 1.171000000000000000e+03
1.023000000000000000e+03 1.862000000000000000e+03
1.185000000000000000e+03 1.106000000000000000e+03
1.359000000000000000e+03 1.152000000000000000e+03
1.271000000000000000e+03 1.137000000000000000e+03
1.066000000000000000e+03 1.383000000000000000e+03
9.090000000000000000e+02 1.614000000000000000e+03
9.040000000000000000e+02 1.650000000000000000e+03
9.640000000000000000e+02 1.624000000000000000e+03
1.002000000000000000e+03 1.633000000000000000e+03
9.490000000000000000e+02 1.649000000000000000e+03
9.860000000000000000e+02 1.649000000000000000e+03
1.059000000000000000e+03 1.692000000000000000e+03
8.670000000000000000e+02 1.449000000000000000e+03
8.720000000000000000e+02 1.401000000000000000e+03
1.231000000000000000e+03 1.033000000000000000e+03
9.720000000000000000e+02 1.259000000000000000e+03
9.810000000000000000e+02 1.422000000000000000e+03
9.850000000000000000e+02 1.393000000000000000e+03
1.200000000000000000e+03 1.372000000000000000e+03
8.700000000000000000e+02 1.337000000000000000e+03
1.119000000000000000e+03 9.970000000000000000e+02
1.184000000000000000e+03 1.006000000000000000e+03
1.284000000000000000e+03 8.690000000000000000e+02
9.280000000000000000e+02 1.051000000000000000e+03
1.011000000000000000e+03 1.067000000000000000e+03
1.093000000000000000e+03 1.641000000000000000e+03
1.331000000000000000e+03 1.602000000000000000e+03
9.470000000000000000e+02 1.451000000000000000e+03
9.110000000000000000e+02 1.466000000000000000e+03
1.056000000000000000e+03 1.649000000000000000e+03
1.045000000000000000e+03 1.650000000000000000e+03
1.206000000000000000e+03 9.750000000000000000e+02
9.850000000000000000e+02 1.440000000000000000e+03
1.034000000000000000e+03 1.010000000000000000e+03
1.039000000000000000e+03 9.730000000000000000e+02
1.092000000000000000e+03 7.720000000000000000e+02
1.247000000000000000e+03 9.250000000000000000e+02
1.062000000000000000e+03 8.680000000000000000e+02
1.258000000000000000e+03 1.009000000000000000e+03
1.299000000000000000e+03 9.860000000000000000e+02
9.070000000000000000e+02 1.635000000000000000e+03
9.570000000000000000e+02 1.637000000000000000e+03
9.940000000000000000e+02 1.641000000000000000e+03
9.370000000000000000e+02 1.459000000000000000e+03
1.050000000000000000e+03 1.650000000000000000e+03
1.026000000000000000e+03 1.666000000000000000e+03
1.039000000000000000e+03 1.651000000000000000e+03
9.210000000000000000e+02 1.441000000000000000e+03
9.790000000000000000e+02 1.655000000000000000e+03
9.430000000000000000e+02 1.657000000000000000e+03
9.000000000000000000e+02 1.660000000000000000e+03
9.070000000000000000e+02 1.796000000000000000e+03
9.090000000000000000e+02 1.745000000000000000e+03
9.070000000000000000e+02 1.714000000000000000e+03
9.040000000000000000e+02 1.684000000000000000e+03
8.990000000000000000e+02 1.660000000000000000e+03
9.790000000000000000e+02 1.655000000000000000e+03
9.880000000000000000e+02 1.667000000000000000e+03
9.980000000000000000e+02 1.682000000000000000e+03
1.006000000000000000e+03 1.700000000000000000e+03
1.036000000000000000e+03 1.564000000000000000e+03
1.374000000000000000e+03 1.355000000000000000e+03
1.007000000000000000e+03 1.654000000000000000e+03
1.016000000000000000e+03 1.659000000000000000e+03
8.960000000000000000e+02 1.484000000000000000e+03
9.710000000000000000e+02 1.467000000000000000e+03
9.040000000000000000e+02 1.475000000000000000e+03
1.018000000000000000e+03 1.284000000000000000e+03
1.092000000000000000e+03 1.317000000000000000e+03
9.940000000000000000e+02 1.413000000000000000e+03
1.207000000000000000e+03 8.090000000000000000e+02
1.171000000000000000e+03 8.840000000000000000e+02
1.132000000000000000e+03 9.600000000000000000e+02
1.020000000000000000e+03 1.734000000000000000e+03
9.380000000000000000e+02 9.920000000000000000e+02
9.540000000000000000e+02 8.660000000000000000e+02
9.720000000000000000e+02 7.560000000000000000e+02
1.159000000000000000e+03 1.160000000000000000e+03
1.268000000000000000e+03 1.206000000000000000e+03
9.810000000000000000e+02 1.150000000000000000e+03
1.221000000000000000e+03 1.083000000000000000e+03
9.400000000000000000e+02 1.230000000000000000e+03
9.500000000000000000e+02 1.410000000000000000e+03
1.316000000000000000e+03 1.247000000000000000e+03
1.231000000000000000e+03 1.243000000000000000e+03
1.168000000000000000e+03 1.264000000000000000e+03
1.083000000000000000e+03 1.256000000000000000e+03
1.024000000000000000e+03 1.235000000000000000e+03
9.820000000000000000e+02 1.216000000000000000e+03
8.780000000000000000e+02 1.172000000000000000e+03
1.310000000000000000e+03 1.348000000000000000e+03
1.255000000000000000e+03 1.079000000000000000e+03
8.540000000000000000e+02 1.471000000000000000e+03
9.700000000000000000e+02 1.311000000000000000e+03
1.378000000000000000e+03 1.139000000000000000e+03
9.480000000000000000e+02 1.196000000000000000e+03
1.000000000000000000e+03 1.412000000000000000e+03
1.201000000000000000e+03 1.108000000000000000e+03
9.530000000000000000e+02 1.375000000000000000e+03
1.361000000000000000e+03 1.474000000000000000e+03
9.850000000000000000e+02 1.134000000000000000e+03
9.120000000000000000e+02 1.351000000000000000e+03
1.227000000000000000e+03 1.737000000000000000e+03
1.230000000000000000e+03 1.788000000000000000e+03
1.363000000000000000e+03 1.356000000000000000e+03
1.283000000000000000e+03 1.665000000000000000e+03
1.331000000000000000e+03 1.060000000000000000e+03
1.035000000000000000e+03 1.912000000000000000e+03
8.500000000000000000e+02 1.478000000000000000e+03
1.011000000000000000e+03 1.345000000000000000e+03
1.314000000000000000e+03 1.142000000000000000e+03
1.116000000000000000e+03 1.142000000000000000e+03
1.078000000000000000e+03 1.143000000000000000e+03
1.034000000000000000e+03 1.674000000000000000e+03
1.306000000000000000e+03 1.446000000000000000e+03
9.490000000000000000e+02 1.978000000000000000e+03
1.096000000000000000e+03 1.906000000000000000e+03
1.160000000000000000e+03 1.857000000000000000e+03
1.044000000000000000e+03 1.139000000000000000e+03
1.013000000000000000e+03 1.135000000000000000e+03
9.940000000000000000e+02 1.135000000000000000e+03
1.290000000000000000e+03 1.064000000000000000e+03
1.025000000000000000e+03 1.095000000000000000e+03
1.061000000000000000e+03 1.076000000000000000e+03
1.100000000000000000e+03 1.072000000000000000e+03
1.138000000000000000e+03 1.078000000000000000e+03
1.161000000000000000e+03 1.089000000000000000e+03
1.364000000000000000e+03 1.030000000000000000e+03
1.144000000000000000e+03 1.135000000000000000e+03
9.900000000000000000e+02 1.539000000000000000e+03
9.460000000000000000e+02 1.444000000000000000e+03
9.010000000000000000e+02 1.529000000000000000e+03
1.165000000000000000e+03 1.805000000000000000e+03
1.104000000000000000e+03 1.860000000000000000e+03
9.490000000000000000e+02 1.949000000000000000e+03
1.285000000000000000e+03 1.708000000000000000e+03
9.980000000000000000e+02 1.120000000000000000e+03
9.070000000000000000e+02 1.252000000000000000e+03
1.028000000000000000e+03 1.949000000000000000e+03
1.351000000000000000e+03 1.465000000000000000e+03
9.420000000000000000e+02 1.657000000000000000e+03
9.510000000000000000e+02 1.676000000000000000e+03
9.580000000000000000e+02 1.700000000000000000e+03
9.630000000000000000e+02 1.728000000000000000e+03
9.710000000000000000e+02 1.771000000000000000e+03
1.017000000000000000e+03 1.649000000000000000e+03
1.025000000000000000e+03 1.645000000000000000e+03
1.032000000000000000e+03 1.641000000000000000e+03
1.072000000000000000e+03 1.598000000000000000e+03
1.241000000000000000e+03 1.476000000000000000e+03
9.080000000000000000e+02 1.198000000000000000e+03
9.450000000000000000e+02 1.107000000000000000e+03
9.770000000000000000e+02 1.107000000000000000e+03
1.008000000000000000e+03 1.653000000000000000e+03
1.255000000000000000e+03 1.595000000000000000e+03
8.980000000000000000e+02 1.115000000000000000e+03
9.980000000000000000e+02 1.813000000000000000e+03
8.740000000000000000e+02 1.229000000000000000e+03
9.400000000000000000e+02 1.329000000000000000e+03
9.230000000000000000e+02 1.844000000000000000e+03
1.104000000000000000e+03 1.711000000000000000e+03
1.038000000000000000e+03 1.450000000000000000e+03
1.057000000000000000e+03 1.769000000000000000e+03
1.139000000000000000e+03 1.441000000000000000e+03
1.080000000000000000e+03 1.499000000000000000e+03
1.180000000000000000e+03 1.517000000000000000e+03
9.400000000000000000e+02 1.901000000000000000e+03
9.700000000000000000e+02 1.352000000000000000e+03
1.146000000000000000e+03 1.750000000000000000e+03
1.087000000000000000e+03 1.809000000000000000e+03
1.138000000000000000e+03 1.647000000000000000e+03
1.298000000000000000e+03 1.531000000000000000e+03
1.198000000000000000e+03 1.654000000000000000e+03
1.329000000000000000e+03 1.568000000000000000e+03
1.117000000000000000e+03 1.559000000000000000e+03
9.380000000000000000e+02 1.281000000000000000e+03
9.350000000000000000e+02 1.433000000000000000e+03
9.660000000000000000e+02 1.440000000000000000e+03
9.130000000000000000e+02 1.404000000000000000e+03
9.750000000000000000e+02 1.069000000000000000e+03
1.043000000000000000e+03 1.037000000000000000e+03
1.107000000000000000e+03 1.027000000000000000e+03
1.161000000000000000e+03 1.033000000000000000e+03
1.200000000000000000e+03 1.051000000000000000e+03
1.230000000000000000e+03 1.122000000000000000e+03
1.366000000000000000e+03 1.253000000000000000e+03
1.190000000000000000e+03 1.194000000000000000e+03
1.141000000000000000e+03 1.211000000000000000e+03
1.081000000000000000e+03 1.209000000000000000e+03
1.029000000000000000e+03 1.196000000000000000e+03
9.910000000000000000e+02 1.184000000000000000e+03
9.630000000000000000e+02 1.173000000000000000e+03
1.377000000000000000e+03 1.245000000000000000e+03
9.670000000000000000e+02 1.450000000000000000e+03
9.060000000000000000e+02 1.300000000000000000e+03
9.010000000000000000e+02 1.440000000000000000e+03
8.790000000000000000e+02 1.462000000000000000e+03
9.020000000000000000e+02 1.446000000000000000e+03
9.560000000000000000e+02 1.463000000000000000e+03
8.690000000000000000e+02 1.467000000000000000e+03
8.660000000000000000e+02 1.475000000000000000e+03
9.690000000000000000e+02 1.138000000000000000e+03
9.410000000000000000e+02 1.152000000000000000e+03
9.210000000000000000e+02 1.165000000000000000e+03
1.174000000000000000e+03 1.098000000000000000e+03
1.199000000000000000e+03 1.082000000000000000e+03
6.020000000000000000e+02 1.104000000000000000e+03
6.480000000000000000e+02 1.103000000000000000e+03
6.020000000000000000e+02 1.063000000000000000e+03
5.570000000000000000e+02 1.105000000000000000e+03
6.030000000000000000e+02 1.145000000000000000e+03
1.098000000000000000e+03 1.100000000000000000e+03
1.140000000000000000e+03 1.100000000000000000e+03
1.096000000000000000e+03 1.060000000000000000e+03
1.057000000000000000e+03 1.101000000000000000e+03
1.101000000000000000e+03 1.141000000000000000e+03
0.000000000000000000e+00 0.000000000000000000e+00
1.749000000000000000e+03 0.000000000000000000e+00
1.749000000000000000e+03 2.187000000000000000e+03
0.000000000000000000e+00 2.187000000000000000e+03
8.700000000000000000e+01 0.000000000000000000e+00
8.700000000000000000e+01 2.187000000000000000e+03
0.000000000000000000e+00 1.090000000000000000e+02
1.749000000000000000e+03 1.090000000000000000e+02
1.750000000000000000e+02 0.000000000000000000e+00
1.750000000000000000e+02 2.187000000000000000e+03
0.000000000000000000e+00 2.180000000000000000e+02
1.749000000000000000e+03 2.180000000000000000e+02
2.620000000000000000e+02 0.000000000000000000e+00
2.620000000000000000e+02 2.187000000000000000e+03
0.000000000000000000e+00 3.280000000000000000e+02
1.749000000000000000e+03 3.280000000000000000e+02
3.500000000000000000e+02 0.000000000000000000e+00
3.500000000000000000e+02 2.187000000000000000e+03
0.000000000000000000e+00 4.370000000000000000e+02
1.749000000000000000e+03 4.370000000000000000e+02
4.370000000000000000e+02 0.000000000000000000e+00
4.370000000000000000e+02 2.187000000000000000e+03
0.000000000000000000e+00 5.470000000000000000e+02
1.749000000000000000e+03 5.470000000000000000e+02
5.250000000000000000e+02 0.000000000000000000e+00
5.250000000000000000e+02 2.187000000000000000e+03
0.000000000000000000e+00 6.560000000000000000e+02
1.749000000000000000e+03 6.560000000000000000e+02
6.120000000000000000e+02 0.000000000000000000e+00
6.120000000000000000e+02 2.187000000000000000e+03
0.000000000000000000e+00 7.650000000000000000e+02
1.749000000000000000e+03 7.650000000000000000e+02
7.000000000000000000e+02 0.000000000000000000e+00
7.000000000000000000e+02 2.187000000000000000e+03
0.000000000000000000e+00 8.750000000000000000e+02
1.749000000000000000e+03 8.750000000000000000e+02
7.870000000000000000e+02 0.000000000000000000e+00
7.870000000000000000e+02 2.187000000000000000e+03
0.000000000000000000e+00 9.840000000000000000e+02
1.749000000000000000e+03 9.840000000000000000e+02
8.750000000000000000e+02 0.000000000000000000e+00
8.750000000000000000e+02 2.187000000000000000e+03
0.000000000000000000e+00 1.094000000000000000e+03
1.749000000000000000e+03 1.094000000000000000e+03
9.620000000000000000e+02 0.000000000000000000e+00
9.620000000000000000e+02 2.187000000000000000e+03
0.000000000000000000e+00 1.203000000000000000e+03
1.749000000000000000e+03 1.203000000000000000e+03
1.050000000000000000e+03 0.000000000000000000e+00
1.050000000000000000e+03 2.187000000000000000e+03
0.000000000000000000e+00 1.312000000000000000e+03
1.749000000000000000e+03 1.312000000000000000e+03
1.137000000000000000e+03 0.000000000000000000e+00
1.137000000000000000e+03 2.187000000000000000e+03
0.000000000000000000e+00 1.422000000000000000e+03
1.749000000000000000e+03 1.422000000000000000e+03
1.225000000000000000e+03 0.000000000000000000e+00
1.225000000000000000e+03 2.187000000000000000e+03
0.000000000000000000e+00 1.531000000000000000e+03
1.749000000000000000e+03 1.531000000000000000e+03
1.312000000000000000e+03 0.000000000000000000e+00
1.312000000000000000e+03 2.187000000000000000e+03
0.000000000000000000e+00 1.641000000000000000e+03
1.749000000000000000e+03 1.641000000000000000e+03
1.400000000000000000e+03 0.000000000000000000e+00
1.400000000000000000e+03 2.187000000000000000e+03
0.000000000000000000e+00 1.750000000000000000e+03
1.749000000000000000e+03 1.750000000000000000e+03
1.487000000000000000e+03 0.000000000000000000e+00
1.487000000000000000e+03 2.187000000000000000e+03
0.000000000000000000e+00 1.859000000000000000e+03
1.749000000000000000e+03 1.859000000000000000e+03
1.575000000000000000e+03 0.000000000000000000e+00
1.575000000000000000e+03 2.187000000000000000e+03
0.000000000000000000e+00 1.969000000000000000e+03
1.749000000000000000e+03 1.969000000000000000e+03
1.662000000000000000e+03 0.000000000000000000e+00
1.662000000000000000e+03 2.187000000000000000e+03
0.000000000000000000e+00 2.078000000000000000e+03
1.749000000000000000e+03 2.078000000000000000e+03
