8.820000000000000000e+02 1.385000000000000000e+03
8.840000000000000000e+02 1.272000000000000000e+03
8.790000000000000000e+02 1.306000000000000000e+03
8.570000000000000000e+02 1.143000000000000000e+03
8.860000000000000000e+02 1.232000000000000000e+03
8.870000000000000000e+02 1.181000000000000000e+03
8.890000000000000000e+02 1.056000000000000000e+03
6.300000000000000000e+02 1.023000000000000000e+03
8.920000000000000000e+02 9.560000000000000000e+02
8.950000000000000000e+02 9.040000000000000000e+02
9.040000000000000000e+02 7.050000000000000000e+02
8.810000000000000000e+02 1.401000000000000000e+03
8.800000000000000000e+02 1.416000000000000000e+03
8.790000000000000000e+02 1.426000000000000000e+03
8.790000000000000000e+02 1.426000000000000000e+03
8.800000000000000000e+02 1.444000000000000000e+03
8.790000000000000000e+02 1.465000000000000000e+03
8.780000000000000000e+02 1.486000000000000000e+03
8.680000000000000000e+02 1.549000000000000000e+03
8.820000000000000000e+02 1.291000000000000000e+03
8.480000000000000000e+02 1.288000000000000000e+03
5.160000000000000000e+02 8.590000000000000000e+02
7.320000000000000000e+02 1.063000000000000000e+03
6.970000000000000000e+02 1.065000000000000000e+03
6.620000000000000000e+02 1.062000000000000000e+03
6.150000000000000000e+02 1.035000000000000000e+03
7.620000000000000000e+02 1.056000000000000000e+03
6.860000000000000000e+02 9.380000000000000000e+02
7.280000000000000000e+02 9.470000000000000000e+02
6.460000000000000000e+02 9.420000000000000000e+02
6.190000000000000000e+02 9.580000000000000000e+02
5.880000000000000000e+02 1.058000000000000000e+03
7.300000000000000000e+02 1.596000000000000000e+03
6.170000000000000000e+02 1.009000000000000000e+03
4.870000000000000000e+02 1.029000000000000000e+03
5.500000000000000000e+02 1.025000000000000000e+03
6.980000000000000000e+02 1.223000000000000000e+03
8.340000000000000000e+02 1.377000000000000000e+03
8.370000000000000000e+02 1.414000000000000000e+03
7.870000000000000000e+02 1.387000000000000000e+03
7.540000000000000000e+02 1.397000000000000000e+03
7.990000000000000000e+02 1.413000000000000000e+03
7.690000000000000000e+02 1.414000000000000000e+03
7.020000000000000000e+02 1.460000000000000000e+03
8.550000000000000000e+02 1.270000000000000000e+03
8.530000000000000000e+02 1.231000000000000000e+03
5.770000000000000000e+02 9.220000000000000000e+02
7.760000000000000000e+02 1.132000000000000000e+03
7.720000000000000000e+02 1.252000000000000000e+03
7.690000000000000000e+02 1.231000000000000000e+03
5.870000000000000000e+02 1.211000000000000000e+03
8.550000000000000000e+02 1.183000000000000000e+03
6.640000000000000000e+02 8.870000000000000000e+02
6.130000000000000000e+02 8.960000000000000000e+02
5.560000000000000000e+02 7.930000000000000000e+02
8.170000000000000000e+02 9.390000000000000000e+02
7.620000000000000000e+02 9.700000000000000000e+02
6.760000000000000000e+02 1.418000000000000000e+03
5.030000000000000000e+02 1.390000000000000000e+03
7.980000000000000000e+02 1.276000000000000000e+03
8.250000000000000000e+02 1.288000000000000000e+03
7.140000000000000000e+02 1.415000000000000000e+03
7.230000000000000000e+02 1.416000000000000000e+03
5.970000000000000000e+02 8.700000000000000000e+02
7.690000000000000000e+02 1.267000000000000000e+03
7.300000000000000000e+02 8.990000000000000000e+02
7.260000000000000000e+02 8.690000000000000000e+02
7.030000000000000000e+02 7.130000000000000000e+02
5.780000000000000000e+02 8.330000000000000000e+02
7.200000000000000000e+02 7.920000000000000000e+02
5.580000000000000000e+02 9.040000000000000000e+02
5.360000000000000000e+02 8.850000000000000000e+02
8.350000000000000000e+02 1.397000000000000000e+03
7.930000000000000000e+02 1.401000000000000000e+03
7.620000000000000000e+02 1.406000000000000000e+03
8.050000000000000000e+02 1.283000000000000000e+03
7.190000000000000000e+02 1.416000000000000000e+03
7.390000000000000000e+02 1.427000000000000000e+03
7.280000000000000000e+02 1.417000000000000000e+03
8.150000000000000000e+02 1.267000000000000000e+03
7.750000000000000000e+02 1.420000000000000000e+03
8.050000000000000000e+02 1.422000000000000000e+03
8.390000000000000000e+02 1.424000000000000000e+03
8.170000000000000000e+02 1.544000000000000000e+03
8.310000000000000000e+02 1.482000000000000000e+03
8.340000000000000000e+02 1.460000000000000000e+03
8.370000000000000000e+02 1.439000000000000000e+03
8.400000000000000000e+02 1.424000000000000000e+03
7.770000000000000000e+02 1.420000000000000000e+03
7.700000000000000000e+02 1.427000000000000000e+03
7.620000000000000000e+02 1.437000000000000000e+03
7.560000000000000000e+02 1.449000000000000000e+03
7.210000000000000000e+02 1.358000000000000000e+03
4.720000000000000000e+02 1.194000000000000000e+03
8.810000000000000000e+02 1.299000000000000000e+03
7.540000000000000000e+02 1.419000000000000000e+03
7.470000000000000000e+02 1.423000000000000000e+03
8.350000000000000000e+02 1.302000000000000000e+03
7.790000000000000000e+02 1.289000000000000000e+03
8.300000000000000000e+02 1.295000000000000000e+03
7.360000000000000000e+02 1.150000000000000000e+03
6.750000000000000000e+02 1.172000000000000000e+03
7.620000000000000000e+02 1.246000000000000000e+03
6.160000000000000000e+02 7.430000000000000000e+02
6.360000000000000000e+02 8.000000000000000000e+02
6.540000000000000000e+02 8.580000000000000000e+02
7.310000000000000000e+02 1.494000000000000000e+03
8.090000000000000000e+02 8.890000000000000000e+02
8.050000000000000000e+02 7.960000000000000000e+02
7.960000000000000000e+02 7.020000000000000000e+02
6.320000000000000000e+02 1.052000000000000000e+03
5.520000000000000000e+02 1.083000000000000000e+03
7.820000000000000000e+02 1.047000000000000000e+03
5.860000000000000000e+02 9.760000000000000000e+02
8.030000000000000000e+02 1.109000000000000000e+03
7.940000000000000000e+02 1.241000000000000000e+03
5.080000000000000000e+02 1.107000000000000000e+03
5.740000000000000000e+02 1.114000000000000000e+03
6.200000000000000000e+02 1.133000000000000000e+03
6.890000000000000000e+02 1.130000000000000000e+03
7.390000000000000000e+02 1.116000000000000000e+03
7.770000000000000000e+02 1.101000000000000000e+03
8.550000000000000000e+02 1.063000000000000000e+03
5.060000000000000000e+02 1.189000000000000000e+03
5.610000000000000000e+02 9.690000000000000000e+02
8.640000000000000000e+02 1.289000000000000000e+03
7.790000000000000000e+02 1.171000000000000000e+03
4.780000000000000000e+02 1.021000000000000000e+03
8.050000000000000000e+02 1.083000000000000000e+03
7.560000000000000000e+02 1.247000000000000000e+03
6.020000000000000000e+02 1.008000000000000000e+03
7.920000000000000000e+02 1.215000000000000000e+03
4.810000000000000000e+02 1.289000000000000000e+03
7.830000000000000000e+02 1.034000000000000000e+03
8.230000000000000000e+02 1.195000000000000000e+03
5.780000000000000000e+02 1.496000000000000000e+03
5.780000000000000000e+02 1.537000000000000000e+03
4.740000000000000000e+02 1.192000000000000000e+03
5.330000000000000000e+02 1.439000000000000000e+03
5.100000000000000000e+02 9.510000000000000000e+02
7.240000000000000000e+02 1.632000000000000000e+03
8.670000000000000000e+02 1.297000000000000000e+03
7.440000000000000000e+02 1.195000000000000000e+03
5.210000000000000000e+02 1.028000000000000000e+03
6.660000000000000000e+02 1.040000000000000000e+03
6.970000000000000000e+02 1.044000000000000000e+03
7.320000000000000000e+02 1.432000000000000000e+03
5.080000000000000000e+02 1.267000000000000000e+03
7.870000000000000000e+02 1.684000000000000000e+03
6.800000000000000000e+02 1.628000000000000000e+03
6.340000000000000000e+02 1.592000000000000000e+03
9.000000000000000000e+02 8.020000000000000000e+02
8.590000000000000000e+02 1.695000000000000000e+03
7.260000000000000000e+02 1.042000000000000000e+03
7.540000000000000000e+02 1.038000000000000000e+03
7.730000000000000000e+02 1.036000000000000000e+03
5.360000000000000000e+02 9.590000000000000000e+02
7.520000000000000000e+02 1.000000000000000000e+03
7.220000000000000000e+02 9.830000000000000000e+02
6.900000000000000000e+02 9.770000000000000000e+02
6.580000000000000000e+02 9.820000000000000000e+02
6.380000000000000000e+02 9.920000000000000000e+02
4.920000000000000000e+02 9.320000000000000000e+02
6.450000000000000000e+02 1.033000000000000000e+03
8.790000000000000000e+02 1.333000000000000000e+03
7.590000000000000000e+02 1.340000000000000000e+03
7.980000000000000000e+02 1.270000000000000000e+03
8.290000000000000000e+02 1.333000000000000000e+03
8.900000000000000000e+02 1.005000000000000000e+03
6.280000000000000000e+02 1.549000000000000000e+03
6.740000000000000000e+02 1.590000000000000000e+03
7.860000000000000000e+02 1.662000000000000000e+03
5.360000000000000000e+02 1.474000000000000000e+03
7.730000000000000000e+02 1.021000000000000000e+03
8.290000000000000000e+02 1.123000000000000000e+03
8.610000000000000000e+02 1.673000000000000000e+03
7.300000000000000000e+02 1.660000000000000000e+03
4.810000000000000000e+02 1.279000000000000000e+03
8.060000000000000000e+02 1.421000000000000000e+03
8.000000000000000000e+02 1.433000000000000000e+03
7.940000000000000000e+02 1.449000000000000000e+03
7.900000000000000000e+02 1.468000000000000000e+03
7.680000000000000000e+02 1.523000000000000000e+03
7.450000000000000000e+02 1.415000000000000000e+03
7.370000000000000000e+02 1.410000000000000000e+03
7.310000000000000000e+02 1.406000000000000000e+03
6.920000000000000000e+02 1.384000000000000000e+03
5.540000000000000000e+02 1.293000000000000000e+03
8.290000000000000000e+02 1.084000000000000000e+03
8.120000000000000000e+02 1.006000000000000000e+03
7.890000000000000000e+02 1.007000000000000000e+03
7.530000000000000000e+02 1.418000000000000000e+03
5.490000000000000000e+02 1.386000000000000000e+03
8.450000000000000000e+02 1.007000000000000000e+03
7.460000000000000000e+02 1.559000000000000000e+03
8.880000000000000000e+02 1.139000000000000000e+03
8.560000000000000000e+02 1.105000000000000000e+03
8.880000000000000000e+02 1.099000000000000000e+03
8.010000000000000000e+02 1.181000000000000000e+03
8.630000000000000000e+02 1.638000000000000000e+03
8.660000000000000000e+02 1.592000000000000000e+03
8.030000000000000000e+02 1.585000000000000000e+03
6.700000000000000000e+02 1.476000000000000000e+03
7.230000000000000000e+02 1.275000000000000000e+03
7.040000000000000000e+02 1.523000000000000000e+03
6.370000000000000000e+02 1.265000000000000000e+03
6.860000000000000000e+02 1.311000000000000000e+03
6.040000000000000000e+02 1.325000000000000000e+03
7.920000000000000000e+02 1.628000000000000000e+03
7.790000000000000000e+02 1.201000000000000000e+03
6.400000000000000000e+02 1.506000000000000000e+03
6.840000000000000000e+02 1.554000000000000000e+03
6.420000000000000000e+02 1.424000000000000000e+03
5.160000000000000000e+02 1.335000000000000000e+03
5.960000000000000000e+02 1.431000000000000000e+03
4.980000000000000000e+02 1.362000000000000000e+03
6.560000000000000000e+02 1.356000000000000000e+03
8.040000000000000000e+02 1.146000000000000000e+03
8.050000000000000000e+02 1.259000000000000000e+03
7.830000000000000000e+02 1.266000000000000000e+03
8.220000000000000000e+02 1.235000000000000000e+03
7.860000000000000000e+02 9.640000000000000000e+02
7.290000000000000000e+02 9.310000000000000000e+02
6.760000000000000000e+02 9.200000000000000000e+02
6.330000000000000000e+02 9.250000000000000000e+02
6.010000000000000000e+02 9.430000000000000000e+02
5.800000000000000000e+02 1.016000000000000000e+03
4.760000000000000000e+02 1.110000000000000000e+03
6.060000000000000000e+02 1.077000000000000000e+03
6.440000000000000000e+02 1.092000000000000000e+03
6.920000000000000000e+02 1.094000000000000000e+03
7.360000000000000000e+02 1.087000000000000000e+03
7.710000000000000000e+02 1.077000000000000000e+03
7.950000000000000000e+02 1.067000000000000000e+03
4.730000000000000000e+02 1.106000000000000000e+03
7.830000000000000000e+02 1.275000000000000000e+03
8.280000000000000000e+02 1.158000000000000000e+03
8.300000000000000000e+02 1.264000000000000000e+03
8.460000000000000000e+02 1.283000000000000000e+03
8.290000000000000000e+02 1.270000000000000000e+03
7.910000000000000000e+02 1.286000000000000000e+03
8.530000000000000000e+02 1.286000000000000000e+03
8.560000000000000000e+02 1.294000000000000000e+03
7.960000000000000000e+02 1.036000000000000000e+03
8.150000000000000000e+02 1.047000000000000000e+03
8.280000000000000000e+02 1.055000000000000000e+03
6.260000000000000000e+02 1.001000000000000000e+03
6.030000000000000000e+02 9.790000000000000000e+02
9.170000000000000000e+02 1.145000000000000000e+03
1.130000000000000000e+03 1.045000000000000000e+03
9.120000000000000000e+02 1.291000000000000000e+03
1.251000000000000000e+03 8.950000000000000000e+02
1.029000000000000000e+03 1.078000000000000000e+03
1.064000000000000000e+03 1.082000000000000000e+03
1.098000000000000000e+03 1.080000000000000000e+03
1.142000000000000000e+03 1.057000000000000000e+03
1.000000000000000000e+03 1.067000000000000000e+03
1.087000000000000000e+03 9.610000000000000000e+02
1.045000000000000000e+03 9.650000000000000000e+02
1.124000000000000000e+03 9.700000000000000000e+02
1.147000000000000000e+03 9.870000000000000000e+02
1.168000000000000000e+03 1.081000000000000000e+03
9.920000000000000000e+02 1.605000000000000000e+03
1.142000000000000000e+03 1.032000000000000000e+03
1.264000000000000000e+03 1.066000000000000000e+03
1.204000000000000000e+03 1.051000000000000000e+03
1.058000000000000000e+03 1.238000000000000000e+03
9.280000000000000000e+02 1.380000000000000000e+03
9.210000000000000000e+02 1.416000000000000000e+03
9.710000000000000000e+02 1.391000000000000000e+03
9.980000000000000000e+02 1.403000000000000000e+03
9.550000000000000000e+02 1.417000000000000000e+03
9.810000000000000000e+02 1.419000000000000000e+03
1.033000000000000000e+03 1.471000000000000000e+03
9.120000000000000000e+02 1.272000000000000000e+03
9.180000000000000000e+02 1.234000000000000000e+03
1.193000000000000000e+03 9.540000000000000000e+02
9.880000000000000000e+02 1.141000000000000000e+03
9.880000000000000000e+02 1.260000000000000000e+03
9.920000000000000000e+02 1.239000000000000000e+03
1.163000000000000000e+03 1.236000000000000000e+03
9.180000000000000000e+02 1.186000000000000000e+03
1.119000000000000000e+03 9.130000000000000000e+02
1.164000000000000000e+03 9.260000000000000000e+02
1.222000000000000000e+03 8.270000000000000000e+02
9.650000000000000000e+02 9.450000000000000000e+02
1.009000000000000000e+03 9.830000000000000000e+02
1.062000000000000000e+03 1.431000000000000000e+03
1.207000000000000000e+03 1.420000000000000000e+03
9.600000000000000000e+02 1.282000000000000000e+03
9.330000000000000000e+02 1.292000000000000000e+03
1.029000000000000000e+03 1.421000000000000000e+03
1.020000000000000000e+03 1.422000000000000000e+03
1.181000000000000000e+03 9.020000000000000000e+02
9.880000000000000000e+02 1.275000000000000000e+03
1.055000000000000000e+03 9.150000000000000000e+02
1.062000000000000000e+03 8.850000000000000000e+02
1.099000000000000000e+03 7.350000000000000000e+02
1.202000000000000000e+03 8.660000000000000000e+02
1.076000000000000000e+03 8.120000000000000000e+02
1.211000000000000000e+03 9.370000000000000000e+02
1.235000000000000000e+03 9.200000000000000000e+02
9.260000000000000000e+02 1.400000000000000000e+03
9.630000000000000000e+02 1.405000000000000000e+03
9.900000000000000000e+02 1.411000000000000000e+03
9.520000000000000000e+02 1.288000000000000000e+03
1.024000000000000000e+03 1.422000000000000000e+03
1.007000000000000000e+03 1.432000000000000000e+03
1.015000000000000000e+03 1.422000000000000000e+03
9.470000000000000000e+02 1.272000000000000000e+03
9.740000000000000000e+02 1.424000000000000000e+03
9.480000000000000000e+02 1.425000000000000000e+03
9.160000000000000000e+02 1.426000000000000000e+03
9.160000000000000000e+02 1.548000000000000000e+03
9.230000000000000000e+02 1.484000000000000000e+03
9.230000000000000000e+02 1.462000000000000000e+03
9.210000000000000000e+02 1.442000000000000000e+03
9.170000000000000000e+02 1.426000000000000000e+03
9.730000000000000000e+02 1.424000000000000000e+03
9.800000000000000000e+02 1.432000000000000000e+03
9.880000000000000000e+02 1.442000000000000000e+03
9.930000000000000000e+02 1.454000000000000000e+03
1.026000000000000000e+03 1.369000000000000000e+03
1.254000000000000000e+03 1.230000000000000000e+03
9.920000000000000000e+02 1.424000000000000000e+03
1.000000000000000000e+03 1.428000000000000000e+03
9.230000000000000000e+02 1.305000000000000000e+03
9.760000000000000000e+02 1.295000000000000000e+03
9.280000000000000000e+02 1.299000000000000000e+03
1.024000000000000000e+03 1.163000000000000000e+03
1.083000000000000000e+03 1.189000000000000000e+03
9.970000000000000000e+02 1.255000000000000000e+03
1.175000000000000000e+03 7.730000000000000000e+02
1.152000000000000000e+03 8.290000000000000000e+02
1.131000000000000000e+03 8.830000000000000000e+02
1.002000000000000000e+03 1.503000000000000000e+03
9.780000000000000000e+02 8.950000000000000000e+02
9.950000000000000000e+02 8.060000000000000000e+02
1.012000000000000000e+03 7.140000000000000000e+02
1.126000000000000000e+03 1.073000000000000000e+03
1.202000000000000000e+03 1.107000000000000000e+03
9.810000000000000000e+02 1.057000000000000000e+03
1.177000000000000000e+03 1.004000000000000000e+03
9.650000000000000000e+02 1.116000000000000000e+03
9.700000000000000000e+02 1.248000000000000000e+03
1.242000000000000000e+03 1.141000000000000000e+03
1.180000000000000000e+03 1.135000000000000000e+03
1.137000000000000000e+03 1.150000000000000000e+03
1.072000000000000000e+03 1.144000000000000000e+03
1.023000000000000000e+03 1.127000000000000000e+03
9.870000000000000000e+02 1.109000000000000000e+03
9.220000000000000000e+02 1.067000000000000000e+03
1.237000000000000000e+03 1.221000000000000000e+03
1.201000000000000000e+03 9.990000000000000000e+02
8.990000000000000000e+02 1.290000000000000000e+03
9.840000000000000000e+02 1.179000000000000000e+03
1.268000000000000000e+03 1.058000000000000000e+03
9.610000000000000000e+02 1.089000000000000000e+03
1.000000000000000000e+03 1.256000000000000000e+03
1.156000000000000000e+03 1.033000000000000000e+03
9.730000000000000000e+02 1.222000000000000000e+03
1.236000000000000000e+03 1.323000000000000000e+03
9.800000000000000000e+02 1.043000000000000000e+03
9.470000000000000000e+02 1.200000000000000000e+03
1.136000000000000000e+03 1.517000000000000000e+03
1.127000000000000000e+03 1.557000000000000000e+03
1.261000000000000000e+03 1.229000000000000000e+03
1.181000000000000000e+03 1.465000000000000000e+03
1.251000000000000000e+03 9.880000000000000000e+02
9.930000000000000000e+02 1.641000000000000000e+03
8.940000000000000000e+02 1.298000000000000000e+03
1.014000000000000000e+03 1.206000000000000000e+03
1.231000000000000000e+03 1.056000000000000000e+03
1.096000000000000000e+03 1.060000000000000000e+03
1.066000000000000000e+03 1.062000000000000000e+03
1.013000000000000000e+03 1.437000000000000000e+03
1.226000000000000000e+03 1.299000000000000000e+03
9.280000000000000000e+02 1.689000000000000000e+03
1.029000000000000000e+03 1.639000000000000000e+03
1.073000000000000000e+03 1.606000000000000000e+03
1.036000000000000000e+03 1.058000000000000000e+03
1.008000000000000000e+03 1.051000000000000000e+03
9.890000000000000000e+02 1.047000000000000000e+03
1.223000000000000000e+03 9.890000000000000000e+02
1.014000000000000000e+03 1.013000000000000000e+03
1.046000000000000000e+03 1.001000000000000000e+03
1.078000000000000000e+03 9.990000000000000000e+02
1.108000000000000000e+03 1.006000000000000000e+03
1.126000000000000000e+03 1.017000000000000000e+03
1.265000000000000000e+03 9.680000000000000000e+02
1.116000000000000000e+03 1.053000000000000000e+03
9.920000000000000000e+02 1.348000000000000000e+03
9.610000000000000000e+02 1.277000000000000000e+03
9.270000000000000000e+02 1.336000000000000000e+03
1.085000000000000000e+03 1.565000000000000000e+03
1.041000000000000000e+03 1.603000000000000000e+03
9.330000000000000000e+02 1.667000000000000000e+03
1.169000000000000000e+03 1.499000000000000000e+03
9.910000000000000000e+02 1.032000000000000000e+03
9.420000000000000000e+02 1.128000000000000000e+03
9.820000000000000000e+02 1.668000000000000000e+03
1.245000000000000000e+03 1.314000000000000000e+03
9.480000000000000000e+02 1.425000000000000000e+03
9.540000000000000000e+02 1.437000000000000000e+03
9.590000000000000000e+02 1.453000000000000000e+03
9.620000000000000000e+02 1.473000000000000000e+03
9.640000000000000000e+02 1.530000000000000000e+03
1.001000000000000000e+03 1.420000000000000000e+03
1.009000000000000000e+03 1.416000000000000000e+03
1.016000000000000000e+03 1.412000000000000000e+03
1.050000000000000000e+03 1.397000000000000000e+03
1.185000000000000000e+03 1.320000000000000000e+03
9.430000000000000000e+02 1.089000000000000000e+03
9.580000000000000000e+02 1.011000000000000000e+03
9.780000000000000000e+02 1.017000000000000000e+03
9.920000000000000000e+02 1.423000000000000000e+03
1.176000000000000000e+03 1.411000000000000000e+03
9.290000000000000000e+02 1.010000000000000000e+03
9.800000000000000000e+02 1.567000000000000000e+03
9.190000000000000000e+02 1.108000000000000000e+03
9.640000000000000000e+02 1.188000000000000000e+03
9.250000000000000000e+02 1.589000000000000000e+03
1.058000000000000000e+03 1.490000000000000000e+03
1.029000000000000000e+03 1.287000000000000000e+03
1.022000000000000000e+03 1.534000000000000000e+03
1.113000000000000000e+03 1.285000000000000000e+03
1.061000000000000000e+03 1.325000000000000000e+03
1.137000000000000000e+03 1.346000000000000000e+03
9.320000000000000000e+02 1.633000000000000000e+03
9.830000000000000000e+02 1.209000000000000000e+03
1.081000000000000000e+03 1.522000000000000000e+03
1.037000000000000000e+03 1.566000000000000000e+03
1.090000000000000000e+03 1.441000000000000000e+03
1.210000000000000000e+03 1.364000000000000000e+03
1.131000000000000000e+03 1.452000000000000000e+03
1.220000000000000000e+03 1.393000000000000000e+03
1.086000000000000000e+03 1.372000000000000000e+03
9.620000000000000000e+02 1.153000000000000000e+03
9.580000000000000000e+02 1.265000000000000000e+03
9.760000000000000000e+02 1.273000000000000000e+03
9.460000000000000000e+02 1.240000000000000000e+03
9.880000000000000000e+02 9.730000000000000000e+02
1.049000000000000000e+03 9.480000000000000000e+02
1.100000000000000000e+03 9.440000000000000000e+02
1.141000000000000000e+03 9.540000000000000000e+02
1.167000000000000000e+03 9.730000000000000000e+02
1.177000000000000000e+03 1.042000000000000000e+03
1.267000000000000000e+03 1.147000000000000000e+03
1.150000000000000000e+03 1.098000000000000000e+03
1.115000000000000000e+03 1.110000000000000000e+03
1.069000000000000000e+03 1.110000000000000000e+03
1.025000000000000000e+03 1.100000000000000000e+03
9.920000000000000000e+02 1.086000000000000000e+03
9.690000000000000000e+02 1.074000000000000000e+03
1.262000000000000000e+03 1.143000000000000000e+03
9.750000000000000000e+02 1.282000000000000000e+03
9.420000000000000000e+02 1.163000000000000000e+03
9.350000000000000000e+02 1.268000000000000000e+03
9.160000000000000000e+02 1.285000000000000000e+03
9.340000000000000000e+02 1.274000000000000000e+03
9.650000000000000000e+02 1.291000000000000000e+03
9.100000000000000000e+02 1.288000000000000000e+03
9.050000000000000000e+02 1.296000000000000000e+03
9.690000000000000000e+02 1.044000000000000000e+03
9.520000000000000000e+02 1.052000000000000000e+03
9.420000000000000000e+02 1.060000000000000000e+03
1.135000000000000000e+03 1.025000000000000000e+03
1.159000000000000000e+03 1.007000000000000000e+03
6.860000000000000000e+02 1.013000000000000000e+03
7.220000000000000000e+02 1.016000000000000000e+03
6.890000000000000000e+02 9.770000000000000000e+02
6.500000000000000000e+02 1.011000000000000000e+03
6.830000000000000000e+02 1.049000000000000000e+03
1.064000000000000000e+03 1.032000000000000000e+03
1.103000000000000000e+03 1.032000000000000000e+03
1.064000000000000000e+03 9.970000000000000000e+02
1.026000000000000000e+03 1.031000000000000000e+03
1.065000000000000000e+03 1.066000000000000000e+03
0.000000000000000000e+00 0.000000000000000000e+00
1.749000000000000000e+03 0.000000000000000000e+00
1.749000000000000000e+03 2.187000000000000000e+03
0.000000000000000000e+00 2.187000000000000000e+03
8.700000000000000000e+01 0.000000000000000000e+00
8.700000000000000000e+01 2.187000000000000000e+03
0.000000000000000000e+00 1.090000000000000000e+02
1.749000000000000000e+03 1.090000000000000000e+02
1.750000000000000000e+02 0.000000000000000000e+00
1.750000000000000000e+02 2.187000000000000000e+03
0.000000000000000000e+00 2.180000000000000000e+02
1.749000000000000000e+03 2.180000000000000000e+02
2.620000000000000000e+02 0.000000000000000000e+00
2.620000000000000000e+02 2.187000000000000000e+03
0.000000000000000000e+00 3.280000000000000000e+02
1.749000000000000000e+03 3.280000000000000000e+02
3.500000000000000000e+02 0.000000000000000000e+00
3.500000000000000000e+02 2.187000000000000000e+03
0.000000000000000000e+00 4.370000000000000000e+02
1.749000000000000000e+03 4.370000000000000000e+02
4.370000000000000000e+02 0.000000000000000000e+00
4.370000000000000000e+02 2.187000000000000000e+03
0.000000000000000000e+00 5.470000000000000000e+02
1.749000000000000000e+03 5.470000000000000000e+02
5.250000000000000000e+02 0.000000000000000000e+00
5.250000000000000000e+02 2.187000000000000000e+03
0.000000000000000000e+00 6.560000000000000000e+02
1.749000000000000000e+03 6.560000000000000000e+02
6.120000000000000000e+02 0.000000000000000000e+00
6.120000000000000000e+02 2.187000000000000000e+03
0.000000000000000000e+00 7.650000000000000000e+02
1.749000000000000000e+03 7.650000000000000000e+02
7.000000000000000000e+02 0.000000000000000000e+00
7.000000000000000000e+02 2.187000000000000000e+03
0.000000000000000000e+00 8.750000000000000000e+02
1.749000000000000000e+03 8.750000000000000000e+02
7.870000000000000000e+02 0.000000000000000000e+00
7.870000000000000000e+02 2.187000000000000000e+03
0.000000000000000000e+00 9.840000000000000000e+02
1.749000000000000000e+03 9.840000000000000000e+02
8.750000000000000000e+02 0.000000000000000000e+00
8.750000000000000000e+02 2.187000000000000000e+03
0.000000000000000000e+00 1.094000000000000000e+03
1.749000000000000000e+03 1.094000000000000000e+03
9.620000000000000000e+02 0.000000000000000000e+00
9.620000000000000000e+02 2.187000000000000000e+03
0.000000000000000000e+00 1.203000000000000000e+03
1.749000000000000000e+03 1.203000000000000000e+03
1.050000000000000000e+03 0.000000000000000000e+00
1.050000000000000000e+03 2.187000000000000000e+03
0.000000000000000000e+00 1.312000000000000000e+03
1.749000000000000000e+03 1.312000000000000000e+03
1.137000000000000000e+03 0.000000000000000000e+00
1.137000000000000000e+03 2.187000000000000000e+03
0.000000000000000000e+00 1.422000000000000000e+03
1.749000000000000000e+03 1.422000000000000000e+03
1.225000000000000000e+03 0.000000000000000000e+00
1.225000000000000000e+03 2.187000000000000000e+03
0.000000000000000000e+00 1.531000000000000000e+03
1.749000000000000000e+03 1.531000000000000000e+03
1.312000000000000000e+03 0.000000000000000000e+00
1.312000000000000000e+03 2.187000000000000000e+03
0.000000000000000000e+00 1.641000000000000000e+03
1.749000000000000000e+03 1.641000000000000000e+03
1.400000000000000000e+03 0.000000000000000000e+00
1.400000000000000000e+03 2.187000000000000000e+03
0.000000000000000000e+00 1.750000000000000000e+03
1.749000000000000000e+03 1.750000000000000000e+03
1.487000000000000000e+03 0.000000000000000000e+00
1.487000000000000000e+03 2.187000000000000000e+03
0.000000000000000000e+00 1.859000000000000000e+03
1.749000000000000000e+03 1.859000000000000000e+03
1.575000000000000000e+03 0.000000000000000000e+00
1.575000000000000000e+03 2.187000000000000000e+03
0.000000000000000000e+00 1.969000000000000000e+03
1.749000000000000000e+03 1.969000000000000000e+03
1.662000000000000000e+03 0.000000000000000000e+00
1.662000000000000000e+03 2.187000000000000000e+03
0.000000000000000000e+00 2.078000000000000000e+03
1.749000000000000000e+03 2.078000000000000000e+03
