8.020000000000000000e+02 1.466000000000000000e+03
7.980000000000000000e+02 1.348000000000000000e+03
7.970000000000000000e+02 1.378000000000000000e+03
7.690000000000000000e+02 1.201000000000000000e+03
7.980000000000000000e+02 1.305000000000000000e+03
7.990000000000000000e+02 1.246000000000000000e+03
8.000000000000000000e+02 1.100000000000000000e+03
5.580000000000000000e+02 1.070000000000000000e+03
8.000000000000000000e+02 1.003000000000000000e+03
8.010000000000000000e+02 9.500000000000000000e+02
8.040000000000000000e+02 7.420000000000000000e+02
8.020000000000000000e+02 1.477000000000000000e+03
8.010000000000000000e+02 1.488000000000000000e+03
8.000000000000000000e+02 1.496000000000000000e+03
8.000000000000000000e+02 1.512000000000000000e+03
8.000000000000000000e+02 1.534000000000000000e+03
8.000000000000000000e+02 1.560000000000000000e+03
8.000000000000000000e+02 1.585000000000000000e+03
7.940000000000000000e+02 1.631000000000000000e+03
7.980000000000000000e+02 1.367000000000000000e+03
7.610000000000000000e+02 1.361000000000000000e+03
4.210000000000000000e+02 9.170000000000000000e+02
6.550000000000000000e+02 1.104000000000000000e+03
6.200000000000000000e+02 1.110000000000000000e+03
5.870000000000000000e+02 1.109000000000000000e+03
5.450000000000000000e+02 1.084000000000000000e+03
6.840000000000000000e+02 1.093000000000000000e+03
6.000000000000000000e+02 9.940000000000000000e+02
6.400000000000000000e+02 9.970000000000000000e+02
5.640000000000000000e+02 1.002000000000000000e+03
5.420000000000000000e+02 1.018000000000000000e+03
5.150000000000000000e+02 1.109000000000000000e+03
6.610000000000000000e+02 1.680000000000000000e+03
5.460000000000000000e+02 1.058000000000000000e+03
4.090000000000000000e+02 1.092000000000000000e+03
4.740000000000000000e+02 1.077000000000000000e+03
6.200000000000000000e+02 1.286000000000000000e+03
7.590000000000000000e+02 1.456000000000000000e+03
7.630000000000000000e+02 1.484000000000000000e+03
7.170000000000000000e+02 1.466000000000000000e+03
6.890000000000000000e+02 1.476000000000000000e+03
7.290000000000000000e+02 1.484000000000000000e+03
7.040000000000000000e+02 1.487000000000000000e+03
6.280000000000000000e+02 1.539000000000000000e+03
7.670000000000000000e+02 1.345000000000000000e+03
7.630000000000000000e+02 1.304000000000000000e+03
4.910000000000000000e+02 9.860000000000000000e+02
6.950000000000000000e+02 1.184000000000000000e+03
6.810000000000000000e+02 1.320000000000000000e+03
6.800000000000000000e+02 1.296000000000000000e+03
5.180000000000000000e+02 1.274000000000000000e+03
7.660000000000000000e+02 1.249000000000000000e+03
5.700000000000000000e+02 9.450000000000000000e+02
5.230000000000000000e+02 9.590000000000000000e+02
4.550000000000000000e+02 8.490000000000000000e+02
7.260000000000000000e+02 9.800000000000000000e+02
6.760000000000000000e+02 1.012000000000000000e+03
6.010000000000000000e+02 1.496000000000000000e+03
4.460000000000000000e+02 1.470000000000000000e+03
7.070000000000000000e+02 1.345000000000000000e+03
7.360000000000000000e+02 1.358000000000000000e+03
6.540000000000000000e+02 1.492000000000000000e+03
6.640000000000000000e+02 1.493000000000000000e+03
5.030000000000000000e+02 9.330000000000000000e+02
6.780000000000000000e+02 1.335000000000000000e+03
6.370000000000000000e+02 9.490000000000000000e+02
6.300000000000000000e+02 9.180000000000000000e+02
5.980000000000000000e+02 7.600000000000000000e+02
4.790000000000000000e+02 8.950000000000000000e+02
6.180000000000000000e+02 8.420000000000000000e+02
4.700000000000000000e+02 9.660000000000000000e+02
4.450000000000000000e+02 9.490000000000000000e+02
7.600000000000000000e+02 1.472000000000000000e+03
7.230000000000000000e+02 1.476000000000000000e+03
6.960000000000000000e+02 1.481000000000000000e+03
7.140000000000000000e+02 1.351000000000000000e+03
6.590000000000000000e+02 1.493000000000000000e+03
6.740000000000000000e+02 1.504000000000000000e+03
6.690000000000000000e+02 1.493000000000000000e+03
7.260000000000000000e+02 1.338000000000000000e+03
7.100000000000000000e+02 1.490000000000000000e+03
7.350000000000000000e+02 1.489000000000000000e+03
7.660000000000000000e+02 1.492000000000000000e+03
7.440000000000000000e+02 1.628000000000000000e+03
7.520000000000000000e+02 1.579000000000000000e+03
7.550000000000000000e+02 1.554000000000000000e+03
7.600000000000000000e+02 1.528000000000000000e+03
7.650000000000000000e+02 1.508000000000000000e+03
7.100000000000000000e+02 1.497000000000000000e+03
7.020000000000000000e+02 1.507000000000000000e+03
6.920000000000000000e+02 1.519000000000000000e+03
6.840000000000000000e+02 1.532000000000000000e+03
6.410000000000000000e+02 1.435000000000000000e+03
4.090000000000000000e+02 1.265000000000000000e+03
7.980000000000000000e+02 1.373000000000000000e+03
6.920000000000000000e+02 1.495000000000000000e+03
6.830000000000000000e+02 1.499000000000000000e+03
7.480000000000000000e+02 1.374000000000000000e+03
6.900000000000000000e+02 1.357000000000000000e+03
7.420000000000000000e+02 1.366000000000000000e+03
6.580000000000000000e+02 1.206000000000000000e+03
6.000000000000000000e+02 1.231000000000000000e+03
6.730000000000000000e+02 1.312000000000000000e+03
5.110000000000000000e+02 7.940000000000000000e+02
5.350000000000000000e+02 8.570000000000000000e+02
5.570000000000000000e+02 9.150000000000000000e+02
6.570000000000000000e+02 1.573000000000000000e+03
7.140000000000000000e+02 9.290000000000000000e+02
7.040000000000000000e+02 8.400000000000000000e+02
6.920000000000000000e+02 7.440000000000000000e+02
5.600000000000000000e+02 1.100000000000000000e+03
4.790000000000000000e+02 1.135000000000000000e+03
7.030000000000000000e+02 1.082000000000000000e+03
5.090000000000000000e+02 1.033000000000000000e+03
7.200000000000000000e+02 1.160000000000000000e+03
7.050000000000000000e+02 1.310000000000000000e+03
4.370000000000000000e+02 1.171000000000000000e+03
5.020000000000000000e+02 1.168000000000000000e+03
5.460000000000000000e+02 1.186000000000000000e+03
6.120000000000000000e+02 1.180000000000000000e+03
6.600000000000000000e+02 1.162000000000000000e+03
6.950000000000000000e+02 1.143000000000000000e+03
7.660000000000000000e+02 1.109000000000000000e+03
4.420000000000000000e+02 1.255000000000000000e+03
4.800000000000000000e+02 1.026000000000000000e+03
7.790000000000000000e+02 1.365000000000000000e+03
6.950000000000000000e+02 1.227000000000000000e+03
3.980000000000000000e+02 1.084000000000000000e+03
7.220000000000000000e+02 1.123000000000000000e+03
6.700000000000000000e+02 1.311000000000000000e+03
5.310000000000000000e+02 1.059000000000000000e+03
7.040000000000000000e+02 1.280000000000000000e+03
4.220000000000000000e+02 1.364000000000000000e+03
7.030000000000000000e+02 1.067000000000000000e+03
7.350000000000000000e+02 1.261000000000000000e+03
5.170000000000000000e+02 1.574000000000000000e+03
5.190000000000000000e+02 1.620000000000000000e+03
4.130000000000000000e+02 1.262000000000000000e+03
4.760000000000000000e+02 1.516000000000000000e+03
4.250000000000000000e+02 1.014000000000000000e+03
6.540000000000000000e+02 1.720000000000000000e+03
7.820000000000000000e+02 1.371000000000000000e+03
6.630000000000000000e+02 1.255000000000000000e+03
4.450000000000000000e+02 1.081000000000000000e+03
5.910000000000000000e+02 1.086000000000000000e+03
6.200000000000000000e+02 1.088000000000000000e+03
6.660000000000000000e+02 1.510000000000000000e+03
4.480000000000000000e+02 1.337000000000000000e+03
7.190000000000000000e+02 1.775000000000000000e+03
6.140000000000000000e+02 1.717000000000000000e+03
5.700000000000000000e+02 1.677000000000000000e+03
8.020000000000000000e+02 8.430000000000000000e+02
7.940000000000000000e+02 1.783000000000000000e+03
6.490000000000000000e+02 1.083000000000000000e+03
6.770000000000000000e+02 1.075000000000000000e+03
6.940000000000000000e+02 1.071000000000000000e+03
4.560000000000000000e+02 1.015000000000000000e+03
6.710000000000000000e+02 1.040000000000000000e+03
6.400000000000000000e+02 1.030000000000000000e+03
6.090000000000000000e+02 1.030000000000000000e+03
5.800000000000000000e+02 1.037000000000000000e+03
5.630000000000000000e+02 1.046000000000000000e+03
4.040000000000000000e+02 9.910000000000000000e+02
5.720000000000000000e+02 1.078000000000000000e+03
7.970000000000000000e+02 1.409000000000000000e+03
6.770000000000000000e+02 1.416000000000000000e+03
7.070000000000000000e+02 1.340000000000000000e+03
7.450000000000000000e+02 1.409000000000000000e+03
8.000000000000000000e+02 1.049000000000000000e+03
5.620000000000000000e+02 1.631000000000000000e+03
6.060000000000000000e+02 1.676000000000000000e+03
7.170000000000000000e+02 1.751000000000000000e+03
4.800000000000000000e+02 1.556000000000000000e+03
6.930000000000000000e+02 1.056000000000000000e+03
7.430000000000000000e+02 1.177000000000000000e+03
7.930000000000000000e+02 1.758000000000000000e+03
6.620000000000000000e+02 1.752000000000000000e+03
4.250000000000000000e+02 1.353000000000000000e+03
7.350000000000000000e+02 1.502000000000000000e+03
7.270000000000000000e+02 1.517000000000000000e+03
7.190000000000000000e+02 1.537000000000000000e+03
7.130000000000000000e+02 1.559000000000000000e+03
6.940000000000000000e+02 1.605000000000000000e+03
6.840000000000000000e+02 1.490000000000000000e+03
6.760000000000000000e+02 1.487000000000000000e+03
6.690000000000000000e+02 1.484000000000000000e+03
6.140000000000000000e+02 1.462000000000000000e+03
4.910000000000000000e+02 1.361000000000000000e+03
7.440000000000000000e+02 1.132000000000000000e+03
7.280000000000000000e+02 1.041000000000000000e+03
7.060000000000000000e+02 1.043000000000000000e+03
6.910000000000000000e+02 1.492000000000000000e+03
4.870000000000000000e+02 1.459000000000000000e+03
7.560000000000000000e+02 1.044000000000000000e+03
6.770000000000000000e+02 1.640000000000000000e+03
7.990000000000000000e+02 1.196000000000000000e+03
7.670000000000000000e+02 1.157000000000000000e+03
7.990000000000000000e+02 1.149000000000000000e+03
7.160000000000000000e+02 1.241000000000000000e+03
7.940000000000000000e+02 1.719000000000000000e+03
7.940000000000000000e+02 1.671000000000000000e+03
7.330000000000000000e+02 1.667000000000000000e+03
5.980000000000000000e+02 1.554000000000000000e+03
6.410000000000000000e+02 1.342000000000000000e+03
6.340000000000000000e+02 1.602000000000000000e+03
5.650000000000000000e+02 1.332000000000000000e+03
6.090000000000000000e+02 1.381000000000000000e+03
5.350000000000000000e+02 1.394000000000000000e+03
7.220000000000000000e+02 1.713000000000000000e+03
6.940000000000000000e+02 1.261000000000000000e+03
5.710000000000000000e+02 1.585000000000000000e+03
6.150000000000000000e+02 1.635000000000000000e+03
5.700000000000000000e+02 1.500000000000000000e+03
4.570000000000000000e+02 1.407000000000000000e+03
5.290000000000000000e+02 1.506000000000000000e+03
4.430000000000000000e+02 1.438000000000000000e+03
5.810000000000000000e+02 1.429000000000000000e+03
7.200000000000000000e+02 1.201000000000000000e+03
7.150000000000000000e+02 1.331000000000000000e+03
6.920000000000000000e+02 1.335000000000000000e+03
7.320000000000000000e+02 1.306000000000000000e+03
6.990000000000000000e+02 1.005000000000000000e+03
6.400000000000000000e+02 9.810000000000000000e+02
5.890000000000000000e+02 9.780000000000000000e+02
5.480000000000000000e+02 9.870000000000000000e+02
5.210000000000000000e+02 1.005000000000000000e+03
5.060000000000000000e+02 1.069000000000000000e+03
4.070000000000000000e+02 1.176000000000000000e+03
5.340000000000000000e+02 1.128000000000000000e+03
5.680000000000000000e+02 1.142000000000000000e+03
6.150000000000000000e+02 1.141000000000000000e+03
6.580000000000000000e+02 1.130000000000000000e+03
6.920000000000000000e+02 1.116000000000000000e+03
7.150000000000000000e+02 1.104000000000000000e+03
4.020000000000000000e+02 1.173000000000000000e+03
6.910000000000000000e+02 1.344000000000000000e+03
7.420000000000000000e+02 1.218000000000000000e+03
7.410000000000000000e+02 1.337000000000000000e+03
7.590000000000000000e+02 1.356000000000000000e+03
7.400000000000000000e+02 1.342000000000000000e+03
7.000000000000000000e+02 1.354000000000000000e+03
7.670000000000000000e+02 1.361000000000000000e+03
7.700000000000000000e+02 1.368000000000000000e+03
7.150000000000000000e+02 1.070000000000000000e+03
7.330000000000000000e+02 1.082000000000000000e+03
7.420000000000000000e+02 1.093000000000000000e+03
5.530000000000000000e+02 1.052000000000000000e+03
5.290000000000000000e+02 1.035000000000000000e+03
8.290000000000000000e+02 1.201000000000000000e+03
1.059000000000000000e+03 1.074000000000000000e+03
8.350000000000000000e+02 1.361000000000000000e+03
1.178000000000000000e+03 9.200000000000000000e+02
9.510000000000000000e+02 1.105000000000000000e+03
9.870000000000000000e+02 1.110000000000000000e+03
1.023000000000000000e+03 1.111000000000000000e+03
1.071000000000000000e+03 1.088000000000000000e+03
9.200000000000000000e+02 1.096000000000000000e+03
1.016000000000000000e+03 9.950000000000000000e+02
9.700000000000000000e+02 9.980000000000000000e+02
1.056000000000000000e+03 1.003000000000000000e+03
1.079000000000000000e+03 1.019000000000000000e+03
1.096000000000000000e+03 1.112000000000000000e+03
9.270000000000000000e+02 1.681000000000000000e+03
1.073000000000000000e+03 1.062000000000000000e+03
1.190000000000000000e+03 1.096000000000000000e+03
1.133000000000000000e+03 1.082000000000000000e+03
9.770000000000000000e+02 1.288000000000000000e+03
8.460000000000000000e+02 1.458000000000000000e+03
8.390000000000000000e+02 1.486000000000000000e+03
8.840000000000000000e+02 1.469000000000000000e+03
9.070000000000000000e+02 1.479000000000000000e+03
8.690000000000000000e+02 1.487000000000000000e+03
8.910000000000000000e+02 1.490000000000000000e+03
9.630000000000000000e+02 1.538000000000000000e+03
8.290000000000000000e+02 1.346000000000000000e+03
8.330000000000000000e+02 1.304000000000000000e+03
1.125000000000000000e+03 9.900000000000000000e+02
9.040000000000000000e+02 1.185000000000000000e+03
9.160000000000000000e+02 1.321000000000000000e+03
9.170000000000000000e+02 1.296000000000000000e+03
1.080000000000000000e+03 1.277000000000000000e+03
8.310000000000000000e+02 1.249000000000000000e+03
1.046000000000000000e+03 9.540000000000000000e+02
1.096000000000000000e+03 9.650000000000000000e+02
1.148000000000000000e+03 8.510000000000000000e+02
8.820000000000000000e+02 9.910000000000000000e+02
9.310000000000000000e+02 1.016000000000000000e+03
9.910000000000000000e+02 1.496000000000000000e+03
1.147000000000000000e+03 1.474000000000000000e+03
8.900000000000000000e+02 1.345000000000000000e+03
8.600000000000000000e+02 1.358000000000000000e+03
9.340000000000000000e+02 1.496000000000000000e+03
9.240000000000000000e+02 1.497000000000000000e+03
1.112000000000000000e+03 9.380000000000000000e+02
9.180000000000000000e+02 1.336000000000000000e+03
9.770000000000000000e+02 9.600000000000000000e+02
9.840000000000000000e+02 9.280000000000000000e+02
1.009000000000000000e+03 7.610000000000000000e+02
1.123000000000000000e+03 8.970000000000000000e+02
9.860000000000000000e+02 8.430000000000000000e+02
1.143000000000000000e+03 9.700000000000000000e+02
1.156000000000000000e+03 9.520000000000000000e+02
8.440000000000000000e+02 1.474000000000000000e+03
8.770000000000000000e+02 1.479000000000000000e+03
8.990000000000000000e+02 1.485000000000000000e+03
8.810000000000000000e+02 1.351000000000000000e+03
9.290000000000000000e+02 1.496000000000000000e+03
9.150000000000000000e+02 1.507000000000000000e+03
9.190000000000000000e+02 1.497000000000000000e+03
8.700000000000000000e+02 1.338000000000000000e+03
8.830000000000000000e+02 1.493000000000000000e+03
8.620000000000000000e+02 1.492000000000000000e+03
8.350000000000000000e+02 1.493000000000000000e+03
8.450000000000000000e+02 1.628000000000000000e+03
8.460000000000000000e+02 1.579000000000000000e+03
8.440000000000000000e+02 1.554000000000000000e+03
8.400000000000000000e+02 1.529000000000000000e+03
8.350000000000000000e+02 1.508000000000000000e+03
8.830000000000000000e+02 1.499000000000000000e+03
8.920000000000000000e+02 1.508000000000000000e+03
9.010000000000000000e+02 1.520000000000000000e+03
9.090000000000000000e+02 1.533000000000000000e+03
9.520000000000000000e+02 1.435000000000000000e+03
1.185000000000000000e+03 1.270000000000000000e+03
8.980000000000000000e+02 1.497000000000000000e+03
9.070000000000000000e+02 1.502000000000000000e+03
8.480000000000000000e+02 1.374000000000000000e+03
9.060000000000000000e+02 1.358000000000000000e+03
8.540000000000000000e+02 1.366000000000000000e+03
9.400000000000000000e+02 1.207000000000000000e+03
9.980000000000000000e+02 1.232000000000000000e+03
9.240000000000000000e+02 1.312000000000000000e+03
1.095000000000000000e+03 7.970000000000000000e+02
1.069000000000000000e+03 8.590000000000000000e+02
1.058000000000000000e+03 9.220000000000000000e+02
9.330000000000000000e+02 1.573000000000000000e+03
8.960000000000000000e+02 9.390000000000000000e+02
9.000000000000000000e+02 8.410000000000000000e+02
9.150000000000000000e+02 7.450000000000000000e+02
1.053000000000000000e+03 1.103000000000000000e+03
1.130000000000000000e+03 1.139000000000000000e+03
9.000000000000000000e+02 1.087000000000000000e+03
1.108000000000000000e+03 1.036000000000000000e+03
8.790000000000000000e+02 1.160000000000000000e+03
8.920000000000000000e+02 1.311000000000000000e+03
1.162000000000000000e+03 1.174000000000000000e+03
1.109000000000000000e+03 1.170000000000000000e+03
1.064000000000000000e+03 1.188000000000000000e+03
9.950000000000000000e+02 1.182000000000000000e+03
9.440000000000000000e+02 1.164000000000000000e+03
9.080000000000000000e+02 1.147000000000000000e+03
8.330000000000000000e+02 1.110000000000000000e+03
1.156000000000000000e+03 1.258000000000000000e+03
1.132000000000000000e+03 1.031000000000000000e+03
8.170000000000000000e+02 1.365000000000000000e+03
9.030000000000000000e+02 1.228000000000000000e+03
1.197000000000000000e+03 1.087000000000000000e+03
8.800000000000000000e+02 1.128000000000000000e+03
9.270000000000000000e+02 1.312000000000000000e+03
1.087000000000000000e+03 1.064000000000000000e+03
8.930000000000000000e+02 1.281000000000000000e+03
1.171000000000000000e+03 1.369000000000000000e+03
9.010000000000000000e+02 1.073000000000000000e+03
8.620000000000000000e+02 1.261000000000000000e+03
1.076000000000000000e+03 1.577000000000000000e+03
1.072000000000000000e+03 1.622000000000000000e+03
1.184000000000000000e+03 1.267000000000000000e+03
1.118000000000000000e+03 1.520000000000000000e+03
1.174000000000000000e+03 1.017000000000000000e+03
9.330000000000000000e+02 1.721000000000000000e+03
8.130000000000000000e+02 1.371000000000000000e+03
9.350000000000000000e+02 1.256000000000000000e+03
1.157000000000000000e+03 1.086000000000000000e+03
1.022000000000000000e+03 1.087000000000000000e+03
9.890000000000000000e+02 1.087000000000000000e+03
9.230000000000000000e+02 1.512000000000000000e+03
1.149000000000000000e+03 1.341000000000000000e+03
8.690000000000000000e+02 1.776000000000000000e+03
9.750000000000000000e+02 1.718000000000000000e+03
1.021000000000000000e+03 1.679000000000000000e+03
9.580000000000000000e+02 1.082000000000000000e+03
9.290000000000000000e+02 1.076000000000000000e+03
9.090000000000000000e+02 1.075000000000000000e+03
1.151000000000000000e+03 1.019000000000000000e+03
9.370000000000000000e+02 1.043000000000000000e+03
9.710000000000000000e+02 1.031000000000000000e+03
1.005000000000000000e+03 1.029000000000000000e+03
1.038000000000000000e+03 1.036000000000000000e+03
1.056000000000000000e+03 1.047000000000000000e+03
1.193000000000000000e+03 9.940000000000000000e+02
1.044000000000000000e+03 1.081000000000000000e+03
9.180000000000000000e+02 1.416000000000000000e+03
8.890000000000000000e+02 1.340000000000000000e+03
8.500000000000000000e+02 1.409000000000000000e+03
1.029000000000000000e+03 1.634000000000000000e+03
9.830000000000000000e+02 1.678000000000000000e+03
8.700000000000000000e+02 1.752000000000000000e+03
1.112000000000000000e+03 1.559000000000000000e+03
9.130000000000000000e+02 1.061000000000000000e+03
8.560000000000000000e+02 1.177000000000000000e+03
9.260000000000000000e+02 1.752000000000000000e+03
1.171000000000000000e+03 1.358000000000000000e+03
8.620000000000000000e+02 1.503000000000000000e+03
8.700000000000000000e+02 1.518000000000000000e+03
8.780000000000000000e+02 1.538000000000000000e+03
8.840000000000000000e+02 1.559000000000000000e+03
8.950000000000000000e+02 1.605000000000000000e+03
9.070000000000000000e+02 1.493000000000000000e+03
9.150000000000000000e+02 1.491000000000000000e+03
9.220000000000000000e+02 1.488000000000000000e+03
9.780000000000000000e+02 1.462000000000000000e+03
1.106000000000000000e+03 1.364000000000000000e+03
8.550000000000000000e+02 1.132000000000000000e+03
8.760000000000000000e+02 1.046000000000000000e+03
8.980000000000000000e+02 1.048000000000000000e+03
8.990000000000000000e+02 1.495000000000000000e+03
1.108000000000000000e+03 1.462000000000000000e+03
8.460000000000000000e+02 1.050000000000000000e+03
9.110000000000000000e+02 1.640000000000000000e+03
8.320000000000000000e+02 1.157000000000000000e+03
8.810000000000000000e+02 1.242000000000000000e+03
8.550000000000000000e+02 1.667000000000000000e+03
9.920000000000000000e+02 1.555000000000000000e+03
9.550000000000000000e+02 1.343000000000000000e+03
9.560000000000000000e+02 1.603000000000000000e+03
1.032000000000000000e+03 1.334000000000000000e+03
9.860000000000000000e+02 1.382000000000000000e+03
1.061000000000000000e+03 1.397000000000000000e+03
8.660000000000000000e+02 1.713000000000000000e+03
9.040000000000000000e+02 1.262000000000000000e+03
1.020000000000000000e+03 1.587000000000000000e+03
9.740000000000000000e+02 1.637000000000000000e+03
1.022000000000000000e+03 1.502000000000000000e+03
1.139000000000000000e+03 1.411000000000000000e+03
1.064000000000000000e+03 1.508000000000000000e+03
1.152000000000000000e+03 1.442000000000000000e+03
1.013000000000000000e+03 1.430000000000000000e+03
8.780000000000000000e+02 1.202000000000000000e+03
8.810000000000000000e+02 1.331000000000000000e+03
9.050000000000000000e+02 1.336000000000000000e+03
8.650000000000000000e+02 1.307000000000000000e+03
9.080000000000000000e+02 1.012000000000000000e+03
9.720000000000000000e+02 9.860000000000000000e+02
1.029000000000000000e+03 9.820000000000000000e+02
1.072000000000000000e+03 9.900000000000000000e+02
1.100000000000000000e+03 1.008000000000000000e+03
1.106000000000000000e+03 1.072000000000000000e+03
1.191000000000000000e+03 1.180000000000000000e+03
1.077000000000000000e+03 1.131000000000000000e+03
1.040000000000000000e+03 1.144000000000000000e+03
9.910000000000000000e+02 1.142000000000000000e+03
9.460000000000000000e+02 1.132000000000000000e+03
9.110000000000000000e+02 1.119000000000000000e+03
8.880000000000000000e+02 1.108000000000000000e+03
1.193000000000000000e+03 1.177000000000000000e+03
9.050000000000000000e+02 1.344000000000000000e+03
8.560000000000000000e+02 1.218000000000000000e+03
8.550000000000000000e+02 1.338000000000000000e+03
8.370000000000000000e+02 1.356000000000000000e+03
8.560000000000000000e+02 1.343000000000000000e+03
8.950000000000000000e+02 1.355000000000000000e+03
8.290000000000000000e+02 1.361000000000000000e+03
8.250000000000000000e+02 1.367000000000000000e+03
8.880000000000000000e+02 1.076000000000000000e+03
8.700000000000000000e+02 1.087000000000000000e+03
8.600000000000000000e+02 1.098000000000000000e+03
1.066000000000000000e+03 1.056000000000000000e+03
1.091000000000000000e+03 1.038000000000000000e+03
6.170000000000000000e+02 1.053000000000000000e+03
6.570000000000000000e+02 1.052000000000000000e+03
6.170000000000000000e+02 1.016000000000000000e+03
5.770000000000000000e+02 1.054000000000000000e+03
6.170000000000000000e+02 1.091000000000000000e+03
9.940000000000000000e+02 1.058000000000000000e+03
1.033000000000000000e+03 1.059000000000000000e+03
9.950000000000000000e+02 1.022000000000000000e+03
9.540000000000000000e+02 1.056000000000000000e+03
9.920000000000000000e+02 1.093000000000000000e+03
0.000000000000000000e+00 0.000000000000000000e+00
1.749000000000000000e+03 0.000000000000000000e+00
1.749000000000000000e+03 2.187000000000000000e+03
0.000000000000000000e+00 2.187000000000000000e+03
8.700000000000000000e+01 0.000000000000000000e+00
8.700000000000000000e+01 2.187000000000000000e+03
0.000000000000000000e+00 1.090000000000000000e+02
1.749000000000000000e+03 1.090000000000000000e+02
1.750000000000000000e+02 0.000000000000000000e+00
1.750000000000000000e+02 2.187000000000000000e+03
0.000000000000000000e+00 2.180000000000000000e+02
1.749000000000000000e+03 2.180000000000000000e+02
2.620000000000000000e+02 0.000000000000000000e+00
2.620000000000000000e+02 2.187000000000000000e+03
0.000000000000000000e+00 3.280000000000000000e+02
1.749000000000000000e+03 3.280000000000000000e+02
3.500000000000000000e+02 0.000000000000000000e+00
3.500000000000000000e+02 2.187000000000000000e+03
0.000000000000000000e+00 4.370000000000000000e+02
1.749000000000000000e+03 4.370000000000000000e+02
4.370000000000000000e+02 0.000000000000000000e+00
4.370000000000000000e+02 2.187000000000000000e+03
0.000000000000000000e+00 5.470000000000000000e+02
1.749000000000000000e+03 5.470000000000000000e+02
5.250000000000000000e+02 0.000000000000000000e+00
5.250000000000000000e+02 2.187000000000000000e+03
0.000000000000000000e+00 6.560000000000000000e+02
1.749000000000000000e+03 6.560000000000000000e+02
6.120000000000000000e+02 0.000000000000000000e+00
6.120000000000000000e+02 2.187000000000000000e+03
0.000000000000000000e+00 7.650000000000000000e+02
1.749000000000000000e+03 7.650000000000000000e+02
7.000000000000000000e+02 0.000000000000000000e+00
7.000000000000000000e+02 2.187000000000000000e+03
0.000000000000000000e+00 8.750000000000000000e+02
1.749000000000000000e+03 8.750000000000000000e+02
7.870000000000000000e+02 0.000000000000000000e+00
7.870000000000000000e+02 2.187000000000000000e+03
0.000000000000000000e+00 9.840000000000000000e+02
1.749000000000000000e+03 9.840000000000000000e+02
8.750000000000000000e+02 0.000000000000000000e+00
8.750000000000000000e+02 2.187000000000000000e+03
0.000000000000000000e+00 1.094000000000000000e+03
1.749000000000000000e+03 1.094000000000000000e+03
9.620000000000000000e+02 0.000000000000000000e+00
9.620000000000000000e+02 2.187000000000000000e+03
0.000000000000000000e+00 1.203000000000000000e+03
1.749000000000000000e+03 1.203000000000000000e+03
1.050000000000000000e+03 0.000000000000000000e+00
1.050000000000000000e+03 2.187000000000000000e+03
0.000000000000000000e+00 1.312000000000000000e+03
1.749000000000000000e+03 1.312000000000000000e+03
1.137000000000000000e+03 0.000000000000000000e+00
1.137000000000000000e+03 2.187000000000000000e+03
0.000000000000000000e+00 1.422000000000000000e+03
1.749000000000000000e+03 1.422000000000000000e+03
1.225000000000000000e+03 0.000000000000000000e+00
1.225000000000000000e+03 2.187000000000000000e+03
0.000000000000000000e+00 1.531000000000000000e+03
1.749000000000000000e+03 1.531000000000000000e+03
1.312000000000000000e+03 0.000000000000000000e+00
1.312000000000000000e+03 2.187000000000000000e+03
0.000000000000000000e+00 1.641000000000000000e+03
1.749000000000000000e+03 1.641000000000000000e+03
1.400000000000000000e+03 0.000000000000000000e+00
1.400000000000000000e+03 2.187000000000000000e+03
0.000000000000000000e+00 1.750000000000000000e+03
1.749000000000000000e+03 1.750000000000000000e+03
1.487000000000000000e+03 0.000000000000000000e+00
1.487000000000000000e+03 2.187000000000000000e+03
0.000000000000000000e+00 1.859000000000000000e+03
1.749000000000000000e+03 1.859000000000000000e+03
1.575000000000000000e+03 0.000000000000000000e+00
1.575000000000000000e+03 2.187000000000000000e+03
0.000000000000000000e+00 1.969000000000000000e+03
1.749000000000000000e+03 1.969000000000000000e+03
1.662000000000000000e+03 0.000000000000000000e+00
1.662000000000000000e+03 2.187000000000000000e+03
0.000000000000000000e+00 2.078000000000000000e+03
1.749000000000000000e+03 2.078000000000000000e+03
