8.660000000000000000e+02 1.459000000000000000e+03
8.500000000000000000e+02 1.324000000000000000e+03
8.530000000000000000e+02 1.351000000000000000e+03
8.210000000000000000e+02 1.179000000000000000e+03
8.490000000000000000e+02 1.283000000000000000e+03
8.500000000000000000e+02 1.225000000000000000e+03
8.540000000000000000e+02 1.078000000000000000e+03
6.160000000000000000e+02 1.049000000000000000e+03
8.550000000000000000e+02 9.780000000000000000e+02
8.550000000000000000e+02 9.260000000000000000e+02
8.580000000000000000e+02 7.160000000000000000e+02
8.660000000000000000e+02 1.469000000000000000e+03
8.660000000000000000e+02 1.478000000000000000e+03
8.660000000000000000e+02 1.484000000000000000e+03
8.660000000000000000e+02 1.484000000000000000e+03
8.670000000000000000e+02 1.497000000000000000e+03
8.670000000000000000e+02 1.513000000000000000e+03
8.660000000000000000e+02 1.529000000000000000e+03
8.600000000000000000e+02 1.560000000000000000e+03
8.510000000000000000e+02 1.341000000000000000e+03
8.150000000000000000e+02 1.335000000000000000e+03
4.850000000000000000e+02 8.780000000000000000e+02
7.110000000000000000e+02 1.086000000000000000e+03
6.760000000000000000e+02 1.088000000000000000e+03
6.430000000000000000e+02 1.085000000000000000e+03
6.010000000000000000e+02 1.062000000000000000e+03
7.400000000000000000e+02 1.077000000000000000e+03
6.560000000000000000e+02 9.750000000000000000e+02
6.970000000000000000e+02 9.790000000000000000e+02
6.200000000000000000e+02 9.820000000000000000e+02
5.980000000000000000e+02 9.980000000000000000e+02
5.700000000000000000e+02 1.085000000000000000e+03
7.280000000000000000e+02 1.618000000000000000e+03
6.030000000000000000e+02 1.037000000000000000e+03
4.630000000000000000e+02 1.050000000000000000e+03
5.290000000000000000e+02 1.056000000000000000e+03
6.760000000000000000e+02 1.256000000000000000e+03
8.220000000000000000e+02 1.451000000000000000e+03
8.250000000000000000e+02 1.474000000000000000e+03
7.830000000000000000e+02 1.455000000000000000e+03
7.550000000000000000e+02 1.458000000000000000e+03
7.920000000000000000e+02 1.470000000000000000e+03
7.650000000000000000e+02 1.467000000000000000e+03
6.930000000000000000e+02 1.487000000000000000e+03
8.190000000000000000e+02 1.322000000000000000e+03
8.140000000000000000e+02 1.282000000000000000e+03
5.460000000000000000e+02 9.670000000000000000e+02
7.510000000000000000e+02 1.156000000000000000e+03
7.390000000000000000e+02 1.293000000000000000e+03
7.380000000000000000e+02 1.269000000000000000e+03
5.690000000000000000e+02 1.243000000000000000e+03
8.170000000000000000e+02 1.228000000000000000e+03
6.260000000000000000e+02 9.280000000000000000e+02
5.780000000000000000e+02 9.410000000000000000e+02
5.170000000000000000e+02 8.140000000000000000e+02
7.810000000000000000e+02 9.630000000000000000e+02
7.320000000000000000e+02 9.960000000000000000e+02
6.630000000000000000e+02 1.453000000000000000e+03
5.020000000000000000e+02 1.412000000000000000e+03
7.650000000000000000e+02 1.317000000000000000e+03
7.930000000000000000e+02 1.330000000000000000e+03
7.140000000000000000e+02 1.460000000000000000e+03
7.220000000000000000e+02 1.462000000000000000e+03
5.590000000000000000e+02 9.160000000000000000e+02
7.370000000000000000e+02 1.306000000000000000e+03
6.920000000000000000e+02 9.320000000000000000e+02
6.850000000000000000e+02 9.020000000000000000e+02
6.530000000000000000e+02 7.330000000000000000e+02
5.390000000000000000e+02 8.620000000000000000e+02
6.730000000000000000e+02 8.170000000000000000e+02
5.260000000000000000e+02 9.470000000000000000e+02
5.040000000000000000e+02 9.120000000000000000e+02
8.230000000000000000e+02 1.464000000000000000e+03
7.870000000000000000e+02 1.463000000000000000e+03
7.600000000000000000e+02 1.462000000000000000e+03
7.730000000000000000e+02 1.323000000000000000e+03
7.180000000000000000e+02 1.461000000000000000e+03
7.360000000000000000e+02 1.472000000000000000e+03
7.260000000000000000e+02 1.463000000000000000e+03
7.810000000000000000e+02 1.313000000000000000e+03
7.690000000000000000e+02 1.472000000000000000e+03
7.960000000000000000e+02 1.476000000000000000e+03
8.280000000000000000e+02 1.481000000000000000e+03
8.120000000000000000e+02 1.558000000000000000e+03
8.210000000000000000e+02 1.524000000000000000e+03
8.220000000000000000e+02 1.508000000000000000e+03
8.250000000000000000e+02 1.493000000000000000e+03
8.290000000000000000e+02 1.480000000000000000e+03
7.690000000000000000e+02 1.471000000000000000e+03
7.630000000000000000e+02 1.476000000000000000e+03
7.570000000000000000e+02 1.483000000000000000e+03
7.520000000000000000e+02 1.491000000000000000e+03
7.020000000000000000e+02 1.401000000000000000e+03
4.650000000000000000e+02 1.212000000000000000e+03
8.520000000000000000e+02 1.346000000000000000e+03
7.490000000000000000e+02 1.467000000000000000e+03
7.430000000000000000e+02 1.469000000000000000e+03
8.050000000000000000e+02 1.346000000000000000e+03
7.500000000000000000e+02 1.327000000000000000e+03
7.990000000000000000e+02 1.338000000000000000e+03
7.150000000000000000e+02 1.176000000000000000e+03
6.550000000000000000e+02 1.201000000000000000e+03
7.320000000000000000e+02 1.283000000000000000e+03
5.700000000000000000e+02 7.650000000000000000e+02
5.920000000000000000e+02 8.290000000000000000e+02
6.130000000000000000e+02 8.990000000000000000e+02
7.250000000000000000e+02 1.515000000000000000e+03
7.690000000000000000e+02 9.120000000000000000e+02
7.590000000000000000e+02 8.170000000000000000e+02
7.460000000000000000e+02 7.190000000000000000e+02
6.160000000000000000e+02 1.077000000000000000e+03
5.320000000000000000e+02 1.110000000000000000e+03
7.590000000000000000e+02 1.069000000000000000e+03
5.650000000000000000e+02 1.013000000000000000e+03
7.760000000000000000e+02 1.132000000000000000e+03
7.590000000000000000e+02 1.286000000000000000e+03
4.860000000000000000e+02 1.133000000000000000e+03
5.550000000000000000e+02 1.140000000000000000e+03
5.980000000000000000e+02 1.158000000000000000e+03
6.650000000000000000e+02 1.154000000000000000e+03
7.150000000000000000e+02 1.140000000000000000e+03
7.510000000000000000e+02 1.123000000000000000e+03
8.200000000000000000e+02 1.086000000000000000e+03
4.900000000000000000e+02 1.217000000000000000e+03
5.360000000000000000e+02 1.006000000000000000e+03
8.310000000000000000e+02 1.339000000000000000e+03
7.530000000000000000e+02 1.200000000000000000e+03
4.590000000000000000e+02 1.036000000000000000e+03
7.780000000000000000e+02 1.105000000000000000e+03
7.300000000000000000e+02 1.281000000000000000e+03
5.870000000000000000e+02 1.039000000000000000e+03
7.600000000000000000e+02 1.256000000000000000e+03
4.780000000000000000e+02 1.310000000000000000e+03
7.580000000000000000e+02 1.055000000000000000e+03
7.870000000000000000e+02 1.238000000000000000e+03
5.730000000000000000e+02 1.520000000000000000e+03
5.790000000000000000e+02 1.559000000000000000e+03
4.620000000000000000e+02 1.217000000000000000e+03
5.270000000000000000e+02 1.464000000000000000e+03
4.820000000000000000e+02 9.740000000000000000e+02
7.230000000000000000e+02 1.654000000000000000e+03
8.360000000000000000e+02 1.344000000000000000e+03
7.210000000000000000e+02 1.226000000000000000e+03
5.000000000000000000e+02 1.059000000000000000e+03
6.470000000000000000e+02 1.063000000000000000e+03
6.760000000000000000e+02 1.067000000000000000e+03
7.310000000000000000e+02 1.475000000000000000e+03
4.960000000000000000e+02 1.297000000000000000e+03
7.890000000000000000e+02 1.704000000000000000e+03
6.830000000000000000e+02 1.650000000000000000e+03
6.360000000000000000e+02 1.613000000000000000e+03
8.570000000000000000e+02 8.190000000000000000e+02
8.630000000000000000e+02 1.712000000000000000e+03
7.050000000000000000e+02 1.065000000000000000e+03
7.320000000000000000e+02 1.060000000000000000e+03
7.500000000000000000e+02 1.057000000000000000e+03
5.110000000000000000e+02 9.950000000000000000e+02
7.270000000000000000e+02 1.024000000000000000e+03
6.970000000000000000e+02 1.011000000000000000e+03
6.660000000000000000e+02 1.009000000000000000e+03
6.370000000000000000e+02 1.016000000000000000e+03
6.200000000000000000e+02 1.025000000000000000e+03
4.670000000000000000e+02 9.480000000000000000e+02
6.290000000000000000e+02 1.056000000000000000e+03
8.540000000000000000e+02 1.380000000000000000e+03
7.380000000000000000e+02 1.384000000000000000e+03
7.650000000000000000e+02 1.313000000000000000e+03
8.040000000000000000e+02 1.380000000000000000e+03
8.550000000000000000e+02 1.024000000000000000e+03
6.240000000000000000e+02 1.573000000000000000e+03
6.720000000000000000e+02 1.614000000000000000e+03
7.860000000000000000e+02 1.682000000000000000e+03
5.370000000000000000e+02 1.495000000000000000e+03
7.480000000000000000e+02 1.043000000000000000e+03
7.970000000000000000e+02 1.153000000000000000e+03
8.620000000000000000e+02 1.689000000000000000e+03
7.320000000000000000e+02 1.683000000000000000e+03
4.730000000000000000e+02 1.305000000000000000e+03
7.960000000000000000e+02 1.476000000000000000e+03
7.900000000000000000e+02 1.485000000000000000e+03
7.850000000000000000e+02 1.497000000000000000e+03
7.820000000000000000e+02 1.511000000000000000e+03
7.630000000000000000e+02 1.540000000000000000e+03
7.430000000000000000e+02 1.464000000000000000e+03
7.380000000000000000e+02 1.461000000000000000e+03
7.340000000000000000e+02 1.458000000000000000e+03
6.750000000000000000e+02 1.424000000000000000e+03
5.400000000000000000e+02 1.325000000000000000e+03
7.990000000000000000e+02 1.107000000000000000e+03
7.830000000000000000e+02 1.026000000000000000e+03
7.620000000000000000e+02 1.029000000000000000e+03
7.490000000000000000e+02 1.467000000000000000e+03
5.380000000000000000e+02 1.415000000000000000e+03
8.120000000000000000e+02 1.027000000000000000e+03
7.440000000000000000e+02 1.578000000000000000e+03
8.510000000000000000e+02 1.175000000000000000e+03
8.200000000000000000e+02 1.135000000000000000e+03
8.530000000000000000e+02 1.128000000000000000e+03
7.720000000000000000e+02 1.216000000000000000e+03
8.610000000000000000e+02 1.652000000000000000e+03
8.600000000000000000e+02 1.604000000000000000e+03
8.010000000000000000e+02 1.601000000000000000e+03
6.610000000000000000e+02 1.505000000000000000e+03
7.000000000000000000e+02 1.310000000000000000e+03
7.000000000000000000e+02 1.547000000000000000e+03
6.170000000000000000e+02 1.300000000000000000e+03
6.660000000000000000e+02 1.348000000000000000e+03
5.860000000000000000e+02 1.359000000000000000e+03
7.890000000000000000e+02 1.647000000000000000e+03
7.520000000000000000e+02 1.235000000000000000e+03
6.330000000000000000e+02 1.533000000000000000e+03
6.800000000000000000e+02 1.578000000000000000e+03
6.280000000000000000e+02 1.457000000000000000e+03
5.060000000000000000e+02 1.363000000000000000e+03
5.840000000000000000e+02 1.461000000000000000e+03
4.920000000000000000e+02 1.387000000000000000e+03
6.370000000000000000e+02 1.393000000000000000e+03
7.760000000000000000e+02 1.176000000000000000e+03
7.700000000000000000e+02 1.306000000000000000e+03
7.490000000000000000e+02 1.309000000000000000e+03
7.840000000000000000e+02 1.284000000000000000e+03
7.550000000000000000e+02 9.890000000000000000e+02
6.960000000000000000e+02 9.630000000000000000e+02
6.440000000000000000e+02 9.600000000000000000e+02
6.030000000000000000e+02 9.680000000000000000e+02
5.770000000000000000e+02 9.850000000000000000e+02
5.620000000000000000e+02 1.047000000000000000e+03
4.570000000000000000e+02 1.133000000000000000e+03
5.890000000000000000e+02 1.103000000000000000e+03
6.230000000000000000e+02 1.116000000000000000e+03
6.700000000000000000e+02 1.118000000000000000e+03
7.140000000000000000e+02 1.110000000000000000e+03
7.470000000000000000e+02 1.098000000000000000e+03
7.710000000000000000e+02 1.087000000000000000e+03
4.610000000000000000e+02 1.122000000000000000e+03
7.500000000000000000e+02 1.316000000000000000e+03
7.950000000000000000e+02 1.195000000000000000e+03
7.940000000000000000e+02 1.314000000000000000e+03
8.120000000000000000e+02 1.330000000000000000e+03
7.940000000000000000e+02 1.317000000000000000e+03
7.600000000000000000e+02 1.325000000000000000e+03
8.200000000000000000e+02 1.336000000000000000e+03
8.240000000000000000e+02 1.341000000000000000e+03
7.700000000000000000e+02 1.057000000000000000e+03
7.880000000000000000e+02 1.067000000000000000e+03
7.990000000000000000e+02 1.076000000000000000e+03
6.110000000000000000e+02 1.032000000000000000e+03
5.850000000000000000e+02 1.015000000000000000e+03
8.830000000000000000e+02 1.179000000000000000e+03
1.114000000000000000e+03 1.048000000000000000e+03
8.900000000000000000e+02 1.334000000000000000e+03
1.259000000000000000e+03 8.760000000000000000e+02
1.009000000000000000e+03 1.080000000000000000e+03
1.044000000000000000e+03 1.084000000000000000e+03
1.080000000000000000e+03 1.083000000000000000e+03
1.129000000000000000e+03 1.060000000000000000e+03
9.800000000000000000e+02 1.072000000000000000e+03
1.071000000000000000e+03 9.750000000000000000e+02
1.028000000000000000e+03 9.780000000000000000e+02
1.109000000000000000e+03 9.830000000000000000e+02
1.132000000000000000e+03 9.980000000000000000e+02
1.159000000000000000e+03 1.082000000000000000e+03
9.950000000000000000e+02 1.620000000000000000e+03
1.129000000000000000e+03 1.036000000000000000e+03
1.283000000000000000e+03 1.050000000000000000e+03
1.204000000000000000e+03 1.052000000000000000e+03
1.044000000000000000e+03 1.256000000000000000e+03
9.100000000000000000e+02 1.451000000000000000e+03
9.060000000000000000e+02 1.475000000000000000e+03
9.490000000000000000e+02 1.456000000000000000e+03
9.770000000000000000e+02 1.460000000000000000e+03
9.400000000000000000e+02 1.472000000000000000e+03
9.660000000000000000e+02 1.469000000000000000e+03
1.030000000000000000e+03 1.488000000000000000e+03
8.810000000000000000e+02 1.322000000000000000e+03
8.850000000000000000e+02 1.282000000000000000e+03
1.184000000000000000e+03 9.710000000000000000e+02
9.660000000000000000e+02 1.155000000000000000e+03
9.700000000000000000e+02 1.294000000000000000e+03
9.730000000000000000e+02 1.270000000000000000e+03
1.157000000000000000e+03 1.242000000000000000e+03
8.840000000000000000e+02 1.228000000000000000e+03
1.098000000000000000e+03 9.360000000000000000e+02
1.149000000000000000e+03 9.470000000000000000e+02
1.221000000000000000e+03 8.120000000000000000e+02
9.330000000000000000e+02 9.710000000000000000e+02
9.910000000000000000e+02 9.940000000000000000e+02
1.060000000000000000e+03 1.452000000000000000e+03
1.247000000000000000e+03 1.412000000000000000e+03
9.440000000000000000e+02 1.318000000000000000e+03
9.150000000000000000e+02 1.330000000000000000e+03
1.016000000000000000e+03 1.464000000000000000e+03
1.008000000000000000e+03 1.465000000000000000e+03
1.170000000000000000e+03 9.210000000000000000e+02
9.730000000000000000e+02 1.307000000000000000e+03
1.027000000000000000e+03 9.410000000000000000e+02
1.035000000000000000e+03 9.090000000000000000e+02
1.072000000000000000e+03 7.320000000000000000e+02
1.193000000000000000e+03 8.640000000000000000e+02
1.046000000000000000e+03 8.170000000000000000e+02
1.207000000000000000e+03 9.490000000000000000e+02
1.234000000000000000e+03 9.130000000000000000e+02
9.090000000000000000e+02 1.465000000000000000e+03
9.450000000000000000e+02 1.465000000000000000e+03
9.720000000000000000e+02 1.464000000000000000e+03
9.360000000000000000e+02 1.324000000000000000e+03
1.012000000000000000e+03 1.465000000000000000e+03
9.950000000000000000e+02 1.475000000000000000e+03
1.004000000000000000e+03 1.466000000000000000e+03
9.240000000000000000e+02 1.312000000000000000e+03
9.620000000000000000e+02 1.473000000000000000e+03
9.350000000000000000e+02 1.477000000000000000e+03
9.030000000000000000e+02 1.481000000000000000e+03
9.080000000000000000e+02 1.559000000000000000e+03
9.110000000000000000e+02 1.525000000000000000e+03
9.100000000000000000e+02 1.509000000000000000e+03
9.080000000000000000e+02 1.494000000000000000e+03
9.040000000000000000e+02 1.481000000000000000e+03
9.620000000000000000e+02 1.474000000000000000e+03
9.690000000000000000e+02 1.479000000000000000e+03
9.760000000000000000e+02 1.486000000000000000e+03
9.810000000000000000e+02 1.495000000000000000e+03
1.015000000000000000e+03 1.400000000000000000e+03
1.288000000000000000e+03 1.211000000000000000e+03
9.820000000000000000e+02 1.470000000000000000e+03
9.890000000000000000e+02 1.472000000000000000e+03
9.030000000000000000e+02 1.346000000000000000e+03
9.630000000000000000e+02 1.328000000000000000e+03
9.090000000000000000e+02 1.338000000000000000e+03
1.004000000000000000e+03 1.176000000000000000e+03
1.067000000000000000e+03 1.201000000000000000e+03
9.800000000000000000e+02 1.284000000000000000e+03
1.162000000000000000e+03 7.630000000000000000e+02
1.133000000000000000e+03 8.300000000000000000e+02
1.111000000000000000e+03 9.040000000000000000e+02
9.970000000000000000e+02 1.516000000000000000e+03
9.460000000000000000e+02 9.200000000000000000e+02
9.570000000000000000e+02 8.160000000000000000e+02
9.740000000000000000e+02 7.180000000000000000e+02
1.111000000000000000e+03 1.076000000000000000e+03
1.198000000000000000e+03 1.107000000000000000e+03
9.610000000000000000e+02 1.064000000000000000e+03
1.167000000000000000e+03 1.013000000000000000e+03
9.400000000000000000e+02 1.132000000000000000e+03
9.470000000000000000e+02 1.286000000000000000e+03
1.250000000000000000e+03 1.133000000000000000e+03
1.169000000000000000e+03 1.138000000000000000e+03
1.120000000000000000e+03 1.156000000000000000e+03
1.050000000000000000e+03 1.151000000000000000e+03
1.000000000000000000e+03 1.136000000000000000e+03
9.640000000000000000e+02 1.120000000000000000e+03
8.900000000000000000e+02 1.086000000000000000e+03
1.244000000000000000e+03 1.217000000000000000e+03
1.197000000000000000e+03 1.006000000000000000e+03
8.700000000000000000e+02 1.339000000000000000e+03
9.630000000000000000e+02 1.200000000000000000e+03
1.295000000000000000e+03 1.034000000000000000e+03
9.370000000000000000e+02 1.102000000000000000e+03
9.840000000000000000e+02 1.282000000000000000e+03
1.145000000000000000e+03 1.037000000000000000e+03
9.490000000000000000e+02 1.256000000000000000e+03
1.274000000000000000e+03 1.309000000000000000e+03
9.630000000000000000e+02 1.051000000000000000e+03
9.170000000000000000e+02 1.238000000000000000e+03
1.160000000000000000e+03 1.522000000000000000e+03
1.158000000000000000e+03 1.559000000000000000e+03
1.282000000000000000e+03 1.218000000000000000e+03
1.209000000000000000e+03 1.465000000000000000e+03
1.260000000000000000e+03 9.740000000000000000e+02
1.003000000000000000e+03 1.657000000000000000e+03
8.680000000000000000e+02 1.344000000000000000e+03
9.970000000000000000e+02 1.226000000000000000e+03
1.237000000000000000e+03 1.054000000000000000e+03
1.076000000000000000e+03 1.062000000000000000e+03
1.045000000000000000e+03 1.063000000000000000e+03
1.001000000000000000e+03 1.478000000000000000e+03
1.238000000000000000e+03 1.297000000000000000e+03
9.370000000000000000e+02 1.706000000000000000e+03
1.048000000000000000e+03 1.652000000000000000e+03
1.099000000000000000e+03 1.615000000000000000e+03
1.016000000000000000e+03 1.059000000000000000e+03
9.880000000000000000e+02 1.054000000000000000e+03
9.710000000000000000e+02 1.052000000000000000e+03
1.225000000000000000e+03 9.920000000000000000e+02
9.980000000000000000e+02 1.020000000000000000e+03
1.030000000000000000e+03 1.007000000000000000e+03
1.062000000000000000e+03 1.006000000000000000e+03
1.093000000000000000e+03 1.013000000000000000e+03
1.111000000000000000e+03 1.023000000000000000e+03
1.282000000000000000e+03 9.450000000000000000e+02
1.098000000000000000e+03 1.056000000000000000e+03
9.770000000000000000e+02 1.384000000000000000e+03
9.430000000000000000e+02 1.314000000000000000e+03
9.070000000000000000e+02 1.380000000000000000e+03
1.106000000000000000e+03 1.576000000000000000e+03
1.056000000000000000e+03 1.617000000000000000e+03
9.380000000000000000e+02 1.684000000000000000e+03
1.206000000000000000e+03 1.495000000000000000e+03
9.740000000000000000e+02 1.039000000000000000e+03
9.130000000000000000e+02 1.153000000000000000e+03
9.960000000000000000e+02 1.684000000000000000e+03
1.268000000000000000e+03 1.306000000000000000e+03
9.360000000000000000e+02 1.478000000000000000e+03
9.430000000000000000e+02 1.487000000000000000e+03
9.470000000000000000e+02 1.499000000000000000e+03
9.500000000000000000e+02 1.513000000000000000e+03
9.570000000000000000e+02 1.541000000000000000e+03
9.880000000000000000e+02 1.467000000000000000e+03
9.930000000000000000e+02 1.464000000000000000e+03
9.980000000000000000e+02 1.461000000000000000e+03
1.045000000000000000e+03 1.423000000000000000e+03
1.189000000000000000e+03 1.324000000000000000e+03
9.140000000000000000e+02 1.106000000000000000e+03
9.360000000000000000e+02 1.024000000000000000e+03
9.590000000000000000e+02 1.026000000000000000e+03
9.820000000000000000e+02 1.470000000000000000e+03
1.193000000000000000e+03 1.414000000000000000e+03
9.010000000000000000e+02 1.028000000000000000e+03
9.780000000000000000e+02 1.580000000000000000e+03
8.870000000000000000e+02 1.135000000000000000e+03
9.390000000000000000e+02 1.217000000000000000e+03
9.200000000000000000e+02 1.602000000000000000e+03
1.063000000000000000e+03 1.506000000000000000e+03
1.017000000000000000e+03 1.310000000000000000e+03
1.024000000000000000e+03 1.548000000000000000e+03
1.106000000000000000e+03 1.299000000000000000e+03
1.053000000000000000e+03 1.347000000000000000e+03
1.139000000000000000e+03 1.358000000000000000e+03
9.320000000000000000e+02 1.648000000000000000e+03
9.620000000000000000e+02 1.235000000000000000e+03
1.094000000000000000e+03 1.534000000000000000e+03
1.045000000000000000e+03 1.580000000000000000e+03
1.095000000000000000e+03 1.457000000000000000e+03
1.228000000000000000e+03 1.363000000000000000e+03
1.143000000000000000e+03 1.461000000000000000e+03
1.248000000000000000e+03 1.388000000000000000e+03
1.085000000000000000e+03 1.393000000000000000e+03
9.370000000000000000e+02 1.176000000000000000e+03
9.350000000000000000e+02 1.306000000000000000e+03
9.590000000000000000e+02 1.309000000000000000e+03
9.180000000000000000e+02 1.283000000000000000e+03
9.660000000000000000e+02 9.910000000000000000e+02
1.027000000000000000e+03 9.670000000000000000e+02
1.081000000000000000e+03 9.630000000000000000e+02
1.124000000000000000e+03 9.710000000000000000e+02
1.153000000000000000e+03 9.870000000000000000e+02
1.170000000000000000e+03 1.045000000000000000e+03
1.288000000000000000e+03 1.133000000000000000e+03
1.137000000000000000e+03 1.101000000000000000e+03
1.098000000000000000e+03 1.114000000000000000e+03
1.048000000000000000e+03 1.114000000000000000e+03
1.004000000000000000e+03 1.105000000000000000e+03
9.700000000000000000e+02 1.094000000000000000e+03
9.470000000000000000e+02 1.084000000000000000e+03
1.294000000000000000e+03 1.120000000000000000e+03
9.590000000000000000e+02 1.316000000000000000e+03
9.120000000000000000e+02 1.194000000000000000e+03
9.080000000000000000e+02 1.313000000000000000e+03
8.910000000000000000e+02 1.330000000000000000e+03
9.100000000000000000e+02 1.317000000000000000e+03
9.510000000000000000e+02 1.326000000000000000e+03
8.830000000000000000e+02 1.335000000000000000e+03
8.800000000000000000e+02 1.340000000000000000e+03
9.500000000000000000e+02 1.053000000000000000e+03
9.290000000000000000e+02 1.064000000000000000e+03
9.160000000000000000e+02 1.074000000000000000e+03
1.121000000000000000e+03 1.030000000000000000e+03
1.146000000000000000e+03 1.015000000000000000e+03
6.790000000000000000e+02 1.035000000000000000e+03
7.150000000000000000e+02 1.035000000000000000e+03
6.790000000000000000e+02 1.002000000000000000e+03
6.420000000000000000e+02 1.034000000000000000e+03
6.780000000000000000e+02 1.068000000000000000e+03
1.052000000000000000e+03 1.030000000000000000e+03
1.091000000000000000e+03 1.030000000000000000e+03
1.052000000000000000e+03 9.940000000000000000e+02
1.013000000000000000e+03 1.029000000000000000e+03
1.053000000000000000e+03 1.065000000000000000e+03
0.000000000000000000e+00 0.000000000000000000e+00
1.749000000000000000e+03 0.000000000000000000e+00
1.749000000000000000e+03 2.187000000000000000e+03
0.000000000000000000e+00 2.187000000000000000e+03
8.700000000000000000e+01 0.000000000000000000e+00
8.700000000000000000e+01 2.187000000000000000e+03
0.000000000000000000e+00 1.090000000000000000e+02
1.749000000000000000e+03 1.090000000000000000e+02
1.750000000000000000e+02 0.000000000000000000e+00
1.750000000000000000e+02 2.187000000000000000e+03
0.000000000000000000e+00 2.180000000000000000e+02
1.749000000000000000e+03 2.180000000000000000e+02
2.620000000000000000e+02 0.000000000000000000e+00
2.620000000000000000e+02 2.187000000000000000e+03
0.000000000000000000e+00 3.280000000000000000e+02
1.749000000000000000e+03 3.280000000000000000e+02
3.500000000000000000e+02 0.000000000000000000e+00
3.500000000000000000e+02 2.187000000000000000e+03
0.000000000000000000e+00 4.370000000000000000e+02
1.749000000000000000e+03 4.370000000000000000e+02
4.370000000000000000e+02 0.000000000000000000e+00
4.370000000000000000e+02 2.187000000000000000e+03
0.000000000000000000e+00 5.470000000000000000e+02
1.749000000000000000e+03 5.470000000000000000e+02
5.250000000000000000e+02 0.000000000000000000e+00
5.250000000000000000e+02 2.187000000000000000e+03
0.000000000000000000e+00 6.560000000000000000e+02
1.749000000000000000e+03 6.560000000000000000e+02
6.120000000000000000e+02 0.000000000000000000e+00
6.120000000000000000e+02 2.187000000000000000e+03
0.000000000000000000e+00 7.650000000000000000e+02
1.749000000000000000e+03 7.650000000000000000e+02
7.000000000000000000e+02 0.000000000000000000e+00
7.000000000000000000e+02 2.187000000000000000e+03
0.000000000000000000e+00 8.750000000000000000e+02
1.749000000000000000e+03 8.750000000000000000e+02
7.870000000000000000e+02 0.000000000000000000e+00
7.870000000000000000e+02 2.187000000000000000e+03
0.000000000000000000e+00 9.840000000000000000e+02
1.749000000000000000e+03 9.840000000000000000e+02
8.750000000000000000e+02 0.000000000000000000e+00
8.750000000000000000e+02 2.187000000000000000e+03
0.000000000000000000e+00 1.094000000000000000e+03
1.749000000000000000e+03 1.094000000000000000e+03
9.620000000000000000e+02 0.000000000000000000e+00
9.620000000000000000e+02 2.187000000000000000e+03
0.000000000000000000e+00 1.203000000000000000e+03
1.749000000000000000e+03 1.203000000000000000e+03
1.050000000000000000e+03 0.000000000000000000e+00
1.050000000000000000e+03 2.187000000000000000e+03
0.000000000000000000e+00 1.312000000000000000e+03
1.749000000000000000e+03 1.312000000000000000e+03
1.137000000000000000e+03 0.000000000000000000e+00
1.137000000000000000e+03 2.187000000000000000e+03
0.000000000000000000e+00 1.422000000000000000e+03
1.749000000000000000e+03 1.422000000000000000e+03
1.225000000000000000e+03 0.000000000000000000e+00
1.225000000000000000e+03 2.187000000000000000e+03
0.000000000000000000e+00 1.531000000000000000e+03
1.749000000000000000e+03 1.531000000000000000e+03
1.312000000000000000e+03 0.000000000000000000e+00
1.312000000000000000e+03 2.187000000000000000e+03
0.000000000000000000e+00 1.641000000000000000e+03
1.749000000000000000e+03 1.641000000000000000e+03
1.400000000000000000e+03 0.000000000000000000e+00
1.400000000000000000e+03 2.187000000000000000e+03
0.000000000000000000e+00 1.750000000000000000e+03
1.749000000000000000e+03 1.750000000000000000e+03
1.487000000000000000e+03 0.000000000000000000e+00
1.487000000000000000e+03 2.187000000000000000e+03
0.000000000000000000e+00 1.859000000000000000e+03
1.749000000000000000e+03 1.859000000000000000e+03
1.575000000000000000e+03 0.000000000000000000e+00
1.575000000000000000e+03 2.187000000000000000e+03
0.000000000000000000e+00 1.969000000000000000e+03
1.749000000000000000e+03 1.969000000000000000e+03
1.662000000000000000e+03 0.000000000000000000e+00
1.662000000000000000e+03 2.187000000000000000e+03
0.000000000000000000e+00 2.078000000000000000e+03
1.749000000000000000e+03 2.078000000000000000e+03
