8.800000000000000000e+02 1.417000000000000000e+03
8.690000000000000000e+02 1.272000000000000000e+03
8.680000000000000000e+02 1.303000000000000000e+03
8.370000000000000000e+02 1.146000000000000000e+03
8.690000000000000000e+02 1.234000000000000000e+03
8.670000000000000000e+02 1.183000000000000000e+03
8.640000000000000000e+02 1.059000000000000000e+03
6.270000000000000000e+02 1.043000000000000000e+03
8.620000000000000000e+02 9.890000000000000000e+02
8.620000000000000000e+02 9.460000000000000000e+02
8.580000000000000000e+02 7.530000000000000000e+02
8.790000000000000000e+02 1.431000000000000000e+03
8.780000000000000000e+02 1.445000000000000000e+03
8.770000000000000000e+02 1.454000000000000000e+03
8.760000000000000000e+02 1.455000000000000000e+03
8.770000000000000000e+02 1.476000000000000000e+03
8.770000000000000000e+02 1.501000000000000000e+03
8.770000000000000000e+02 1.526000000000000000e+03
8.730000000000000000e+02 1.556000000000000000e+03
8.690000000000000000e+02 1.289000000000000000e+03
8.320000000000000000e+02 1.286000000000000000e+03
5.080000000000000000e+02 9.140000000000000000e+02
7.260000000000000000e+02 1.064000000000000000e+03
6.930000000000000000e+02 1.068000000000000000e+03
6.590000000000000000e+02 1.071000000000000000e+03
6.140000000000000000e+02 1.058000000000000000e+03
7.520000000000000000e+02 1.058000000000000000e+03
6.620000000000000000e+02 9.880000000000000000e+02
7.020000000000000000e+02 9.890000000000000000e+02
6.270000000000000000e+02 9.950000000000000000e+02
6.050000000000000000e+02 1.008000000000000000e+03
5.880000000000000000e+02 1.082000000000000000e+03
7.430000000000000000e+02 1.604000000000000000e+03
6.130000000000000000e+02 1.039000000000000000e+03
4.960000000000000000e+02 1.068000000000000000e+03
5.490000000000000000e+02 1.062000000000000000e+03
6.990000000000000000e+02 1.231000000000000000e+03
8.340000000000000000e+02 1.411000000000000000e+03
8.370000000000000000e+02 1.444000000000000000e+03
7.890000000000000000e+02 1.421000000000000000e+03
7.560000000000000000e+02 1.431000000000000000e+03
8.000000000000000000e+02 1.444000000000000000e+03
7.700000000000000000e+02 1.445000000000000000e+03
7.120000000000000000e+02 1.477000000000000000e+03
8.400000000000000000e+02 1.271000000000000000e+03
8.340000000000000000e+02 1.235000000000000000e+03
5.550000000000000000e+02 9.870000000000000000e+02
7.650000000000000000e+02 1.136000000000000000e+03
7.530000000000000000e+02 1.255000000000000000e+03
7.510000000000000000e+02 1.234000000000000000e+03
6.060000000000000000e+02 1.227000000000000000e+03
8.350000000000000000e+02 1.187000000000000000e+03
6.280000000000000000e+02 9.550000000000000000e+02
5.830000000000000000e+02 9.650000000000000000e+02
5.370000000000000000e+02 8.540000000000000000e+02
7.850000000000000000e+02 9.790000000000000000e+02
7.370000000000000000e+02 1.000000000000000000e+03
6.870000000000000000e+02 1.439000000000000000e+03
5.330000000000000000e+02 1.406000000000000000e+03
7.790000000000000000e+02 1.275000000000000000e+03
8.080000000000000000e+02 1.287000000000000000e+03
7.130000000000000000e+02 1.448000000000000000e+03
7.210000000000000000e+02 1.448000000000000000e+03
5.640000000000000000e+02 9.440000000000000000e+02
7.510000000000000000e+02 1.270000000000000000e+03
6.950000000000000000e+02 9.570000000000000000e+02
6.850000000000000000e+02 9.300000000000000000e+02
6.670000000000000000e+02 7.730000000000000000e+02
5.600000000000000000e+02 8.970000000000000000e+02
6.890000000000000000e+02 8.490000000000000000e+02
5.370000000000000000e+02 9.720000000000000000e+02
5.280000000000000000e+02 9.430000000000000000e+02
8.350000000000000000e+02 1.429000000000000000e+03
7.940000000000000000e+02 1.433000000000000000e+03
7.630000000000000000e+02 1.438000000000000000e+03
7.870000000000000000e+02 1.282000000000000000e+03
7.170000000000000000e+02 1.448000000000000000e+03
7.350000000000000000e+02 1.460000000000000000e+03
7.260000000000000000e+02 1.448000000000000000e+03
7.980000000000000000e+02 1.265000000000000000e+03
7.750000000000000000e+02 1.451000000000000000e+03
8.050000000000000000e+02 1.452000000000000000e+03
8.390000000000000000e+02 1.453000000000000000e+03
8.250000000000000000e+02 1.554000000000000000e+03
8.270000000000000000e+02 1.524000000000000000e+03
8.300000000000000000e+02 1.499000000000000000e+03
8.340000000000000000e+02 1.474000000000000000e+03
8.380000000000000000e+02 1.454000000000000000e+03
7.740000000000000000e+02 1.451000000000000000e+03
7.660000000000000000e+02 1.461000000000000000e+03
7.570000000000000000e+02 1.473000000000000000e+03
7.490000000000000000e+02 1.487000000000000000e+03
7.250000000000000000e+02 1.372000000000000000e+03
4.960000000000000000e+02 1.222000000000000000e+03
8.690000000000000000e+02 1.296000000000000000e+03
7.510000000000000000e+02 1.449000000000000000e+03
7.430000000000000000e+02 1.454000000000000000e+03
8.200000000000000000e+02 1.301000000000000000e+03
7.650000000000000000e+02 1.292000000000000000e+03
8.140000000000000000e+02 1.294000000000000000e+03
7.310000000000000000e+02 1.157000000000000000e+03
6.800000000000000000e+02 1.183000000000000000e+03
7.450000000000000000e+02 1.250000000000000000e+03
5.870000000000000000e+02 8.060000000000000000e+02
6.110000000000000000e+02 8.640000000000000000e+02
6.140000000000000000e+02 9.280000000000000000e+02
7.410000000000000000e+02 1.506000000000000000e+03
7.690000000000000000e+02 9.370000000000000000e+02
7.690000000000000000e+02 8.430000000000000000e+02
7.550000000000000000e+02 7.570000000000000000e+02
6.310000000000000000e+02 1.067000000000000000e+03
5.540000000000000000e+02 1.107000000000000000e+03
7.680000000000000000e+02 1.052000000000000000e+03
5.750000000000000000e+02 1.023000000000000000e+03
7.880000000000000000e+02 1.113000000000000000e+03
7.760000000000000000e+02 1.243000000000000000e+03
5.220000000000000000e+02 1.136000000000000000e+03
5.770000000000000000e+02 1.130000000000000000e+03
6.200000000000000000e+02 1.142000000000000000e+03
6.860000000000000000e+02 1.134000000000000000e+03
7.340000000000000000e+02 1.118000000000000000e+03
7.670000000000000000e+02 1.103000000000000000e+03
8.320000000000000000e+02 1.068000000000000000e+03
5.300000000000000000e+02 1.212000000000000000e+03
5.500000000000000000e+02 1.021000000000000000e+03
8.510000000000000000e+02 1.288000000000000000e+03
7.660000000000000000e+02 1.174000000000000000e+03
4.880000000000000000e+02 1.062000000000000000e+03
7.910000000000000000e+02 1.086000000000000000e+03
7.440000000000000000e+02 1.250000000000000000e+03
5.980000000000000000e+02 1.042000000000000000e+03
7.740000000000000000e+02 1.218000000000000000e+03
5.090000000000000000e+02 1.310000000000000000e+03
7.650000000000000000e+02 1.040000000000000000e+03
8.040000000000000000e+02 1.199000000000000000e+03
6.010000000000000000e+02 1.506000000000000000e+03
6.010000000000000000e+02 1.548000000000000000e+03
5.010000000000000000e+02 1.219000000000000000e+03
5.640000000000000000e+02 1.450000000000000000e+03
5.120000000000000000e+02 9.990000000000000000e+02
7.350000000000000000e+02 1.645000000000000000e+03
8.540000000000000000e+02 1.295000000000000000e+03
7.360000000000000000e+02 1.201000000000000000e+03
5.250000000000000000e+02 1.067000000000000000e+03
6.610000000000000000e+02 1.047000000000000000e+03
6.900000000000000000e+02 1.046000000000000000e+03
7.270000000000000000e+02 1.466000000000000000e+03
5.390000000000000000e+02 1.285000000000000000e+03
7.990000000000000000e+02 1.700000000000000000e+03
6.900000000000000000e+02 1.643000000000000000e+03
6.470000000000000000e+02 1.604000000000000000e+03
8.600000000000000000e+02 8.430000000000000000e+02
8.760000000000000000e+02 1.705000000000000000e+03
7.170000000000000000e+02 1.044000000000000000e+03
7.420000000000000000e+02 1.041000000000000000e+03
7.580000000000000000e+02 1.041000000000000000e+03
5.290000000000000000e+02 1.013000000000000000e+03
7.340000000000000000e+02 1.019000000000000000e+03
7.050000000000000000e+02 1.011000000000000000e+03
6.750000000000000000e+02 1.011000000000000000e+03
6.460000000000000000e+02 1.018000000000000000e+03
6.290000000000000000e+02 1.027000000000000000e+03
4.930000000000000000e+02 9.790000000000000000e+02
6.410000000000000000e+02 1.046000000000000000e+03
8.690000000000000000e+02 1.335000000000000000e+03
7.550000000000000000e+02 1.350000000000000000e+03
7.800000000000000000e+02 1.269000000000000000e+03
8.190000000000000000e+02 1.338000000000000000e+03
8.630000000000000000e+02 1.021000000000000000e+03
6.410000000000000000e+02 1.560000000000000000e+03
6.850000000000000000e+02 1.603000000000000000e+03
7.980000000000000000e+02 1.672000000000000000e+03
5.660000000000000000e+02 1.486000000000000000e+03
7.550000000000000000e+02 1.032000000000000000e+03
8.100000000000000000e+02 1.126000000000000000e+03
8.750000000000000000e+02 1.679000000000000000e+03
7.390000000000000000e+02 1.677000000000000000e+03
5.130000000000000000e+02 1.300000000000000000e+03
8.040000000000000000e+02 1.453000000000000000e+03
7.960000000000000000e+02 1.468000000000000000e+03
7.890000000000000000e+02 1.488000000000000000e+03
7.840000000000000000e+02 1.510000000000000000e+03
7.770000000000000000e+02 1.534000000000000000e+03
7.440000000000000000e+02 1.446000000000000000e+03
7.370000000000000000e+02 1.443000000000000000e+03
7.310000000000000000e+02 1.439000000000000000e+03
7.010000000000000000e+02 1.403000000000000000e+03
5.830000000000000000e+02 1.307000000000000000e+03
8.100000000000000000e+02 1.088000000000000000e+03
7.910000000000000000e+02 1.020000000000000000e+03
7.690000000000000000e+02 1.022000000000000000e+03
7.510000000000000000e+02 1.450000000000000000e+03
5.780000000000000000e+02 1.397000000000000000e+03
8.190000000000000000e+02 1.023000000000000000e+03
7.600000000000000000e+02 1.566000000000000000e+03
8.660000000000000000e+02 1.140000000000000000e+03
8.340000000000000000e+02 1.108000000000000000e+03
8.650000000000000000e+02 1.100000000000000000e+03
7.860000000000000000e+02 1.184000000000000000e+03
8.740000000000000000e+02 1.639000000000000000e+03
8.730000000000000000e+02 1.593000000000000000e+03
8.150000000000000000e+02 1.589000000000000000e+03
6.800000000000000000e+02 1.490000000000000000e+03
7.180000000000000000e+02 1.281000000000000000e+03
7.160000000000000000e+02 1.533000000000000000e+03
6.510000000000000000e+02 1.276000000000000000e+03
6.920000000000000000e+02 1.320000000000000000e+03
6.250000000000000000e+02 1.337000000000000000e+03
8.040000000000000000e+02 1.633000000000000000e+03
7.640000000000000000e+02 1.204000000000000000e+03
6.520000000000000000e+02 1.518000000000000000e+03
6.960000000000000000e+02 1.564000000000000000e+03
6.550000000000000000e+02 1.440000000000000000e+03
5.480000000000000000e+02 1.349000000000000000e+03
6.160000000000000000e+02 1.443000000000000000e+03
5.320000000000000000e+02 1.377000000000000000e+03
6.690000000000000000e+02 1.371000000000000000e+03
7.890000000000000000e+02 1.149000000000000000e+03
7.870000000000000000e+02 1.260000000000000000e+03
7.640000000000000000e+02 1.267000000000000000e+03
8.030000000000000000e+02 1.238000000000000000e+03
7.600000000000000000e+02 9.950000000000000000e+02
7.000000000000000000e+02 9.790000000000000000e+02
6.480000000000000000e+02 9.770000000000000000e+02
6.080000000000000000e+02 9.850000000000000000e+02
5.830000000000000000e+02 1.000000000000000000e+03
5.770000000000000000e+02 1.052000000000000000e+03
4.940000000000000000e+02 1.142000000000000000e+03
6.070000000000000000e+02 1.095000000000000000e+03
6.430000000000000000e+02 1.103000000000000000e+03
6.890000000000000000e+02 1.099000000000000000e+03
7.310000000000000000e+02 1.090000000000000000e+03
7.620000000000000000e+02 1.080000000000000000e+03
7.830000000000000000e+02 1.070000000000000000e+03
4.900000000000000000e+02 1.141000000000000000e+03
7.640000000000000000e+02 1.276000000000000000e+03
8.100000000000000000e+02 1.162000000000000000e+03
8.130000000000000000e+02 1.264000000000000000e+03
8.310000000000000000e+02 1.281000000000000000e+03
8.130000000000000000e+02 1.269000000000000000e+03
7.740000000000000000e+02 1.287000000000000000e+03
8.390000000000000000e+02 1.285000000000000000e+03
8.410000000000000000e+02 1.292000000000000000e+03
7.780000000000000000e+02 1.043000000000000000e+03
7.990000000000000000e+02 1.053000000000000000e+03
8.090000000000000000e+02 1.061000000000000000e+03
6.200000000000000000e+02 1.034000000000000000e+03
5.940000000000000000e+02 1.023000000000000000e+03
8.960000000000000000e+02 1.145000000000000000e+03
1.094000000000000000e+03 1.034000000000000000e+03
9.040000000000000000e+02 1.285000000000000000e+03
1.201000000000000000e+03 9.010000000000000000e+02
1.002000000000000000e+03 1.060000000000000000e+03
1.034000000000000000e+03 1.062000000000000000e+03
1.066000000000000000e+03 1.064000000000000000e+03
1.108000000000000000e+03 1.048000000000000000e+03
9.750000000000000000e+02 1.055000000000000000e+03
1.057000000000000000e+03 9.820000000000000000e+02
1.019000000000000000e+03 9.840000000000000000e+02
1.092000000000000000e+03 9.880000000000000000e+02
1.112000000000000000e+03 9.990000000000000000e+02
1.136000000000000000e+03 1.071000000000000000e+03
1.002000000000000000e+03 1.598000000000000000e+03
1.107000000000000000e+03 1.028000000000000000e+03
1.222000000000000000e+03 1.054000000000000000e+03
1.172000000000000000e+03 1.050000000000000000e+03
1.033000000000000000e+03 1.225000000000000000e+03
9.220000000000000000e+02 1.406000000000000000e+03
9.150000000000000000e+02 1.440000000000000000e+03
9.590000000000000000e+02 1.410000000000000000e+03
9.830000000000000000e+02 1.418000000000000000e+03
9.450000000000000000e+02 1.436000000000000000e+03
9.680000000000000000e+02 1.435000000000000000e+03
1.025000000000000000e+03 1.470000000000000000e+03
8.990000000000000000e+02 1.270000000000000000e+03
9.030000000000000000e+02 1.233000000000000000e+03
1.156000000000000000e+03 9.810000000000000000e+02
9.640000000000000000e+02 1.131000000000000000e+03
9.820000000000000000e+02 1.250000000000000000e+03
9.830000000000000000e+02 1.229000000000000000e+03
1.125000000000000000e+03 1.217000000000000000e+03
8.990000000000000000e+02 1.186000000000000000e+03
1.082000000000000000e+03 9.510000000000000000e+02
1.127000000000000000e+03 9.610000000000000000e+02
1.171000000000000000e+03 8.430000000000000000e+02
9.330000000000000000e+02 9.790000000000000000e+02
9.850000000000000000e+02 9.960000000000000000e+02
1.049000000000000000e+03 1.431000000000000000e+03
1.200000000000000000e+03 1.394000000000000000e+03
9.560000000000000000e+02 1.272000000000000000e+03
9.280000000000000000e+02 1.284000000000000000e+03
1.010000000000000000e+03 1.434000000000000000e+03
1.002000000000000000e+03 1.435000000000000000e+03
1.143000000000000000e+03 9.400000000000000000e+02
9.830000000000000000e+02 1.266000000000000000e+03
1.018000000000000000e+03 9.550000000000000000e+02
1.025000000000000000e+03 9.280000000000000000e+02
1.046000000000000000e+03 7.670000000000000000e+02
1.153000000000000000e+03 8.860000000000000000e+02
1.027000000000000000e+03 8.430000000000000000e+02
1.173000000000000000e+03 9.650000000000000000e+02
1.185000000000000000e+03 9.320000000000000000e+02
9.200000000000000000e+02 1.425000000000000000e+03
9.530000000000000000e+02 1.424000000000000000e+03
9.760000000000000000e+02 1.426000000000000000e+03
9.480000000000000000e+02 1.278000000000000000e+03
1.006000000000000000e+03 1.434000000000000000e+03
9.940000000000000000e+02 1.447000000000000000e+03
9.980000000000000000e+02 1.435000000000000000e+03
9.380000000000000000e+02 1.263000000000000000e+03
9.610000000000000000e+02 1.441000000000000000e+03
9.380000000000000000e+02 1.444000000000000000e+03
9.110000000000000000e+02 1.449000000000000000e+03
9.200000000000000000e+02 1.551000000000000000e+03
9.220000000000000000e+02 1.519000000000000000e+03
9.200000000000000000e+02 1.494000000000000000e+03
9.160000000000000000e+02 1.469000000000000000e+03
9.100000000000000000e+02 1.450000000000000000e+03
9.610000000000000000e+02 1.441000000000000000e+03
9.690000000000000000e+02 1.450000000000000000e+03
9.780000000000000000e+02 1.462000000000000000e+03
9.850000000000000000e+02 1.475000000000000000e+03
1.011000000000000000e+03 1.366000000000000000e+03
1.226000000000000000e+03 1.209000000000000000e+03
9.770000000000000000e+02 1.438000000000000000e+03
9.860000000000000000e+02 1.442000000000000000e+03
9.160000000000000000e+02 1.300000000000000000e+03
9.700000000000000000e+02 1.288000000000000000e+03
9.220000000000000000e+02 1.292000000000000000e+03
9.980000000000000000e+02 1.151000000000000000e+03
1.050000000000000000e+03 1.176000000000000000e+03
9.890000000000000000e+02 1.245000000000000000e+03
1.123000000000000000e+03 7.960000000000000000e+02
1.102000000000000000e+03 8.550000000000000000e+02
1.093000000000000000e+03 9.250000000000000000e+02
9.990000000000000000e+02 1.500000000000000000e+03
9.450000000000000000e+02 9.360000000000000000e+02
9.490000000000000000e+02 8.400000000000000000e+02
9.610000000000000000e+02 7.540000000000000000e+02
1.092000000000000000e+03 1.058000000000000000e+03
1.171000000000000000e+03 1.095000000000000000e+03
9.580000000000000000e+02 1.050000000000000000e+03
1.142000000000000000e+03 1.013000000000000000e+03
9.410000000000000000e+02 1.109000000000000000e+03
9.590000000000000000e+02 1.240000000000000000e+03
1.202000000000000000e+03 1.123000000000000000e+03
1.150000000000000000e+03 1.120000000000000000e+03
1.109000000000000000e+03 1.134000000000000000e+03
1.045000000000000000e+03 1.129000000000000000e+03
9.980000000000000000e+02 1.115000000000000000e+03
9.640000000000000000e+02 1.101000000000000000e+03
8.970000000000000000e+02 1.067000000000000000e+03
1.198000000000000000e+03 1.199000000000000000e+03
1.167000000000000000e+03 1.011000000000000000e+03
8.870000000000000000e+02 1.287000000000000000e+03
9.650000000000000000e+02 1.170000000000000000e+03
1.226000000000000000e+03 1.048000000000000000e+03
9.390000000000000000e+02 1.085000000000000000e+03
9.900000000000000000e+02 1.246000000000000000e+03
1.122000000000000000e+03 1.030000000000000000e+03
9.600000000000000000e+02 1.214000000000000000e+03
1.219000000000000000e+03 1.298000000000000000e+03
9.590000000000000000e+02 1.038000000000000000e+03
9.300000000000000000e+02 1.196000000000000000e+03
1.139000000000000000e+03 1.494000000000000000e+03
1.140000000000000000e+03 1.536000000000000000e+03
1.226000000000000000e+03 1.206000000000000000e+03
1.174000000000000000e+03 1.438000000000000000e+03
1.204000000000000000e+03 9.860000000000000000e+02
1.013000000000000000e+03 1.638000000000000000e+03
8.840000000000000000e+02 1.294000000000000000e+03
9.950000000000000000e+02 1.196000000000000000e+03
1.197000000000000000e+03 1.055000000000000000e+03
1.062000000000000000e+03 1.040000000000000000e+03
1.035000000000000000e+03 1.041000000000000000e+03
1.000000000000000000e+03 1.453000000000000000e+03
1.193000000000000000e+03 1.273000000000000000e+03
9.520000000000000000e+02 1.695000000000000000e+03
1.056000000000000000e+03 1.633000000000000000e+03
1.097000000000000000e+03 1.592000000000000000e+03
1.008000000000000000e+03 1.039000000000000000e+03
9.830000000000000000e+02 1.038000000000000000e+03
9.670000000000000000e+02 1.038000000000000000e+03
1.187000000000000000e+03 1.003000000000000000e+03
9.900000000000000000e+02 1.015000000000000000e+03
1.019000000000000000e+03 1.007000000000000000e+03
1.048000000000000000e+03 1.005000000000000000e+03
1.075000000000000000e+03 1.010000000000000000e+03
1.092000000000000000e+03 1.018000000000000000e+03
1.217000000000000000e+03 9.660000000000000000e+02
1.080000000000000000e+03 1.038000000000000000e+03
9.810000000000000000e+02 1.345000000000000000e+03
9.560000000000000000e+02 1.266000000000000000e+03
9.180000000000000000e+02 1.336000000000000000e+03
1.101000000000000000e+03 1.550000000000000000e+03
1.060000000000000000e+03 1.594000000000000000e+03
9.510000000000000000e+02 1.669000000000000000e+03
1.172000000000000000e+03 1.474000000000000000e+03
9.690000000000000000e+02 1.029000000000000000e+03
9.200000000000000000e+02 1.124000000000000000e+03
1.009000000000000000e+03 1.669000000000000000e+03
1.218000000000000000e+03 1.287000000000000000e+03
9.380000000000000000e+02 1.445000000000000000e+03
9.470000000000000000e+02 1.460000000000000000e+03
9.540000000000000000e+02 1.479000000000000000e+03
9.590000000000000000e+02 1.501000000000000000e+03
9.650000000000000000e+02 1.529000000000000000e+03
9.850000000000000000e+02 1.434000000000000000e+03
9.930000000000000000e+02 1.430000000000000000e+03
9.990000000000000000e+02 1.425000000000000000e+03
1.034000000000000000e+03 1.396000000000000000e+03
1.151000000000000000e+03 1.296000000000000000e+03
9.180000000000000000e+02 1.086000000000000000e+03
9.340000000000000000e+02 1.019000000000000000e+03
9.550000000000000000e+02 1.020000000000000000e+03
9.780000000000000000e+02 1.438000000000000000e+03
1.158000000000000000e+03 1.386000000000000000e+03
9.060000000000000000e+02 1.024000000000000000e+03
9.840000000000000000e+02 1.560000000000000000e+03
8.970000000000000000e+02 1.107000000000000000e+03
9.460000000000000000e+02 1.181000000000000000e+03
9.310000000000000000e+02 1.587000000000000000e+03
1.058000000000000000e+03 1.481000000000000000e+03
1.015000000000000000e+03 1.275000000000000000e+03
1.025000000000000000e+03 1.525000000000000000e+03
1.082000000000000000e+03 1.268000000000000000e+03
1.042000000000000000e+03 1.313000000000000000e+03
1.109000000000000000e+03 1.327000000000000000e+03
9.440000000000000000e+02 1.630000000000000000e+03
9.680000000000000000e+02 1.199000000000000000e+03
1.088000000000000000e+03 1.508000000000000000e+03
1.047000000000000000e+03 1.556000000000000000e+03
1.081000000000000000e+03 1.431000000000000000e+03
1.186000000000000000e+03 1.337000000000000000e+03
1.121000000000000000e+03 1.433000000000000000e+03
1.203000000000000000e+03 1.364000000000000000e+03
1.066000000000000000e+03 1.363000000000000000e+03
9.420000000000000000e+02 1.146000000000000000e+03
9.490000000000000000e+02 1.256000000000000000e+03
9.710000000000000000e+02 1.263000000000000000e+03
9.330000000000000000e+02 1.235000000000000000e+03
9.610000000000000000e+02 9.940000000000000000e+02
1.017000000000000000e+03 9.750000000000000000e+02
1.067000000000000000e+03 9.720000000000000000e+02
1.107000000000000000e+03 9.780000000000000000e+02
1.132000000000000000e+03 9.920000000000000000e+02
1.143000000000000000e+03 1.041000000000000000e+03
1.229000000000000000e+03 1.129000000000000000e+03
1.118000000000000000e+03 1.085000000000000000e+03
1.084000000000000000e+03 1.095000000000000000e+03
1.040000000000000000e+03 1.093000000000000000e+03
9.990000000000000000e+02 1.086000000000000000e+03
9.670000000000000000e+02 1.077000000000000000e+03
9.460000000000000000e+02 1.068000000000000000e+03
1.228000000000000000e+03 1.128000000000000000e+03
9.710000000000000000e+02 1.272000000000000000e+03
9.220000000000000000e+02 1.159000000000000000e+03
9.240000000000000000e+02 1.262000000000000000e+03
9.060000000000000000e+02 1.280000000000000000e+03
9.240000000000000000e+02 1.267000000000000000e+03
9.610000000000000000e+02 1.283000000000000000e+03
8.990000000000000000e+02 1.284000000000000000e+03
8.950000000000000000e+02 1.291000000000000000e+03
9.470000000000000000e+02 1.041000000000000000e+03
9.290000000000000000e+02 1.052000000000000000e+03
9.190000000000000000e+02 1.061000000000000000e+03
1.101000000000000000e+03 1.023000000000000000e+03
1.124000000000000000e+03 1.013000000000000000e+03
6.870000000000000000e+02 1.032000000000000000e+03
7.220000000000000000e+02 1.031000000000000000e+03
6.850000000000000000e+02 1.004000000000000000e+03
6.520000000000000000e+02 1.032000000000000000e+03
6.880000000000000000e+02 1.059000000000000000e+03
1.040000000000000000e+03 1.023000000000000000e+03
1.075000000000000000e+03 1.023000000000000000e+03
1.040000000000000000e+03 9.940000000000000000e+02
1.005000000000000000e+03 1.023000000000000000e+03
1.041000000000000000e+03 1.053000000000000000e+03
0.000000000000000000e+00 0.000000000000000000e+00
1.749000000000000000e+03 0.000000000000000000e+00
1.749000000000000000e+03 2.187000000000000000e+03
0.000000000000000000e+00 2.187000000000000000e+03
8.700000000000000000e+01 0.000000000000000000e+00
8.700000000000000000e+01 2.187000000000000000e+03
0.000000000000000000e+00 1.090000000000000000e+02
1.749000000000000000e+03 1.090000000000000000e+02
1.750000000000000000e+02 0.000000000000000000e+00
1.750000000000000000e+02 2.187000000000000000e+03
0.000000000000000000e+00 2.180000000000000000e+02
1.749000000000000000e+03 2.180000000000000000e+02
2.620000000000000000e+02 0.000000000000000000e+00
2.620000000000000000e+02 2.187000000000000000e+03
0.000000000000000000e+00 3.280000000000000000e+02
1.749000000000000000e+03 3.280000000000000000e+02
3.500000000000000000e+02 0.000000000000000000e+00
3.500000000000000000e+02 2.187000000000000000e+03
0.000000000000000000e+00 4.370000000000000000e+02
1.749000000000000000e+03 4.370000000000000000e+02
4.370000000000000000e+02 0.000000000000000000e+00
4.370000000000000000e+02 2.187000000000000000e+03
0.000000000000000000e+00 5.470000000000000000e+02
1.749000000000000000e+03 5.470000000000000000e+02
5.250000000000000000e+02 0.000000000000000000e+00
5.250000000000000000e+02 2.187000000000000000e+03
0.000000000000000000e+00 6.560000000000000000e+02
1.749000000000000000e+03 6.560000000000000000e+02
6.120000000000000000e+02 0.000000000000000000e+00
6.120000000000000000e+02 2.187000000000000000e+03
0.000000000000000000e+00 7.650000000000000000e+02
1.749000000000000000e+03 7.650000000000000000e+02
7.000000000000000000e+02 0.000000000000000000e+00
7.000000000000000000e+02 2.187000000000000000e+03
0.000000000000000000e+00 8.750000000000000000e+02
1.749000000000000000e+03 8.750000000000000000e+02
7.870000000000000000e+02 0.000000000000000000e+00
7.870000000000000000e+02 2.187000000000000000e+03
0.000000000000000000e+00 9.840000000000000000e+02
1.749000000000000000e+03 9.840000000000000000e+02
8.750000000000000000e+02 0.000000000000000000e+00
8.750000000000000000e+02 2.187000000000000000e+03
0.000000000000000000e+00 1.094000000000000000e+03
1.749000000000000000e+03 1.094000000000000000e+03
9.620000000000000000e+02 0.000000000000000000e+00
9.620000000000000000e+02 2.187000000000000000e+03
0.000000000000000000e+00 1.203000000000000000e+03
1.749000000000000000e+03 1.203000000000000000e+03
1.050000000000000000e+03 0.000000000000000000e+00
1.050000000000000000e+03 2.187000000000000000e+03
0.000000000000000000e+00 1.312000000000000000e+03
1.749000000000000000e+03 1.312000000000000000e+03
1.137000000000000000e+03 0.000000000000000000e+00
1.137000000000000000e+03 2.187000000000000000e+03
0.000000000000000000e+00 1.422000000000000000e+03
1.749000000000000000e+03 1.422000000000000000e+03
1.225000000000000000e+03 0.000000000000000000e+00
1.225000000000000000e+03 2.187000000000000000e+03
0.000000000000000000e+00 1.531000000000000000e+03
1.749000000000000000e+03 1.531000000000000000e+03
1.312000000000000000e+03 0.000000000000000000e+00
1.312000000000000000e+03 2.187000000000000000e+03
0.000000000000000000e+00 1.641000000000000000e+03
1.749000000000000000e+03 1.641000000000000000e+03
1.400000000000000000e+03 0.000000000000000000e+00
1.400000000000000000e+03 2.187000000000000000e+03
0.000000000000000000e+00 1.750000000000000000e+03
1.749000000000000000e+03 1.750000000000000000e+03
1.487000000000000000e+03 0.000000000000000000e+00
1.487000000000000000e+03 2.187000000000000000e+03
0.000000000000000000e+00 1.859000000000000000e+03
1.749000000000000000e+03 1.859000000000000000e+03
1.575000000000000000e+03 0.000000000000000000e+00
1.575000000000000000e+03 2.187000000000000000e+03
0.000000000000000000e+00 1.969000000000000000e+03
1.749000000000000000e+03 1.969000000000000000e+03
1.662000000000000000e+03 0.000000000000000000e+00
1.662000000000000000e+03 2.187000000000000000e+03
0.000000000000000000e+00 2.078000000000000000e+03
1.749000000000000000e+03 2.078000000000000000e+03
