8.240000000000000000e+02 1.603000000000000000e+03
8.070000000000000000e+02 1.404000000000000000e+03
8.080000000000000000e+02 1.451000000000000000e+03
7.630000000000000000e+02 1.225000000000000000e+03
8.070000000000000000e+02 1.350000000000000000e+03
8.070000000000000000e+02 1.278000000000000000e+03
8.100000000000000000e+02 1.103000000000000000e+03
4.500000000000000000e+02 1.076000000000000000e+03
8.120000000000000000e+02 9.710000000000000000e+02
8.120000000000000000e+02 9.020000000000000000e+02
8.150000000000000000e+02 6.520000000000000000e+02
8.240000000000000000e+02 1.624000000000000000e+03
8.230000000000000000e+02 1.645000000000000000e+03
8.230000000000000000e+02 1.660000000000000000e+03
8.220000000000000000e+02 1.661000000000000000e+03
8.220000000000000000e+02 1.693000000000000000e+03
8.220000000000000000e+02 1.732000000000000000e+03
8.220000000000000000e+02 1.771000000000000000e+03
8.100000000000000000e+02 1.823000000000000000e+03
8.070000000000000000e+02 1.430000000000000000e+03
7.520000000000000000e+02 1.426000000000000000e+03
2.910000000000000000e+02 8.810000000000000000e+02
5.850000000000000000e+02 1.118000000000000000e+03
5.390000000000000000e+02 1.124000000000000000e+03
4.930000000000000000e+02 1.123000000000000000e+03
4.300000000000000000e+02 1.092000000000000000e+03
6.250000000000000000e+02 1.106000000000000000e+03
5.070000000000000000e+02 9.790000000000000000e+02
5.620000000000000000e+02 9.880000000000000000e+02
4.560000000000000000e+02 9.840000000000000000e+02
4.230000000000000000e+02 1.001000000000000000e+03
3.940000000000000000e+02 1.126000000000000000e+03
6.190000000000000000e+02 1.871000000000000000e+03
4.320000000000000000e+02 1.061000000000000000e+03
2.730000000000000000e+02 1.101000000000000000e+03
3.390000000000000000e+02 1.085000000000000000e+03
5.500000000000000000e+02 1.342000000000000000e+03
7.600000000000000000e+02 1.587000000000000000e+03
7.670000000000000000e+02 1.640000000000000000e+03
6.990000000000000000e+02 1.605000000000000000e+03
6.570000000000000000e+02 1.625000000000000000e+03
7.180000000000000000e+02 1.641000000000000000e+03
6.790000000000000000e+02 1.645000000000000000e+03
5.680000000000000000e+02 1.689000000000000000e+03
7.610000000000000000e+02 1.401000000000000000e+03
7.540000000000000000e+02 1.350000000000000000e+03
3.510000000000000000e+02 9.430000000000000000e+02
6.530000000000000000e+02 1.211000000000000000e+03
6.290000000000000000e+02 1.376000000000000000e+03
6.260000000000000000e+02 1.347000000000000000e+03
4.110000000000000000e+02 1.332000000000000000e+03
7.580000000000000000e+02 1.283000000000000000e+03
4.590000000000000000e+02 8.980000000000000000e+02
3.930000000000000000e+02 9.080000000000000000e+02
3.280000000000000000e+02 7.920000000000000000e+02
6.810000000000000000e+02 9.640000000000000000e+02
6.100000000000000000e+02 1.011000000000000000e+03
5.320000000000000000e+02 1.630000000000000000e+03
3.310000000000000000e+02 1.573000000000000000e+03
6.680000000000000000e+02 1.407000000000000000e+03
7.140000000000000000e+02 1.426000000000000000e+03
6.050000000000000000e+02 1.659000000000000000e+03
6.180000000000000000e+02 1.658000000000000000e+03
3.660000000000000000e+02 8.710000000000000000e+02
6.260000000000000000e+02 1.398000000000000000e+03
5.530000000000000000e+02 9.150000000000000000e+02
5.430000000000000000e+02 8.720000000000000000e+02
5.190000000000000000e+02 6.760000000000000000e+02
3.540000000000000000e+02 8.390000000000000000e+02
5.420000000000000000e+02 7.720000000000000000e+02
3.240000000000000000e+02 9.190000000000000000e+02
3.140000000000000000e+02 9.110000000000000000e+02
7.630000000000000000e+02 1.617000000000000000e+03
7.080000000000000000e+02 1.624000000000000000e+03
6.670000000000000000e+02 1.636000000000000000e+03
6.810000000000000000e+02 1.417000000000000000e+03
6.120000000000000000e+02 1.659000000000000000e+03
6.350000000000000000e+02 1.672000000000000000e+03
6.250000000000000000e+02 1.658000000000000000e+03
6.970000000000000000e+02 1.394000000000000000e+03
6.870000000000000000e+02 1.652000000000000000e+03
7.250000000000000000e+02 1.651000000000000000e+03
7.710000000000000000e+02 1.654000000000000000e+03
7.350000000000000000e+02 1.816000000000000000e+03
7.540000000000000000e+02 1.763000000000000000e+03
7.570000000000000000e+02 1.725000000000000000e+03
7.630000000000000000e+02 1.686000000000000000e+03
7.700000000000000000e+02 1.656000000000000000e+03
6.860000000000000000e+02 1.654000000000000000e+03
6.740000000000000000e+02 1.669000000000000000e+03
6.620000000000000000e+02 1.688000000000000000e+03
6.510000000000000000e+02 1.709000000000000000e+03
5.850000000000000000e+02 1.538000000000000000e+03
2.790000000000000000e+02 1.317000000000000000e+03
8.070000000000000000e+02 1.441000000000000000e+03
6.570000000000000000e+02 1.656000000000000000e+03
6.460000000000000000e+02 1.663000000000000000e+03
7.320000000000000000e+02 1.447000000000000000e+03
6.450000000000000000e+02 1.429000000000000000e+03
7.230000000000000000e+02 1.437000000000000000e+03
6.010000000000000000e+02 1.240000000000000000e+03
5.220000000000000000e+02 1.274000000000000000e+03
6.180000000000000000e+02 1.370000000000000000e+03
3.990000000000000000e+02 7.210000000000000000e+02
4.260000000000000000e+02 7.900000000000000000e+02
4.410000000000000000e+02 8.550000000000000000e+02
6.100000000000000000e+02 1.737000000000000000e+03
6.640000000000000000e+02 8.990000000000000000e+02
6.680000000000000000e+02 7.720000000000000000e+02
6.530000000000000000e+02 6.550000000000000000e+02
4.540000000000000000e+02 1.113000000000000000e+03
3.450000000000000000e+02 1.162000000000000000e+03
6.500000000000000000e+02 1.095000000000000000e+03
3.780000000000000000e+02 1.019000000000000000e+03
6.900000000000000000e+02 1.180000000000000000e+03
6.640000000000000000e+02 1.360000000000000000e+03
3.020000000000000000e+02 1.200000000000000000e+03
3.800000000000000000e+02 1.201000000000000000e+03
4.430000000000000000e+02 1.223000000000000000e+03
5.350000000000000000e+02 1.213000000000000000e+03
6.010000000000000000e+02 1.190000000000000000e+03
6.510000000000000000e+02 1.167000000000000000e+03
7.600000000000000000e+02 1.115000000000000000e+03
3.080000000000000000e+02 1.306000000000000000e+03
3.420000000000000000e+02 1.009000000000000000e+03
7.790000000000000000e+02 1.427000000000000000e+03
6.530000000000000000e+02 1.264000000000000000e+03
2.680000000000000000e+02 1.093000000000000000e+03
6.880000000000000000e+02 1.142000000000000000e+03
6.150000000000000000e+02 1.370000000000000000e+03
4.080000000000000000e+02 1.060000000000000000e+03
6.620000000000000000e+02 1.325000000000000000e+03
2.950000000000000000e+02 1.440000000000000000e+03
6.490000000000000000e+02 1.077000000000000000e+03
7.100000000000000000e+02 1.299000000000000000e+03
4.240000000000000000e+02 1.718000000000000000e+03
4.310000000000000000e+02 1.773000000000000000e+03
2.740000000000000000e+02 1.314000000000000000e+03
3.700000000000000000e+02 1.639000000000000000e+03
2.930000000000000000e+02 9.990000000000000000e+02
6.100000000000000000e+02 1.923000000000000000e+03
7.840000000000000000e+02 1.438000000000000000e+03
6.070000000000000000e+02 1.301000000000000000e+03
3.010000000000000000e+02 1.093000000000000000e+03
4.960000000000000000e+02 1.093000000000000000e+03
5.360000000000000000e+02 1.095000000000000000e+03
6.240000000000000000e+02 1.683000000000000000e+03
3.200000000000000000e+02 1.410000000000000000e+03
7.020000000000000000e+02 2.004000000000000000e+03
5.530000000000000000e+02 1.913000000000000000e+03
4.960000000000000000e+02 1.855000000000000000e+03
8.130000000000000000e+02 7.750000000000000000e+02
8.130000000000000000e+02 2.017000000000000000e+03
5.750000000000000000e+02 1.090000000000000000e+03
6.120000000000000000e+02 1.083000000000000000e+03
6.360000000000000000e+02 1.080000000000000000e+03
3.110000000000000000e+02 9.970000000000000000e+02
6.030000000000000000e+02 1.050000000000000000e+03
5.610000000000000000e+02 1.040000000000000000e+03
5.200000000000000000e+02 1.038000000000000000e+03
4.810000000000000000e+02 1.042000000000000000e+03
4.570000000000000000e+02 1.050000000000000000e+03
2.740000000000000000e+02 9.760000000000000000e+02
4.690000000000000000e+02 1.085000000000000000e+03
8.080000000000000000e+02 1.494000000000000000e+03
6.310000000000000000e+02 1.509000000000000000e+03
6.690000000000000000e+02 1.399000000000000000e+03
7.300000000000000000e+02 1.495000000000000000e+03
8.110000000000000000e+02 1.037000000000000000e+03
4.820000000000000000e+02 1.796000000000000000e+03
5.430000000000000000e+02 1.860000000000000000e+03
7.000000000000000000e+02 1.969000000000000000e+03
3.800000000000000000e+02 1.685000000000000000e+03
6.340000000000000000e+02 1.066000000000000000e+03
7.240000000000000000e+02 1.198000000000000000e+03
8.130000000000000000e+02 1.983000000000000000e+03
6.200000000000000000e+02 1.966000000000000000e+03
2.910000000000000000e+02 1.427000000000000000e+03
7.240000000000000000e+02 1.653000000000000000e+03
7.130000000000000000e+02 1.676000000000000000e+03
7.030000000000000000e+02 1.707000000000000000e+03
6.960000000000000000e+02 1.741000000000000000e+03
6.630000000000000000e+02 1.783000000000000000e+03
6.470000000000000000e+02 1.652000000000000000e+03
6.360000000000000000e+02 1.647000000000000000e+03
6.260000000000000000e+02 1.642000000000000000e+03
5.510000000000000000e+02 1.579000000000000000e+03
3.800000000000000000e+02 1.442000000000000000e+03
7.260000000000000000e+02 1.144000000000000000e+03
6.850000000000000000e+02 1.044000000000000000e+03
6.540000000000000000e+02 1.049000000000000000e+03
6.580000000000000000e+02 1.655000000000000000e+03
3.810000000000000000e+02 1.568000000000000000e+03
7.320000000000000000e+02 1.045000000000000000e+03
6.410000000000000000e+02 1.821000000000000000e+03
8.080000000000000000e+02 1.218000000000000000e+03
7.610000000000000000e+02 1.173000000000000000e+03
8.090000000000000000e+02 1.163000000000000000e+03
6.820000000000000000e+02 1.278000000000000000e+03
8.120000000000000000e+02 1.931000000000000000e+03
8.110000000000000000e+02 1.871000000000000000e+03
7.220000000000000000e+02 1.862000000000000000e+03
5.280000000000000000e+02 1.703000000000000000e+03
5.770000000000000000e+02 1.413000000000000000e+03
5.780000000000000000e+02 1.768000000000000000e+03
4.770000000000000000e+02 1.404000000000000000e+03
5.390000000000000000e+02 1.466000000000000000e+03
4.410000000000000000e+02 1.487000000000000000e+03
7.070000000000000000e+02 1.918000000000000000e+03
6.480000000000000000e+02 1.305000000000000000e+03
4.910000000000000000e+02 1.740000000000000000e+03
5.540000000000000000e+02 1.808000000000000000e+03
4.890000000000000000e+02 1.631000000000000000e+03
3.370000000000000000e+02 1.499000000000000000e+03
4.350000000000000000e+02 1.634000000000000000e+03
3.210000000000000000e+02 1.535000000000000000e+03
5.060000000000000000e+02 1.534000000000000000e+03
6.890000000000000000e+02 1.230000000000000000e+03
6.810000000000000000e+02 1.385000000000000000e+03
6.460000000000000000e+02 1.394000000000000000e+03
7.060000000000000000e+02 1.353000000000000000e+03
6.410000000000000000e+02 9.980000000000000000e+02
5.590000000000000000e+02 9.600000000000000000e+02
4.880000000000000000e+02 9.480000000000000000e+02
4.300000000000000000e+02 9.550000000000000000e+02
3.920000000000000000e+02 9.770000000000000000e+02
3.780000000000000000e+02 1.072000000000000000e+03
2.670000000000000000e+02 1.207000000000000000e+03
4.210000000000000000e+02 1.150000000000000000e+03
4.710000000000000000e+02 1.166000000000000000e+03
5.350000000000000000e+02 1.164000000000000000e+03
5.940000000000000000e+02 1.151000000000000000e+03
6.400000000000000000e+02 1.135000000000000000e+03
6.720000000000000000e+02 1.120000000000000000e+03
2.720000000000000000e+02 1.204000000000000000e+03
6.460000000000000000e+02 1.408000000000000000e+03
7.210000000000000000e+02 1.247000000000000000e+03
7.210000000000000000e+02 1.392000000000000000e+03
7.500000000000000000e+02 1.418000000000000000e+03
7.200000000000000000e+02 1.399000000000000000e+03
6.610000000000000000e+02 1.423000000000000000e+03
7.610000000000000000e+02 1.424000000000000000e+03
7.660000000000000000e+02 1.434000000000000000e+03
6.660000000000000000e+02 1.080000000000000000e+03
6.960000000000000000e+02 1.094000000000000000e+03
7.140000000000000000e+02 1.105000000000000000e+03
4.430000000000000000e+02 1.056000000000000000e+03
4.040000000000000000e+02 1.024000000000000000e+03
8.540000000000000000e+02 1.225000000000000000e+03
1.155000000000000000e+03 1.088000000000000000e+03
8.620000000000000000e+02 1.426000000000000000e+03
1.326000000000000000e+03 8.850000000000000000e+02
1.019000000000000000e+03 1.122000000000000000e+03
1.068000000000000000e+03 1.129000000000000000e+03
1.115000000000000000e+03 1.130000000000000000e+03
1.175000000000000000e+03 1.106000000000000000e+03
9.780000000000000000e+02 1.111000000000000000e+03
1.104000000000000000e+03 1.006000000000000000e+03
1.048000000000000000e+03 1.008000000000000000e+03
1.153000000000000000e+03 1.014000000000000000e+03
1.182000000000000000e+03 1.031000000000000000e+03
1.217000000000000000e+03 1.137000000000000000e+03
1.009000000000000000e+03 1.870000000000000000e+03
1.174000000000000000e+03 1.078000000000000000e+03
1.351000000000000000e+03 1.106000000000000000e+03
1.271000000000000000e+03 1.102000000000000000e+03
1.073000000000000000e+03 1.344000000000000000e+03
8.860000000000000000e+02 1.591000000000000000e+03
8.780000000000000000e+02 1.643000000000000000e+03
9.440000000000000000e+02 1.611000000000000000e+03
9.820000000000000000e+02 1.632000000000000000e+03
9.240000000000000000e+02 1.647000000000000000e+03
9.590000000000000000e+02 1.653000000000000000e+03
1.060000000000000000e+03 1.690000000000000000e+03
8.520000000000000000e+02 1.402000000000000000e+03
8.600000000000000000e+02 1.350000000000000000e+03
1.254000000000000000e+03 9.860000000000000000e+02
9.690000000000000000e+02 1.212000000000000000e+03
9.880000000000000000e+02 1.378000000000000000e+03
9.920000000000000000e+02 1.348000000000000000e+03
1.214000000000000000e+03 1.335000000000000000e+03
8.570000000000000000e+02 1.283000000000000000e+03
1.148000000000000000e+03 9.450000000000000000e+02
1.213000000000000000e+03 9.560000000000000000e+02
1.291000000000000000e+03 7.960000000000000000e+02
9.280000000000000000e+02 9.930000000000000000e+02
9.970000000000000000e+02 1.023000000000000000e+03
1.097000000000000000e+03 1.631000000000000000e+03
1.306000000000000000e+03 1.577000000000000000e+03
9.480000000000000000e+02 1.408000000000000000e+03
9.020000000000000000e+02 1.426000000000000000e+03
1.028000000000000000e+03 1.670000000000000000e+03
1.016000000000000000e+03 1.668000000000000000e+03
1.237000000000000000e+03 9.190000000000000000e+02
9.910000000000000000e+02 1.399000000000000000e+03
1.055000000000000000e+03 9.550000000000000000e+02
1.066000000000000000e+03 9.110000000000000000e+02
1.108000000000000000e+03 6.790000000000000000e+02
1.267000000000000000e+03 8.440000000000000000e+02
1.081000000000000000e+03 7.750000000000000000e+02
1.278000000000000000e+03 9.580000000000000000e+02
1.307000000000000000e+03 9.160000000000000000e+02
8.840000000000000000e+02 1.620000000000000000e+03
9.340000000000000000e+02 1.631000000000000000e+03
9.710000000000000000e+02 1.643000000000000000e+03
9.350000000000000000e+02 1.418000000000000000e+03
1.022000000000000000e+03 1.669000000000000000e+03
1.000000000000000000e+03 1.682000000000000000e+03
1.009000000000000000e+03 1.668000000000000000e+03
9.180000000000000000e+02 1.395000000000000000e+03
9.500000000000000000e+02 1.660000000000000000e+03
9.150000000000000000e+02 1.657000000000000000e+03
8.730000000000000000e+02 1.658000000000000000e+03
8.880000000000000000e+02 1.816000000000000000e+03
8.890000000000000000e+02 1.767000000000000000e+03
8.850000000000000000e+02 1.728000000000000000e+03
8.800000000000000000e+02 1.689000000000000000e+03
8.720000000000000000e+02 1.659000000000000000e+03
9.490000000000000000e+02 1.661000000000000000e+03
9.620000000000000000e+02 1.677000000000000000e+03
9.760000000000000000e+02 1.697000000000000000e+03
9.860000000000000000e+02 1.719000000000000000e+03
1.038000000000000000e+03 1.539000000000000000e+03
1.348000000000000000e+03 1.322000000000000000e+03
9.760000000000000000e+02 1.664000000000000000e+03
9.880000000000000000e+02 1.672000000000000000e+03
8.840000000000000000e+02 1.448000000000000000e+03
9.720000000000000000e+02 1.430000000000000000e+03
8.930000000000000000e+02 1.437000000000000000e+03
1.022000000000000000e+03 1.241000000000000000e+03
1.101000000000000000e+03 1.276000000000000000e+03
1.001000000000000000e+03 1.371000000000000000e+03
1.224000000000000000e+03 7.250000000000000000e+02
1.196000000000000000e+03 7.950000000000000000e+02
1.165000000000000000e+03 9.010000000000000000e+02
1.016000000000000000e+03 1.737000000000000000e+03
9.470000000000000000e+02 9.270000000000000000e+02
9.570000000000000000e+02 7.740000000000000000e+02
9.760000000000000000e+02 6.570000000000000000e+02
1.153000000000000000e+03 1.123000000000000000e+03
1.268000000000000000e+03 1.172000000000000000e+03
9.520000000000000000e+02 1.100000000000000000e+03
1.227000000000000000e+03 1.047000000000000000e+03
9.320000000000000000e+02 1.180000000000000000e+03
9.520000000000000000e+02 1.361000000000000000e+03
1.323000000000000000e+03 1.205000000000000000e+03
1.238000000000000000e+03 1.209000000000000000e+03
1.178000000000000000e+03 1.228000000000000000e+03
1.085000000000000000e+03 1.219000000000000000e+03
1.016000000000000000e+03 1.197000000000000000e+03
9.650000000000000000e+02 1.174000000000000000e+03
8.610000000000000000e+02 1.116000000000000000e+03
1.318000000000000000e+03 1.311000000000000000e+03
1.265000000000000000e+03 1.038000000000000000e+03
8.350000000000000000e+02 1.428000000000000000e+03
9.680000000000000000e+02 1.264000000000000000e+03
1.352000000000000000e+03 1.097000000000000000e+03
9.280000000000000000e+02 1.150000000000000000e+03
1.005000000000000000e+03 1.372000000000000000e+03
1.195000000000000000e+03 1.080000000000000000e+03
9.550000000000000000e+02 1.325000000000000000e+03
1.336000000000000000e+03 1.444000000000000000e+03
9.540000000000000000e+02 1.083000000000000000e+03
9.060000000000000000e+02 1.299000000000000000e+03
1.214000000000000000e+03 1.720000000000000000e+03
1.208000000000000000e+03 1.774000000000000000e+03
1.354000000000000000e+03 1.319000000000000000e+03
1.267000000000000000e+03 1.642000000000000000e+03
1.328000000000000000e+03 1.004000000000000000e+03
1.020000000000000000e+03 1.923000000000000000e+03
8.300000000000000000e+02 1.438000000000000000e+03
1.014000000000000000e+03 1.302000000000000000e+03
1.307000000000000000e+03 1.108000000000000000e+03
1.109000000000000000e+03 1.099000000000000000e+03
1.069000000000000000e+03 1.099000000000000000e+03
1.011000000000000000e+03 1.693000000000000000e+03
1.310000000000000000e+03 1.414000000000000000e+03
9.260000000000000000e+02 2.003000000000000000e+03
1.080000000000000000e+03 1.910000000000000000e+03
1.141000000000000000e+03 1.852000000000000000e+03
1.029000000000000000e+03 1.093000000000000000e+03
9.900000000000000000e+02 1.086000000000000000e+03
9.650000000000000000e+02 1.084000000000000000e+03
1.295000000000000000e+03 1.022000000000000000e+03
1.003000000000000000e+03 1.057000000000000000e+03
1.047000000000000000e+03 1.050000000000000000e+03
1.089000000000000000e+03 1.051000000000000000e+03
1.128000000000000000e+03 1.059000000000000000e+03
1.151000000000000000e+03 1.067000000000000000e+03
1.344000000000000000e+03 9.800000000000000000e+02
1.136000000000000000e+03 1.094000000000000000e+03
9.900000000000000000e+02 1.510000000000000000e+03
9.470000000000000000e+02 1.400000000000000000e+03
8.880000000000000000e+02 1.496000000000000000e+03
1.153000000000000000e+03 1.797000000000000000e+03
1.090000000000000000e+03 1.859000000000000000e+03
9.270000000000000000e+02 1.968000000000000000e+03
1.260000000000000000e+03 1.688000000000000000e+03
9.700000000000000000e+02 1.072000000000000000e+03
8.960000000000000000e+02 1.198000000000000000e+03
1.011000000000000000e+03 1.964000000000000000e+03
1.340000000000000000e+03 1.433000000000000000e+03
9.140000000000000000e+02 1.659000000000000000e+03
9.270000000000000000e+02 1.683000000000000000e+03
9.370000000000000000e+02 1.713000000000000000e+03
9.450000000000000000e+02 1.749000000000000000e+03
9.620000000000000000e+02 1.782000000000000000e+03
9.890000000000000000e+02 1.660000000000000000e+03
1.000000000000000000e+03 1.656000000000000000e+03
1.010000000000000000e+03 1.651000000000000000e+03
1.075000000000000000e+03 1.581000000000000000e+03
1.249000000000000000e+03 1.446000000000000000e+03
8.960000000000000000e+02 1.145000000000000000e+03
9.220000000000000000e+02 1.053000000000000000e+03
9.500000000000000000e+02 1.057000000000000000e+03
9.770000000000000000e+02 1.664000000000000000e+03
1.253000000000000000e+03 1.571000000000000000e+03
8.820000000000000000e+02 1.058000000000000000e+03
9.870000000000000000e+02 1.821000000000000000e+03
8.580000000000000000e+02 1.173000000000000000e+03
9.370000000000000000e+02 1.279000000000000000e+03
9.030000000000000000e+02 1.862000000000000000e+03
1.102000000000000000e+03 1.704000000000000000e+03
1.044000000000000000e+03 1.414000000000000000e+03
1.051000000000000000e+03 1.768000000000000000e+03
1.148000000000000000e+03 1.406000000000000000e+03
1.085000000000000000e+03 1.468000000000000000e+03
1.187000000000000000e+03 1.490000000000000000e+03
9.190000000000000000e+02 1.918000000000000000e+03
9.720000000000000000e+02 1.305000000000000000e+03
1.141000000000000000e+03 1.741000000000000000e+03
1.078000000000000000e+03 1.808000000000000000e+03
1.141000000000000000e+03 1.633000000000000000e+03
1.296000000000000000e+03 1.503000000000000000e+03
1.198000000000000000e+03 1.636000000000000000e+03
1.314000000000000000e+03 1.540000000000000000e+03
1.121000000000000000e+03 1.536000000000000000e+03
9.320000000000000000e+02 1.231000000000000000e+03
9.340000000000000000e+02 1.386000000000000000e+03
9.710000000000000000e+02 1.396000000000000000e+03
9.080000000000000000e+02 1.354000000000000000e+03
9.650000000000000000e+02 1.016000000000000000e+03
1.049000000000000000e+03 9.890000000000000000e+02
1.121000000000000000e+03 9.840000000000000000e+02
1.177000000000000000e+03 9.920000000000000000e+02
1.213000000000000000e+03 1.012000000000000000e+03
1.227000000000000000e+03 1.090000000000000000e+03
1.358000000000000000e+03 1.212000000000000000e+03
1.191000000000000000e+03 1.159000000000000000e+03
1.143000000000000000e+03 1.173000000000000000e+03
1.078000000000000000e+03 1.170000000000000000e+03
1.016000000000000000e+03 1.157000000000000000e+03
9.690000000000000000e+02 1.141000000000000000e+03
9.370000000000000000e+02 1.126000000000000000e+03
1.351000000000000000e+03 1.208000000000000000e+03
9.710000000000000000e+02 1.409000000000000000e+03
8.970000000000000000e+02 1.247000000000000000e+03
8.930000000000000000e+02 1.392000000000000000e+03
8.640000000000000000e+02 1.418000000000000000e+03
8.940000000000000000e+02 1.400000000000000000e+03
9.560000000000000000e+02 1.424000000000000000e+03
8.530000000000000000e+02 1.424000000000000000e+03
8.480000000000000000e+02 1.434000000000000000e+03
9.370000000000000000e+02 1.086000000000000000e+03
9.130000000000000000e+02 1.101000000000000000e+03
9.000000000000000000e+02 1.113000000000000000e+03
1.164000000000000000e+03 1.074000000000000000e+03
1.199000000000000000e+03 1.051000000000000000e+03
5.310000000000000000e+02 1.061000000000000000e+03
5.770000000000000000e+02 1.061000000000000000e+03
5.300000000000000000e+02 1.019000000000000000e+03
4.830000000000000000e+02 1.061000000000000000e+03
5.310000000000000000e+02 1.103000000000000000e+03
1.076000000000000000e+03 1.065000000000000000e+03
1.126000000000000000e+03 1.065000000000000000e+03
1.076000000000000000e+03 1.025000000000000000e+03
1.027000000000000000e+03 1.065000000000000000e+03
1.077000000000000000e+03 1.106000000000000000e+03
0.000000000000000000e+00 0.000000000000000000e+00
1.749000000000000000e+03 0.000000000000000000e+00
1.749000000000000000e+03 2.187000000000000000e+03
0.000000000000000000e+00 2.187000000000000000e+03
8.700000000000000000e+01 0.000000000000000000e+00
8.700000000000000000e+01 2.187000000000000000e+03
0.000000000000000000e+00 1.090000000000000000e+02
1.749000000000000000e+03 1.090000000000000000e+02
1.750000000000000000e+02 0.000000000000000000e+00
1.750000000000000000e+02 2.187000000000000000e+03
0.000000000000000000e+00 2.180000000000000000e+02
1.749000000000000000e+03 2.180000000000000000e+02
2.620000000000000000e+02 0.000000000000000000e+00
2.620000000000000000e+02 2.187000000000000000e+03
0.000000000000000000e+00 3.280000000000000000e+02
1.749000000000000000e+03 3.280000000000000000e+02
3.500000000000000000e+02 0.000000000000000000e+00
3.500000000000000000e+02 2.187000000000000000e+03
0.000000000000000000e+00 4.370000000000000000e+02
1.749000000000000000e+03 4.370000000000000000e+02
4.370000000000000000e+02 0.000000000000000000e+00
4.370000000000000000e+02 2.187000000000000000e+03
0.000000000000000000e+00 5.470000000000000000e+02
1.749000000000000000e+03 5.470000000000000000e+02
5.250000000000000000e+02 0.000000000000000000e+00
5.250000000000000000e+02 2.187000000000000000e+03
0.000000000000000000e+00 6.560000000000000000e+02
1.749000000000000000e+03 6.560000000000000000e+02
6.120000000000000000e+02 0.000000000000000000e+00
6.120000000000000000e+02 2.187000000000000000e+03
0.000000000000000000e+00 7.650000000000000000e+02
1.749000000000000000e+03 7.650000000000000000e+02
7.000000000000000000e+02 0.000000000000000000e+00
7.000000000000000000e+02 2.187000000000000000e+03
0.000000000000000000e+00 8.750000000000000000e+02
1.749000000000000000e+03 8.750000000000000000e+02
7.870000000000000000e+02 0.000000000000000000e+00
7.870000000000000000e+02 2.187000000000000000e+03
0.000000000000000000e+00 9.840000000000000000e+02
1.749000000000000000e+03 9.840000000000000000e+02
8.750000000000000000e+02 0.000000000000000000e+00
8.750000000000000000e+02 2.187000000000000000e+03
0.000000000000000000e+00 1.094000000000000000e+03
1.749000000000000000e+03 1.094000000000000000e+03
9.620000000000000000e+02 0.000000000000000000e+00
9.620000000000000000e+02 2.187000000000000000e+03
0.000000000000000000e+00 1.203000000000000000e+03
1.749000000000000000e+03 1.203000000000000000e+03
1.050000000000000000e+03 0.000000000000000000e+00
1.050000000000000000e+03 2.187000000000000000e+03
0.000000000000000000e+00 1.312000000000000000e+03
1.749000000000000000e+03 1.312000000000000000e+03
1.137000000000000000e+03 0.000000000000000000e+00
1.137000000000000000e+03 2.187000000000000000e+03
0.000000000000000000e+00 1.422000000000000000e+03
1.749000000000000000e+03 1.422000000000000000e+03
1.225000000000000000e+03 0.000000000000000000e+00
1.225000000000000000e+03 2.187000000000000000e+03
0.000000000000000000e+00 1.531000000000000000e+03
1.749000000000000000e+03 1.531000000000000000e+03
1.312000000000000000e+03 0.000000000000000000e+00
1.312000000000000000e+03 2.187000000000000000e+03
0.000000000000000000e+00 1.641000000000000000e+03
1.749000000000000000e+03 1.641000000000000000e+03
1.400000000000000000e+03 0.000000000000000000e+00
1.400000000000000000e+03 2.187000000000000000e+03
0.000000000000000000e+00 1.750000000000000000e+03
1.749000000000000000e+03 1.750000000000000000e+03
1.487000000000000000e+03 0.000000000000000000e+00
1.487000000000000000e+03 2.187000000000000000e+03
0.000000000000000000e+00 1.859000000000000000e+03
1.749000000000000000e+03 1.859000000000000000e+03
1.575000000000000000e+03 0.000000000000000000e+00
1.575000000000000000e+03 2.187000000000000000e+03
0.000000000000000000e+00 1.969000000000000000e+03
1.749000000000000000e+03 1.969000000000000000e+03
1.662000000000000000e+03 0.000000000000000000e+00
1.662000000000000000e+03 2.187000000000000000e+03
0.000000000000000000e+00 2.078000000000000000e+03
1.749000000000000000e+03 2.078000000000000000e+03
