8.430000000000000000e+02 1.444000000000000000e+03
8.570000000000000000e+02 1.320000000000000000e+03
8.530000000000000000e+02 1.358000000000000000e+03
8.200000000000000000e+02 1.167000000000000000e+03
8.570000000000000000e+02 1.274000000000000000e+03
8.560000000000000000e+02 1.212000000000000000e+03
8.520000000000000000e+02 1.060000000000000000e+03
5.670000000000000000e+02 1.042000000000000000e+03
8.510000000000000000e+02 9.500000000000000000e+02
8.520000000000000000e+02 8.900000000000000000e+02
8.510000000000000000e+02 6.530000000000000000e+02
8.430000000000000000e+02 1.464000000000000000e+03
8.440000000000000000e+02 1.487000000000000000e+03
8.440000000000000000e+02 1.502000000000000000e+03
8.440000000000000000e+02 1.504000000000000000e+03
8.440000000000000000e+02 1.528000000000000000e+03
8.440000000000000000e+02 1.558000000000000000e+03
8.450000000000000000e+02 1.587000000000000000e+03
8.500000000000000000e+02 1.627000000000000000e+03
8.560000000000000000e+02 1.341000000000000000e+03
8.180000000000000000e+02 1.337000000000000000e+03
3.810000000000000000e+02 8.550000000000000000e+02
6.830000000000000000e+02 1.080000000000000000e+03
6.400000000000000000e+02 1.085000000000000000e+03
6.000000000000000000e+02 1.083000000000000000e+03
5.490000000000000000e+02 1.057000000000000000e+03
7.200000000000000000e+02 1.070000000000000000e+03
6.140000000000000000e+02 9.550000000000000000e+02
6.640000000000000000e+02 9.560000000000000000e+02
5.710000000000000000e+02 9.660000000000000000e+02
5.450000000000000000e+02 9.850000000000000000e+02
5.080000000000000000e+02 1.083000000000000000e+03
7.000000000000000000e+02 1.687000000000000000e+03
5.520000000000000000e+02 1.029000000000000000e+03
3.690000000000000000e+02 1.053000000000000000e+03
4.560000000000000000e+02 1.049000000000000000e+03
6.450000000000000000e+02 1.271000000000000000e+03
7.930000000000000000e+02 1.438000000000000000e+03
8.000000000000000000e+02 1.487000000000000000e+03
7.440000000000000000e+02 1.456000000000000000e+03
7.130000000000000000e+02 1.475000000000000000e+03
7.620000000000000000e+02 1.491000000000000000e+03
7.340000000000000000e+02 1.496000000000000000e+03
6.650000000000000000e+02 1.542000000000000000e+03
8.240000000000000000e+02 1.318000000000000000e+03
8.190000000000000000e+02 1.274000000000000000e+03
4.780000000000000000e+02 9.510000000000000000e+02
7.280000000000000000e+02 1.157000000000000000e+03
7.310000000000000000e+02 1.301000000000000000e+03
7.280000000000000000e+02 1.276000000000000000e+03
5.160000000000000000e+02 1.263000000000000000e+03
8.190000000000000000e+02 1.217000000000000000e+03
5.790000000000000000e+02 9.080000000000000000e+02
5.190000000000000000e+02 9.220000000000000000e+02
4.250000000000000000e+02 7.760000000000000000e+02
7.680000000000000000e+02 9.460000000000000000e+02
7.080000000000000000e+02 9.750000000000000000e+02
6.340000000000000000e+02 1.498000000000000000e+03
4.300000000000000000e+02 1.466000000000000000e+03
7.610000000000000000e+02 1.326000000000000000e+03
7.920000000000000000e+02 1.339000000000000000e+03
6.820000000000000000e+02 1.506000000000000000e+03
6.910000000000000000e+02 1.505000000000000000e+03
4.940000000000000000e+02 8.910000000000000000e+02
7.290000000000000000e+02 1.319000000000000000e+03
6.610000000000000000e+02 9.120000000000000000e+02
6.530000000000000000e+02 8.750000000000000000e+02
6.030000000000000000e+02 6.730000000000000000e+02
4.590000000000000000e+02 8.260000000000000000e+02
6.320000000000000000e+02 7.670000000000000000e+02
4.510000000000000000e+02 9.250000000000000000e+02
4.130000000000000000e+02 8.880000000000000000e+02
7.950000000000000000e+02 1.464000000000000000e+03
7.530000000000000000e+02 1.474000000000000000e+03
7.230000000000000000e+02 1.486000000000000000e+03
7.700000000000000000e+02 1.333000000000000000e+03
6.870000000000000000e+02 1.506000000000000000e+03
7.030000000000000000e+02 1.517000000000000000e+03
6.970000000000000000e+02 1.505000000000000000e+03
7.800000000000000000e+02 1.314000000000000000e+03
7.420000000000000000e+02 1.503000000000000000e+03
7.700000000000000000e+02 1.502000000000000000e+03
8.040000000000000000e+02 1.502000000000000000e+03
7.950000000000000000e+02 1.625000000000000000e+03
7.930000000000000000e+02 1.584000000000000000e+03
7.950000000000000000e+02 1.555000000000000000e+03
7.990000000000000000e+02 1.526000000000000000e+03
8.040000000000000000e+02 1.504000000000000000e+03
7.420000000000000000e+02 1.505000000000000000e+03
7.340000000000000000e+02 1.515000000000000000e+03
7.230000000000000000e+02 1.530000000000000000e+03
7.150000000000000000e+02 1.546000000000000000e+03
6.830000000000000000e+02 1.428000000000000000e+03
3.710000000000000000e+02 1.244000000000000000e+03
8.540000000000000000e+02 1.349000000000000000e+03
7.220000000000000000e+02 1.505000000000000000e+03
7.130000000000000000e+02 1.511000000000000000e+03
8.040000000000000000e+02 1.355000000000000000e+03
7.420000000000000000e+02 1.343000000000000000e+03
7.980000000000000000e+02 1.347000000000000000e+03
6.830000000000000000e+02 1.183000000000000000e+03
6.130000000000000000e+02 1.213000000000000000e+03
7.200000000000000000e+02 1.295000000000000000e+03
4.960000000000000000e+02 7.130000000000000000e+02
5.290000000000000000e+02 7.830000000000000000e+02
5.630000000000000000e+02 8.710000000000000000e+02
6.980000000000000000e+02 1.575000000000000000e+03
7.540000000000000000e+02 8.860000000000000000e+02
7.350000000000000000e+02 7.650000000000000000e+02
7.180000000000000000e+02 6.550000000000000000e+02
5.670000000000000000e+02 1.074000000000000000e+03
4.610000000000000000e+02 1.113000000000000000e+03
7.450000000000000000e+02 1.060000000000000000e+03
5.020000000000000000e+02 1.002000000000000000e+03
7.570000000000000000e+02 1.128000000000000000e+03
7.550000000000000000e+02 1.286000000000000000e+03
4.090000000000000000e+02 1.144000000000000000e+03
4.920000000000000000e+02 1.149000000000000000e+03
5.460000000000000000e+02 1.169000000000000000e+03
6.270000000000000000e+02 1.164000000000000000e+03
6.860000000000000000e+02 1.145000000000000000e+03
7.300000000000000000e+02 1.125000000000000000e+03
8.130000000000000000e+02 1.071000000000000000e+03
4.200000000000000000e+02 1.240000000000000000e+03
4.640000000000000000e+02 9.940000000000000000e+02
8.360000000000000000e+02 1.339000000000000000e+03
7.350000000000000000e+02 1.203000000000000000e+03
3.510000000000000000e+02 1.044000000000000000e+03
7.630000000000000000e+02 1.104000000000000000e+03
7.150000000000000000e+02 1.295000000000000000e+03
5.320000000000000000e+02 1.031000000000000000e+03
7.530000000000000000e+02 1.256000000000000000e+03
3.950000000000000000e+02 1.353000000000000000e+03
7.450000000000000000e+02 1.044000000000000000e+03
7.850000000000000000e+02 1.231000000000000000e+03
5.270000000000000000e+02 1.581000000000000000e+03
5.280000000000000000e+02 1.625000000000000000e+03
3.810000000000000000e+02 1.244000000000000000e+03
4.740000000000000000e+02 1.519000000000000000e+03
3.880000000000000000e+02 9.640000000000000000e+02
6.940000000000000000e+02 1.726000000000000000e+03
8.390000000000000000e+02 1.347000000000000000e+03
6.970000000000000000e+02 1.235000000000000000e+03
4.160000000000000000e+02 1.052000000000000000e+03
6.060000000000000000e+02 1.058000000000000000e+03
6.410000000000000000e+02 1.060000000000000000e+03
6.950000000000000000e+02 1.525000000000000000e+03
4.340000000000000000e+02 1.330000000000000000e+03
7.660000000000000000e+02 1.779000000000000000e+03
6.450000000000000000e+02 1.723000000000000000e+03
5.920000000000000000e+02 1.684000000000000000e+03
8.510000000000000000e+02 7.680000000000000000e+02
8.490000000000000000e+02 1.786000000000000000e+03
6.770000000000000000e+02 1.056000000000000000e+03
7.120000000000000000e+02 1.049000000000000000e+03
7.350000000000000000e+02 1.046000000000000000e+03
4.310000000000000000e+02 9.780000000000000000e+02
7.020000000000000000e+02 1.005000000000000000e+03
6.630000000000000000e+02 9.910000000000000000e+02
6.250000000000000000e+02 9.910000000000000000e+02
5.910000000000000000e+02 1.001000000000000000e+03
5.710000000000000000e+02 1.013000000000000000e+03
3.580000000000000000e+02 9.400000000000000000e+02
5.830000000000000000e+02 1.050000000000000000e+03
8.520000000000000000e+02 1.392000000000000000e+03
7.250000000000000000e+02 1.406000000000000000e+03
7.610000000000000000e+02 1.320000000000000000e+03
7.980000000000000000e+02 1.394000000000000000e+03
8.510000000000000000e+02 1.003000000000000000e+03
5.830000000000000000e+02 1.638000000000000000e+03
6.360000000000000000e+02 1.682000000000000000e+03
7.650000000000000000e+02 1.756000000000000000e+03
4.770000000000000000e+02 1.558000000000000000e+03
7.320000000000000000e+02 1.029000000000000000e+03
7.870000000000000000e+02 1.143000000000000000e+03
8.500000000000000000e+02 1.762000000000000000e+03
7.020000000000000000e+02 1.757000000000000000e+03
4.020000000000000000e+02 1.343000000000000000e+03
7.700000000000000000e+02 1.504000000000000000e+03
7.620000000000000000e+02 1.521000000000000000e+03
7.540000000000000000e+02 1.544000000000000000e+03
7.490000000000000000e+02 1.570000000000000000e+03
7.410000000000000000e+02 1.604000000000000000e+03
7.120000000000000000e+02 1.501000000000000000e+03
7.010000000000000000e+02 1.496000000000000000e+03
6.930000000000000000e+02 1.491000000000000000e+03
6.510000000000000000e+02 1.460000000000000000e+03
4.890000000000000000e+02 1.358000000000000000e+03
7.860000000000000000e+02 1.096000000000000000e+03
7.710000000000000000e+02 1.011000000000000000e+03
7.470000000000000000e+02 1.014000000000000000e+03
7.220000000000000000e+02 1.504000000000000000e+03
4.890000000000000000e+02 1.461000000000000000e+03
8.050000000000000000e+02 1.015000000000000000e+03
7.180000000000000000e+02 1.645000000000000000e+03
8.550000000000000000e+02 1.160000000000000000e+03
8.160000000000000000e+02 1.121000000000000000e+03
8.540000000000000000e+02 1.112000000000000000e+03
7.610000000000000000e+02 1.215000000000000000e+03
8.500000000000000000e+02 1.724000000000000000e+03
8.500000000000000000e+02 1.673000000000000000e+03
7.820000000000000000e+02 1.670000000000000000e+03
6.270000000000000000e+02 1.561000000000000000e+03
6.790000000000000000e+02 1.330000000000000000e+03
6.680000000000000000e+02 1.609000000000000000e+03
5.780000000000000000e+02 1.323000000000000000e+03
6.380000000000000000e+02 1.373000000000000000e+03
5.450000000000000000e+02 1.393000000000000000e+03
7.690000000000000000e+02 1.719000000000000000e+03
7.380000000000000000e+02 1.240000000000000000e+03
5.940000000000000000e+02 1.593000000000000000e+03
6.460000000000000000e+02 1.642000000000000000e+03
5.940000000000000000e+02 1.505000000000000000e+03
4.490000000000000000e+02 1.405000000000000000e+03
5.430000000000000000e+02 1.511000000000000000e+03
4.290000000000000000e+02 1.434000000000000000e+03
6.060000000000000000e+02 1.428000000000000000e+03
7.620000000000000000e+02 1.172000000000000000e+03
7.680000000000000000e+02 1.307000000000000000e+03
7.440000000000000000e+02 1.316000000000000000e+03
7.840000000000000000e+02 1.278000000000000000e+03
7.360000000000000000e+02 9.710000000000000000e+02
6.630000000000000000e+02 9.430000000000000000e+02
6.010000000000000000e+02 9.410000000000000000e+02
5.510000000000000000e+02 9.520000000000000000e+02
5.180000000000000000e+02 9.720000000000000000e+02
4.990000000000000000e+02 1.040000000000000000e+03
3.680000000000000000e+02 1.148000000000000000e+03
5.330000000000000000e+02 1.105000000000000000e+03
5.750000000000000000e+02 1.120000000000000000e+03
6.320000000000000000e+02 1.120000000000000000e+03
6.860000000000000000e+02 1.109000000000000000e+03
7.270000000000000000e+02 1.095000000000000000e+03
7.550000000000000000e+02 1.082000000000000000e+03
3.580000000000000000e+02 1.143000000000000000e+03
7.440000000000000000e+02 1.327000000000000000e+03
7.890000000000000000e+02 1.186000000000000000e+03
7.950000000000000000e+02 1.311000000000000000e+03
8.150000000000000000e+02 1.331000000000000000e+03
7.950000000000000000e+02 1.317000000000000000e+03
7.550000000000000000e+02 1.338000000000000000e+03
8.230000000000000000e+02 1.336000000000000000e+03
8.260000000000000000e+02 1.344000000000000000e+03
7.590000000000000000e+02 1.047000000000000000e+03
7.770000000000000000e+02 1.059000000000000000e+03
7.880000000000000000e+02 1.070000000000000000e+03
5.600000000000000000e+02 1.022000000000000000e+03
5.300000000000000000e+02 1.005000000000000000e+03
8.890000000000000000e+02 1.167000000000000000e+03
1.148000000000000000e+03 1.048000000000000000e+03
8.890000000000000000e+02 1.337000000000000000e+03
1.279000000000000000e+03 8.570000000000000000e+02
1.026000000000000000e+03 1.083000000000000000e+03
1.067000000000000000e+03 1.089000000000000000e+03
1.107000000000000000e+03 1.088000000000000000e+03
1.162000000000000000e+03 1.061000000000000000e+03
9.910000000000000000e+02 1.073000000000000000e+03
1.097000000000000000e+03 9.560000000000000000e+02
1.046000000000000000e+03 9.620000000000000000e+02
1.142000000000000000e+03 9.640000000000000000e+02
1.170000000000000000e+03 9.820000000000000000e+02
1.190000000000000000e+03 1.088000000000000000e+03
9.950000000000000000e+02 1.682000000000000000e+03
1.164000000000000000e+03 1.033000000000000000e+03
1.294000000000000000e+03 1.054000000000000000e+03
1.234000000000000000e+03 1.051000000000000000e+03
1.049000000000000000e+03 1.270000000000000000e+03
8.940000000000000000e+02 1.436000000000000000e+03
8.890000000000000000e+02 1.486000000000000000e+03
9.470000000000000000e+02 1.452000000000000000e+03
9.800000000000000000e+02 1.470000000000000000e+03
9.290000000000000000e+02 1.488000000000000000e+03
9.600000000000000000e+02 1.493000000000000000e+03
1.025000000000000000e+03 1.539000000000000000e+03
8.890000000000000000e+02 1.318000000000000000e+03
8.950000000000000000e+02 1.274000000000000000e+03
1.226000000000000000e+03 9.420000000000000000e+02
9.680000000000000000e+02 1.157000000000000000e+03
9.720000000000000000e+02 1.300000000000000000e+03
9.740000000000000000e+02 1.275000000000000000e+03
1.170000000000000000e+03 1.262000000000000000e+03
8.920000000000000000e+02 1.216000000000000000e+03
1.136000000000000000e+03 9.000000000000000000e+02
1.191000000000000000e+03 9.130000000000000000e+02
1.247000000000000000e+03 7.790000000000000000e+02
9.490000000000000000e+02 9.410000000000000000e+02
1.003000000000000000e+03 9.820000000000000000e+02
1.054000000000000000e+03 1.495000000000000000e+03
1.226000000000000000e+03 1.460000000000000000e+03
9.410000000000000000e+02 1.325000000000000000e+03
9.110000000000000000e+02 1.338000000000000000e+03
1.015000000000000000e+03 1.502000000000000000e+03
1.005000000000000000e+03 1.501000000000000000e+03
1.212000000000000000e+03 8.840000000000000000e+02
9.710000000000000000e+02 1.318000000000000000e+03
1.058000000000000000e+03 9.060000000000000000e+02
1.066000000000000000e+03 8.720000000000000000e+02
1.091000000000000000e+03 6.770000000000000000e+02
1.222000000000000000e+03 8.290000000000000000e+02
1.065000000000000000e+03 7.700000000000000000e+02
1.248000000000000000e+03 9.200000000000000000e+02
1.260000000000000000e+03 8.910000000000000000e+02
8.930000000000000000e+02 1.462000000000000000e+03
9.380000000000000000e+02 1.471000000000000000e+03
9.700000000000000000e+02 1.482000000000000000e+03
9.320000000000000000e+02 1.333000000000000000e+03
1.010000000000000000e+03 1.502000000000000000e+03
9.910000000000000000e+02 1.514000000000000000e+03
9.990000000000000000e+02 1.501000000000000000e+03
9.270000000000000000e+02 1.314000000000000000e+03
9.510000000000000000e+02 1.500000000000000000e+03
9.210000000000000000e+02 1.499000000000000000e+03
8.860000000000000000e+02 1.500000000000000000e+03
9.030000000000000000e+02 1.624000000000000000e+03
8.960000000000000000e+02 1.583000000000000000e+03
8.930000000000000000e+02 1.553000000000000000e+03
8.890000000000000000e+02 1.524000000000000000e+03
8.850000000000000000e+02 1.502000000000000000e+03
9.500000000000000000e+02 1.501000000000000000e+03
9.590000000000000000e+02 1.512000000000000000e+03
9.690000000000000000e+02 1.527000000000000000e+03
9.770000000000000000e+02 1.543000000000000000e+03
1.012000000000000000e+03 1.427000000000000000e+03
1.277000000000000000e+03 1.242000000000000000e+03
9.730000000000000000e+02 1.501000000000000000e+03
9.820000000000000000e+02 1.507000000000000000e+03
9.000000000000000000e+02 1.355000000000000000e+03
9.570000000000000000e+02 1.342000000000000000e+03
9.060000000000000000e+02 1.347000000000000000e+03
1.011000000000000000e+03 1.182000000000000000e+03
1.078000000000000000e+03 1.212000000000000000e+03
9.790000000000000000e+02 1.294000000000000000e+03
1.188000000000000000e+03 7.170000000000000000e+02
1.161000000000000000e+03 7.860000000000000000e+02
1.151000000000000000e+03 8.670000000000000000e+02
9.940000000000000000e+02 1.572000000000000000e+03
9.650000000000000000e+02 8.860000000000000000e+02
9.660000000000000000e+02 7.670000000000000000e+02
9.820000000000000000e+02 6.570000000000000000e+02
1.142000000000000000e+03 1.079000000000000000e+03
1.228000000000000000e+03 1.116000000000000000e+03
9.680000000000000000e+02 1.063000000000000000e+03
1.205000000000000000e+03 9.990000000000000000e+02
9.410000000000000000e+02 1.128000000000000000e+03
9.520000000000000000e+02 1.286000000000000000e+03
1.265000000000000000e+03 1.144000000000000000e+03
1.201000000000000000e+03 1.151000000000000000e+03
1.149000000000000000e+03 1.170000000000000000e+03
1.071000000000000000e+03 1.163000000000000000e+03
1.014000000000000000e+03 1.144000000000000000e+03
9.730000000000000000e+02 1.125000000000000000e+03
8.910000000000000000e+02 1.071000000000000000e+03
1.255000000000000000e+03 1.239000000000000000e+03
1.233000000000000000e+03 9.910000000000000000e+02
8.750000000000000000e+02 1.339000000000000000e+03
9.630000000000000000e+02 1.203000000000000000e+03
1.298000000000000000e+03 1.044000000000000000e+03
9.420000000000000000e+02 1.103000000000000000e+03
9.820000000000000000e+02 1.295000000000000000e+03
1.181000000000000000e+03 1.033000000000000000e+03
9.520000000000000000e+02 1.255000000000000000e+03
1.256000000000000000e+03 1.349000000000000000e+03
9.690000000000000000e+02 1.047000000000000000e+03
9.240000000000000000e+02 1.231000000000000000e+03
1.152000000000000000e+03 1.574000000000000000e+03
1.144000000000000000e+03 1.616000000000000000e+03
1.281000000000000000e+03 1.242000000000000000e+03
1.198000000000000000e+03 1.513000000000000000e+03
1.278000000000000000e+03 9.660000000000000000e+02
1.000000000000000000e+03 1.721000000000000000e+03
8.690000000000000000e+02 1.347000000000000000e+03
9.990000000000000000e+02 1.235000000000000000e+03
1.265000000000000000e+03 1.055000000000000000e+03
1.106000000000000000e+03 1.064000000000000000e+03
1.070000000000000000e+03 1.066000000000000000e+03
1.000000000000000000e+03 1.521000000000000000e+03
1.241000000000000000e+03 1.327000000000000000e+03
9.290000000000000000e+02 1.776000000000000000e+03
1.041000000000000000e+03 1.714000000000000000e+03
1.089000000000000000e+03 1.674000000000000000e+03
1.035000000000000000e+03 1.061000000000000000e+03
1.001000000000000000e+03 1.053000000000000000e+03
9.790000000000000000e+02 1.050000000000000000e+03
1.258000000000000000e+03 9.790000000000000000e+02
1.009000000000000000e+03 1.015000000000000000e+03
1.047000000000000000e+03 1.001000000000000000e+03
1.086000000000000000e+03 9.990000000000000000e+02
1.123000000000000000e+03 1.006000000000000000e+03
1.144000000000000000e+03 1.017000000000000000e+03
1.294000000000000000e+03 9.410000000000000000e+02
1.131000000000000000e+03 1.057000000000000000e+03
9.740000000000000000e+02 1.404000000000000000e+03
9.420000000000000000e+02 1.319000000000000000e+03
9.040000000000000000e+02 1.394000000000000000e+03
1.101000000000000000e+03 1.632000000000000000e+03
1.052000000000000000e+03 1.676000000000000000e+03
9.340000000000000000e+02 1.753000000000000000e+03
1.187000000000000000e+03 1.550000000000000000e+03
9.820000000000000000e+02 1.035000000000000000e+03
9.170000000000000000e+02 1.143000000000000000e+03
9.900000000000000000e+02 1.750000000000000000e+03
1.261000000000000000e+03 1.340000000000000000e+03
9.200000000000000000e+02 1.501000000000000000e+03
9.280000000000000000e+02 1.518000000000000000e+03
9.360000000000000000e+02 1.541000000000000000e+03
9.420000000000000000e+02 1.567000000000000000e+03
9.540000000000000000e+02 1.601000000000000000e+03
9.840000000000000000e+02 1.497000000000000000e+03
9.940000000000000000e+02 1.492000000000000000e+03
1.003000000000000000e+03 1.486000000000000000e+03
1.040000000000000000e+03 1.458000000000000000e+03
1.193000000000000000e+03 1.355000000000000000e+03
9.150000000000000000e+02 1.096000000000000000e+03
9.420000000000000000e+02 1.015000000000000000e+03
9.660000000000000000e+02 1.019000000000000000e+03
9.730000000000000000e+02 1.501000000000000000e+03
1.189000000000000000e+03 1.457000000000000000e+03
9.050000000000000000e+02 1.016000000000000000e+03
9.760000000000000000e+02 1.641000000000000000e+03
8.900000000000000000e+02 1.121000000000000000e+03
9.410000000000000000e+02 1.215000000000000000e+03
9.160000000000000000e+02 1.668000000000000000e+03
1.061000000000000000e+03 1.557000000000000000e+03
1.016000000000000000e+03 1.329000000000000000e+03
1.022000000000000000e+03 1.605000000000000000e+03
1.113000000000000000e+03 1.321000000000000000e+03
1.055000000000000000e+03 1.372000000000000000e+03
1.142000000000000000e+03 1.390000000000000000e+03
9.300000000000000000e+02 1.717000000000000000e+03
9.610000000000000000e+02 1.239000000000000000e+03
1.093000000000000000e+03 1.588000000000000000e+03
1.044000000000000000e+03 1.637000000000000000e+03
1.093000000000000000e+03 1.502000000000000000e+03
1.225000000000000000e+03 1.401000000000000000e+03
1.140000000000000000e+03 1.507000000000000000e+03
1.237000000000000000e+03 1.430000000000000000e+03
1.084000000000000000e+03 1.426000000000000000e+03
9.390000000000000000e+02 1.172000000000000000e+03
9.390000000000000000e+02 1.306000000000000000e+03
9.590000000000000000e+02 1.315000000000000000e+03
9.260000000000000000e+02 1.278000000000000000e+03
9.790000000000000000e+02 9.730000000000000000e+02
1.050000000000000000e+03 9.430000000000000000e+02
1.113000000000000000e+03 9.370000000000000000e+02
1.162000000000000000e+03 9.460000000000000000e+02
1.194000000000000000e+03 9.660000000000000000e+02
1.203000000000000000e+03 1.042000000000000000e+03
1.293000000000000000e+03 1.147000000000000000e+03
1.168000000000000000e+03 1.109000000000000000e+03
1.125000000000000000e+03 1.123000000000000000e+03
1.070000000000000000e+03 1.122000000000000000e+03
1.019000000000000000e+03 1.110000000000000000e+03
9.800000000000000000e+02 1.096000000000000000e+03
9.530000000000000000e+02 1.084000000000000000e+03
1.289000000000000000e+03 1.142000000000000000e+03
9.570000000000000000e+02 1.326000000000000000e+03
9.170000000000000000e+02 1.186000000000000000e+03
9.150000000000000000e+02 1.310000000000000000e+03
8.930000000000000000e+02 1.331000000000000000e+03
9.130000000000000000e+02 1.317000000000000000e+03
9.460000000000000000e+02 1.338000000000000000e+03
8.870000000000000000e+02 1.336000000000000000e+03
8.810000000000000000e+02 1.344000000000000000e+03
9.550000000000000000e+02 1.049000000000000000e+03
9.330000000000000000e+02 1.061000000000000000e+03
9.190000000000000000e+02 1.071000000000000000e+03
1.156000000000000000e+03 1.025000000000000000e+03
1.184000000000000000e+03 1.003000000000000000e+03
6.340000000000000000e+02 1.022000000000000000e+03
6.770000000000000000e+02 1.021000000000000000e+03
6.340000000000000000e+02 9.810000000000000000e+02
5.910000000000000000e+02 1.024000000000000000e+03
6.350000000000000000e+02 1.064000000000000000e+03
1.073000000000000000e+03 1.028000000000000000e+03
1.117000000000000000e+03 1.029000000000000000e+03
1.073000000000000000e+03 9.910000000000000000e+02
1.028000000000000000e+03 1.026000000000000000e+03
1.072000000000000000e+03 1.065000000000000000e+03
0.000000000000000000e+00 0.000000000000000000e+00
1.749000000000000000e+03 0.000000000000000000e+00
1.749000000000000000e+03 2.187000000000000000e+03
0.000000000000000000e+00 2.187000000000000000e+03
8.700000000000000000e+01 0.000000000000000000e+00
8.700000000000000000e+01 2.187000000000000000e+03
0.000000000000000000e+00 1.090000000000000000e+02
1.749000000000000000e+03 1.090000000000000000e+02
1.750000000000000000e+02 0.000000000000000000e+00
1.750000000000000000e+02 2.187000000000000000e+03
0.000000000000000000e+00 2.180000000000000000e+02
1.749000000000000000e+03 2.180000000000000000e+02
2.620000000000000000e+02 0.000000000000000000e+00
2.620000000000000000e+02 2.187000000000000000e+03
0.000000000000000000e+00 3.280000000000000000e+02
1.749000000000000000e+03 3.280000000000000000e+02
3.500000000000000000e+02 0.000000000000000000e+00
3.500000000000000000e+02 2.187000000000000000e+03
0.000000000000000000e+00 4.370000000000000000e+02
1.749000000000000000e+03 4.370000000000000000e+02
4.370000000000000000e+02 0.000000000000000000e+00
4.370000000000000000e+02 2.187000000000000000e+03
0.000000000000000000e+00 5.470000000000000000e+02
1.749000000000000000e+03 5.470000000000000000e+02
5.250000000000000000e+02 0.000000000000000000e+00
5.250000000000000000e+02 2.187000000000000000e+03
0.000000000000000000e+00 6.560000000000000000e+02
1.749000000000000000e+03 6.560000000000000000e+02
6.120000000000000000e+02 0.000000000000000000e+00
6.120000000000000000e+02 2.187000000000000000e+03
0.000000000000000000e+00 7.650000000000000000e+02
1.749000000000000000e+03 7.650000000000000000e+02
7.000000000000000000e+02 0.000000000000000000e+00
7.000000000000000000e+02 2.187000000000000000e+03
0.000000000000000000e+00 8.750000000000000000e+02
1.749000000000000000e+03 8.750000000000000000e+02
7.870000000000000000e+02 0.000000000000000000e+00
7.870000000000000000e+02 2.187000000000000000e+03
0.000000000000000000e+00 9.840000000000000000e+02
1.749000000000000000e+03 9.840000000000000000e+02
8.750000000000000000e+02 0.000000000000000000e+00
8.750000000000000000e+02 2.187000000000000000e+03
0.000000000000000000e+00 1.094000000000000000e+03
1.749000000000000000e+03 1.094000000000000000e+03
9.620000000000000000e+02 0.000000000000000000e+00
9.620000000000000000e+02 2.187000000000000000e+03
0.000000000000000000e+00 1.203000000000000000e+03
1.749000000000000000e+03 1.203000000000000000e+03
1.050000000000000000e+03 0.000000000000000000e+00
1.050000000000000000e+03 2.187000000000000000e+03
0.000000000000000000e+00 1.312000000000000000e+03
1.749000000000000000e+03 1.312000000000000000e+03
1.137000000000000000e+03 0.000000000000000000e+00
1.137000000000000000e+03 2.187000000000000000e+03
0.000000000000000000e+00 1.422000000000000000e+03
1.749000000000000000e+03 1.422000000000000000e+03
1.225000000000000000e+03 0.000000000000000000e+00
1.225000000000000000e+03 2.187000000000000000e+03
0.000000000000000000e+00 1.531000000000000000e+03
1.749000000000000000e+03 1.531000000000000000e+03
1.312000000000000000e+03 0.000000000000000000e+00
1.312000000000000000e+03 2.187000000000000000e+03
0.000000000000000000e+00 1.641000000000000000e+03
1.749000000000000000e+03 1.641000000000000000e+03
1.400000000000000000e+03 0.000000000000000000e+00
1.400000000000000000e+03 2.187000000000000000e+03
0.000000000000000000e+00 1.750000000000000000e+03
1.749000000000000000e+03 1.750000000000000000e+03
1.487000000000000000e+03 0.000000000000000000e+00
1.487000000000000000e+03 2.187000000000000000e+03
0.000000000000000000e+00 1.859000000000000000e+03
1.749000000000000000e+03 1.859000000000000000e+03
1.575000000000000000e+03 0.000000000000000000e+00
1.575000000000000000e+03 2.187000000000000000e+03
0.000000000000000000e+00 1.969000000000000000e+03
1.749000000000000000e+03 1.969000000000000000e+03
1.662000000000000000e+03 0.000000000000000000e+00
1.662000000000000000e+03 2.187000000000000000e+03
0.000000000000000000e+00 2.078000000000000000e+03
1.749000000000000000e+03 2.078000000000000000e+03
