8.270000000000000000e+02 1.422000000000000000e+03
8.060000000000000000e+02 1.269000000000000000e+03
8.070000000000000000e+02 1.312000000000000000e+03
7.710000000000000000e+02 1.148000000000000000e+03
8.050000000000000000e+02 1.229000000000000000e+03
8.040000000000000000e+02 1.180000000000000000e+03
8.030000000000000000e+02 1.064000000000000000e+03
5.370000000000000000e+02 1.066000000000000000e+03
8.010000000000000000e+02 9.660000000000000000e+02
8.000000000000000000e+02 9.140000000000000000e+02
7.980000000000000000e+02 7.370000000000000000e+02
8.270000000000000000e+02 1.437000000000000000e+03
8.260000000000000000e+02 1.454000000000000000e+03
8.250000000000000000e+02 1.465000000000000000e+03
8.230000000000000000e+02 1.551000000000000000e+03
8.240000000000000000e+02 1.568000000000000000e+03
8.250000000000000000e+02 1.589000000000000000e+03
8.250000000000000000e+02 1.607000000000000000e+03
8.140000000000000000e+02 1.637000000000000000e+03
8.060000000000000000e+02 1.291000000000000000e+03
7.720000000000000000e+02 1.293000000000000000e+03
3.880000000000000000e+02 9.320000000000000000e+02
6.400000000000000000e+02 1.090000000000000000e+03
6.040000000000000000e+02 1.095000000000000000e+03
5.690000000000000000e+02 1.096000000000000000e+03
5.210000000000000000e+02 1.081000000000000000e+03
6.720000000000000000e+02 1.079000000000000000e+03
5.870000000000000000e+02 9.810000000000000000e+02
6.290000000000000000e+02 9.830000000000000000e+02
5.460000000000000000e+02 9.890000000000000000e+02
5.200000000000000000e+02 1.007000000000000000e+03
4.900000000000000000e+02 1.106000000000000000e+03
6.690000000000000000e+02 1.660000000000000000e+03
5.230000000000000000e+02 1.058000000000000000e+03
3.750000000000000000e+02 1.097000000000000000e+03
4.440000000000000000e+02 1.081000000000000000e+03
6.120000000000000000e+02 1.253000000000000000e+03
7.750000000000000000e+02 1.414000000000000000e+03
7.800000000000000000e+02 1.453000000000000000e+03
7.230000000000000000e+02 1.434000000000000000e+03
6.890000000000000000e+02 1.454000000000000000e+03
7.400000000000000000e+02 1.459000000000000000e+03
7.080000000000000000e+02 1.468000000000000000e+03
6.340000000000000000e+02 1.527000000000000000e+03
7.740000000000000000e+02 1.269000000000000000e+03
7.680000000000000000e+02 1.231000000000000000e+03
4.650000000000000000e+02 9.750000000000000000e+02
6.880000000000000000e+02 1.155000000000000000e+03
6.850000000000000000e+02 1.266000000000000000e+03
6.810000000000000000e+02 1.247000000000000000e+03
4.990000000000000000e+02 1.254000000000000000e+03
7.690000000000000000e+02 1.185000000000000000e+03
5.580000000000000000e+02 9.250000000000000000e+02
5.030000000000000000e+02 9.430000000000000000e+02
4.220000000000000000e+02 8.590000000000000000e+02
7.240000000000000000e+02 9.510000000000000000e+02
6.650000000000000000e+02 9.990000000000000000e+02
6.090000000000000000e+02 1.475000000000000000e+03
4.490000000000000000e+02 1.461000000000000000e+03
7.150000000000000000e+02 1.287000000000000000e+03
7.460000000000000000e+02 1.298000000000000000e+03
6.470000000000000000e+02 1.497000000000000000e+03
6.580000000000000000e+02 1.496000000000000000e+03
4.810000000000000000e+02 9.200000000000000000e+02
6.840000000000000000e+02 1.285000000000000000e+03
6.300000000000000000e+02 9.250000000000000000e+02
6.230000000000000000e+02 8.950000000000000000e+02
5.750000000000000000e+02 7.600000000000000000e+02
4.460000000000000000e+02 8.880000000000000000e+02
5.970000000000000000e+02 8.250000000000000000e+02
4.400000000000000000e+02 9.620000000000000000e+02
4.100000000000000000e+02 9.470000000000000000e+02
7.770000000000000000e+02 1.435000000000000000e+03
7.310000000000000000e+02 1.447000000000000000e+03
6.980000000000000000e+02 1.461000000000000000e+03
7.250000000000000000e+02 1.295000000000000000e+03
6.530000000000000000e+02 1.497000000000000000e+03
6.680000000000000000e+02 1.520000000000000000e+03
6.630000000000000000e+02 1.495000000000000000e+03
7.330000000000000000e+02 1.271000000000000000e+03
7.150000000000000000e+02 1.471000000000000000e+03
7.470000000000000000e+02 1.466000000000000000e+03
7.830000000000000000e+02 1.464000000000000000e+03
7.540000000000000000e+02 1.631000000000000000e+03
7.650000000000000000e+02 1.602000000000000000e+03
7.680000000000000000e+02 1.584000000000000000e+03
7.730000000000000000e+02 1.563000000000000000e+03
7.790000000000000000e+02 1.547000000000000000e+03
7.110000000000000000e+02 1.524000000000000000e+03
7.010000000000000000e+02 1.532000000000000000e+03
6.890000000000000000e+02 1.543000000000000000e+03
6.790000000000000000e+02 1.554000000000000000e+03
6.460000000000000000e+02 1.393000000000000000e+03
3.900000000000000000e+02 1.272000000000000000e+03
8.060000000000000000e+02 1.302000000000000000e+03
6.880000000000000000e+02 1.512000000000000000e+03
6.780000000000000000e+02 1.516000000000000000e+03
7.570000000000000000e+02 1.313000000000000000e+03
6.980000000000000000e+02 1.308000000000000000e+03
7.520000000000000000e+02 1.306000000000000000e+03
6.460000000000000000e+02 1.179000000000000000e+03
5.840000000000000000e+02 1.206000000000000000e+03
6.750000000000000000e+02 1.266000000000000000e+03
4.810000000000000000e+02 8.000000000000000000e+02
5.050000000000000000e+02 8.450000000000000000e+02
5.440000000000000000e+02 8.970000000000000000e+02
6.610000000000000000e+02 1.566000000000000000e+03
7.120000000000000000e+02 9.010000000000000000e+02
6.920000000000000000e+02 8.230000000000000000e+02
6.780000000000000000e+02 7.410000000000000000e+02
5.390000000000000000e+02 1.092000000000000000e+03
4.510000000000000000e+02 1.134000000000000000e+03
6.930000000000000000e+02 1.068000000000000000e+03
4.820000000000000000e+02 1.028000000000000000e+03
7.160000000000000000e+02 1.129000000000000000e+03
7.070000000000000000e+02 1.248000000000000000e+03
4.050000000000000000e+02 1.164000000000000000e+03
4.790000000000000000e+02 1.159000000000000000e+03
5.290000000000000000e+02 1.169000000000000000e+03
6.010000000000000000e+02 1.158000000000000000e+03
6.520000000000000000e+02 1.140000000000000000e+03
6.910000000000000000e+02 1.119000000000000000e+03
7.660000000000000000e+02 1.075000000000000000e+03
4.170000000000000000e+02 1.244000000000000000e+03
4.510000000000000000e+02 1.025000000000000000e+03
7.870000000000000000e+02 1.290000000000000000e+03
6.920000000000000000e+02 1.191000000000000000e+03
3.670000000000000000e+02 1.101000000000000000e+03
7.210000000000000000e+02 1.096000000000000000e+03
6.710000000000000000e+02 1.270000000000000000e+03
5.040000000000000000e+02 1.058000000000000000e+03
7.050000000000000000e+02 1.225000000000000000e+03
4.120000000000000000e+02 1.364000000000000000e+03
6.930000000000000000e+02 1.056000000000000000e+03
7.360000000000000000e+02 1.201000000000000000e+03
5.280000000000000000e+02 1.552000000000000000e+03
5.320000000000000000e+02 1.598000000000000000e+03
3.880000000000000000e+02 1.258000000000000000e+03
4.840000000000000000e+02 1.498000000000000000e+03
3.910000000000000000e+02 1.018000000000000000e+03
6.650000000000000000e+02 1.697000000000000000e+03
7.920000000000000000e+02 1.300000000000000000e+03
6.570000000000000000e+02 1.221000000000000000e+03
4.110000000000000000e+02 1.092000000000000000e+03
5.720000000000000000e+02 1.074000000000000000e+03
6.020000000000000000e+02 1.074000000000000000e+03
6.580000000000000000e+02 1.525000000000000000e+03
4.330000000000000000e+02 1.322000000000000000e+03
7.340000000000000000e+02 1.757000000000000000e+03
6.230000000000000000e+02 1.692000000000000000e+03
5.810000000000000000e+02 1.652000000000000000e+03
7.990000000000000000e+02 8.240000000000000000e+02
8.170000000000000000e+02 1.767000000000000000e+03
6.330000000000000000e+02 1.070000000000000000e+03
6.620000000000000000e+02 1.063000000000000000e+03
6.820000000000000000e+02 1.060000000000000000e+03
4.220000000000000000e+02 1.022000000000000000e+03
6.580000000000000000e+02 1.034000000000000000e+03
6.260000000000000000e+02 1.027000000000000000e+03
5.960000000000000000e+02 1.026000000000000000e+03
5.650000000000000000e+02 1.033000000000000000e+03
5.450000000000000000e+02 1.043000000000000000e+03
3.710000000000000000e+02 1.009000000000000000e+03
5.520000000000000000e+02 1.070000000000000000e+03
8.080000000000000000e+02 1.343000000000000000e+03
6.810000000000000000e+02 1.366000000000000000e+03
7.150000000000000000e+02 1.280000000000000000e+03
7.520000000000000000e+02 1.347000000000000000e+03
8.020000000000000000e+02 1.017000000000000000e+03
5.710000000000000000e+02 1.608000000000000000e+03
6.160000000000000000e+02 1.651000000000000000e+03
7.310000000000000000e+02 1.731000000000000000e+03
4.910000000000000000e+02 1.540000000000000000e+03
6.820000000000000000e+02 1.047000000000000000e+03
7.420000000000000000e+02 1.135000000000000000e+03
8.160000000000000000e+02 1.741000000000000000e+03
6.720000000000000000e+02 1.729000000000000000e+03
4.100000000000000000e+02 1.344000000000000000e+03
7.410000000000000000e+02 1.537000000000000000e+03
7.320000000000000000e+02 1.549000000000000000e+03
7.220000000000000000e+02 1.566000000000000000e+03
7.160000000000000000e+02 1.583000000000000000e+03
6.990000000000000000e+02 1.604000000000000000e+03
6.800000000000000000e+02 1.481000000000000000e+03
6.710000000000000000e+02 1.478000000000000000e+03
6.630000000000000000e+02 1.474000000000000000e+03
6.220000000000000000e+02 1.430000000000000000e+03
4.830000000000000000e+02 1.340000000000000000e+03
7.420000000000000000e+02 1.099000000000000000e+03
7.210000000000000000e+02 1.021000000000000000e+03
6.980000000000000000e+02 1.029000000000000000e+03
6.880000000000000000e+02 1.481000000000000000e+03
4.910000000000000000e+02 1.439000000000000000e+03
7.560000000000000000e+02 1.014000000000000000e+03
6.830000000000000000e+02 1.628000000000000000e+03
8.040000000000000000e+02 1.141000000000000000e+03
7.680000000000000000e+02 1.113000000000000000e+03
8.030000000000000000e+02 1.104000000000000000e+03
7.150000000000000000e+02 1.195000000000000000e+03
8.150000000000000000e+02 1.705000000000000000e+03
8.150000000000000000e+02 1.667000000000000000e+03
7.450000000000000000e+02 1.659000000000000000e+03
6.040000000000000000e+02 1.536000000000000000e+03
6.410000000000000000e+02 1.304000000000000000e+03
6.380000000000000000e+02 1.586000000000000000e+03
5.570000000000000000e+02 1.303000000000000000e+03
6.100000000000000000e+02 1.346000000000000000e+03
5.350000000000000000e+02 1.368000000000000000e+03
7.350000000000000000e+02 1.696000000000000000e+03
6.920000000000000000e+02 1.219000000000000000e+03
5.770000000000000000e+02 1.564000000000000000e+03
6.220000000000000000e+02 1.613000000000000000e+03
5.770000000000000000e+02 1.478000000000000000e+03
4.520000000000000000e+02 1.390000000000000000e+03
5.360000000000000000e+02 1.485000000000000000e+03
4.400000000000000000e+02 1.424000000000000000e+03
5.870000000000000000e+02 1.400000000000000000e+03
7.180000000000000000e+02 1.163000000000000000e+03
7.210000000000000000e+02 1.265000000000000000e+03
6.980000000000000000e+02 1.278000000000000000e+03
7.360000000000000000e+02 1.237000000000000000e+03
6.910000000000000000e+02 9.850000000000000000e+02
6.300000000000000000e+02 9.610000000000000000e+02
5.760000000000000000e+02 9.590000000000000000e+02
5.290000000000000000e+02 9.700000000000000000e+02
4.970000000000000000e+02 9.930000000000000000e+02
4.790000000000000000e+02 1.068000000000000000e+03
3.760000000000000000e+02 1.177000000000000000e+03
5.120000000000000000e+02 1.120000000000000000e+03
5.510000000000000000e+02 1.127000000000000000e+03
6.000000000000000000e+02 1.124000000000000000e+03
6.460000000000000000e+02 1.113000000000000000e+03
6.830000000000000000e+02 1.099000000000000000e+03
7.090000000000000000e+02 1.084000000000000000e+03
3.750000000000000000e+02 1.187000000000000000e+03
6.990000000000000000e+02 1.289000000000000000e+03
7.420000000000000000e+02 1.167000000000000000e+03
7.470000000000000000e+02 1.265000000000000000e+03
7.690000000000000000e+02 1.285000000000000000e+03
7.480000000000000000e+02 1.272000000000000000e+03
7.100000000000000000e+02 1.302000000000000000e+03
7.750000000000000000e+02 1.288000000000000000e+03
7.800000000000000000e+02 1.298000000000000000e+03
7.070000000000000000e+02 1.055000000000000000e+03
7.280000000000000000e+02 1.061000000000000000e+03
7.420000000000000000e+02 1.064000000000000000e+03
5.330000000000000000e+02 1.051000000000000000e+03
5.030000000000000000e+02 1.029000000000000000e+03
8.360000000000000000e+02 1.147000000000000000e+03
1.073000000000000000e+03 1.065000000000000000e+03
8.410000000000000000e+02 1.292000000000000000e+03
1.216000000000000000e+03 9.270000000000000000e+02
9.720000000000000000e+02 1.098000000000000000e+03
1.009000000000000000e+03 1.102000000000000000e+03
1.044000000000000000e+03 1.099000000000000000e+03
1.090000000000000000e+03 1.080000000000000000e+03
9.400000000000000000e+02 1.086000000000000000e+03
1.018000000000000000e+03 9.830000000000000000e+02
9.770000000000000000e+02 9.880000000000000000e+02
1.059000000000000000e+03 9.900000000000000000e+02
1.086000000000000000e+03 1.006000000000000000e+03
1.122000000000000000e+03 1.105000000000000000e+03
9.600000000000000000e+02 1.657000000000000000e+03
1.086000000000000000e+03 1.056000000000000000e+03
1.237000000000000000e+03 1.092000000000000000e+03
1.165000000000000000e+03 1.080000000000000000e+03
1.001000000000000000e+03 1.249000000000000000e+03
8.760000000000000000e+02 1.412000000000000000e+03
8.680000000000000000e+02 1.453000000000000000e+03
9.200000000000000000e+02 1.429000000000000000e+03
9.470000000000000000e+02 1.449000000000000000e+03
9.020000000000000000e+02 1.457000000000000000e+03
9.270000000000000000e+02 1.466000000000000000e+03
9.930000000000000000e+02 1.522000000000000000e+03
8.370000000000000000e+02 1.268000000000000000e+03
8.410000000000000000e+02 1.230000000000000000e+03
1.139000000000000000e+03 9.720000000000000000e+02
9.210000000000000000e+02 1.153000000000000000e+03
9.270000000000000000e+02 1.263000000000000000e+03
9.310000000000000000e+02 1.244000000000000000e+03
1.114000000000000000e+03 1.248000000000000000e+03
8.390000000000000000e+02 1.184000000000000000e+03
1.045000000000000000e+03 9.230000000000000000e+02
1.100000000000000000e+03 9.400000000000000000e+02
1.177000000000000000e+03 8.540000000000000000e+02
8.800000000000000000e+02 9.590000000000000000e+02
9.410000000000000000e+02 1.004000000000000000e+03
1.016000000000000000e+03 1.470000000000000000e+03
1.184000000000000000e+03 1.456000000000000000e+03
8.970000000000000000e+02 1.285000000000000000e+03
8.670000000000000000e+02 1.297000000000000000e+03
9.750000000000000000e+02 1.495000000000000000e+03
9.640000000000000000e+02 1.494000000000000000e+03
1.122000000000000000e+03 9.160000000000000000e+02
9.290000000000000000e+02 1.282000000000000000e+03
9.720000000000000000e+02 9.270000000000000000e+02
9.780000000000000000e+02 8.950000000000000000e+02
1.021000000000000000e+03 7.570000000000000000e+02
1.150000000000000000e+03 8.860000000000000000e+02
9.990000000000000000e+02 8.250000000000000000e+02
1.163000000000000000e+03 9.590000000000000000e+02
1.191000000000000000e+03 9.440000000000000000e+02
8.730000000000000000e+02 1.434000000000000000e+03
9.120000000000000000e+02 1.444000000000000000e+03
9.380000000000000000e+02 1.458000000000000000e+03
8.880000000000000000e+02 1.293000000000000000e+03
9.690000000000000000e+02 1.494000000000000000e+03
9.580000000000000000e+02 1.517000000000000000e+03
9.580000000000000000e+02 1.493000000000000000e+03
8.790000000000000000e+02 1.270000000000000000e+03
9.180000000000000000e+02 1.470000000000000000e+03
8.930000000000000000e+02 1.464000000000000000e+03
8.620000000000000000e+02 1.463000000000000000e+03
8.740000000000000000e+02 1.630000000000000000e+03
8.800000000000000000e+02 1.599000000000000000e+03
8.770000000000000000e+02 1.581000000000000000e+03
8.720000000000000000e+02 1.561000000000000000e+03
8.650000000000000000e+02 1.545000000000000000e+03
9.200000000000000000e+02 1.521000000000000000e+03
9.310000000000000000e+02 1.528000000000000000e+03
9.430000000000000000e+02 1.538000000000000000e+03
9.530000000000000000e+02 1.548000000000000000e+03
9.730000000000000000e+02 1.389000000000000000e+03
1.236000000000000000e+03 1.267000000000000000e+03
9.370000000000000000e+02 1.509000000000000000e+03
9.480000000000000000e+02 1.513000000000000000e+03
8.570000000000000000e+02 1.312000000000000000e+03
9.170000000000000000e+02 1.306000000000000000e+03
8.620000000000000000e+02 1.305000000000000000e+03
9.630000000000000000e+02 1.175000000000000000e+03
1.027000000000000000e+03 1.201000000000000000e+03
9.380000000000000000e+02 1.263000000000000000e+03
1.116000000000000000e+03 7.960000000000000000e+02
1.090000000000000000e+03 8.450000000000000000e+02
1.058000000000000000e+03 8.930000000000000000e+02
9.660000000000000000e+02 1.563000000000000000e+03
8.900000000000000000e+02 9.060000000000000000e+02
9.050000000000000000e+02 8.220000000000000000e+02
9.190000000000000000e+02 7.400000000000000000e+02
1.073000000000000000e+03 1.093000000000000000e+03
1.164000000000000000e+03 1.133000000000000000e+03
9.170000000000000000e+02 1.075000000000000000e+03
1.125000000000000000e+03 1.026000000000000000e+03
8.920000000000000000e+02 1.127000000000000000e+03
9.030000000000000000e+02 1.246000000000000000e+03
1.207000000000000000e+03 1.158000000000000000e+03
1.137000000000000000e+03 1.156000000000000000e+03
1.088000000000000000e+03 1.167000000000000000e+03
1.016000000000000000e+03 1.160000000000000000e+03
9.630000000000000000e+02 1.143000000000000000e+03
9.220000000000000000e+02 1.123000000000000000e+03
8.390000000000000000e+02 1.074000000000000000e+03
1.200000000000000000e+03 1.238000000000000000e+03
1.155000000000000000e+03 1.024000000000000000e+03
8.250000000000000000e+02 1.290000000000000000e+03
9.180000000000000000e+02 1.188000000000000000e+03
1.249000000000000000e+03 1.095000000000000000e+03
8.910000000000000000e+02 1.100000000000000000e+03
9.420000000000000000e+02 1.267000000000000000e+03
1.104000000000000000e+03 1.057000000000000000e+03
9.050000000000000000e+02 1.223000000000000000e+03
1.218000000000000000e+03 1.358000000000000000e+03
9.150000000000000000e+02 1.062000000000000000e+03
8.730000000000000000e+02 1.199000000000000000e+03
1.103000000000000000e+03 1.547000000000000000e+03
1.101000000000000000e+03 1.593000000000000000e+03
1.233000000000000000e+03 1.253000000000000000e+03
1.146000000000000000e+03 1.493000000000000000e+03
1.216000000000000000e+03 1.013000000000000000e+03
9.660000000000000000e+02 1.694000000000000000e+03
8.210000000000000000e+02 1.300000000000000000e+03
9.550000000000000000e+02 1.217000000000000000e+03
1.200000000000000000e+03 1.091000000000000000e+03
1.040000000000000000e+03 1.077000000000000000e+03
1.009000000000000000e+03 1.080000000000000000e+03
9.680000000000000000e+02 1.521000000000000000e+03
1.189000000000000000e+03 1.316000000000000000e+03
9.000000000000000000e+02 1.755000000000000000e+03
1.009000000000000000e+03 1.688000000000000000e+03
1.052000000000000000e+03 1.648000000000000000e+03
9.780000000000000000e+02 1.077000000000000000e+03
9.480000000000000000e+02 1.071000000000000000e+03
9.270000000000000000e+02 1.066000000000000000e+03
1.183000000000000000e+03 1.019000000000000000e+03
9.500000000000000000e+02 1.039000000000000000e+03
9.810000000000000000e+02 1.031000000000000000e+03
1.011000000000000000e+03 1.030000000000000000e+03
1.042000000000000000e+03 1.035000000000000000e+03
1.062000000000000000e+03 1.042000000000000000e+03
1.239000000000000000e+03 1.003000000000000000e+03
1.060000000000000000e+03 1.071000000000000000e+03
9.370000000000000000e+02 1.363000000000000000e+03
8.970000000000000000e+02 1.278000000000000000e+03
8.640000000000000000e+02 1.345000000000000000e+03
1.060000000000000000e+03 1.603000000000000000e+03
1.015000000000000000e+03 1.647000000000000000e+03
9.000000000000000000e+02 1.730000000000000000e+03
1.142000000000000000e+03 1.535000000000000000e+03
9.260000000000000000e+02 1.052000000000000000e+03
8.660000000000000000e+02 1.133000000000000000e+03
9.610000000000000000e+02 1.726000000000000000e+03
1.216000000000000000e+03 1.338000000000000000e+03
8.970000000000000000e+02 1.534000000000000000e+03
9.070000000000000000e+02 1.546000000000000000e+03
9.170000000000000000e+02 1.561000000000000000e+03
9.240000000000000000e+02 1.578000000000000000e+03
9.280000000000000000e+02 1.602000000000000000e+03
9.460000000000000000e+02 1.479000000000000000e+03
9.560000000000000000e+02 1.475000000000000000e+03
9.660000000000000000e+02 1.471000000000000000e+03
1.000000000000000000e+03 1.425000000000000000e+03
1.137000000000000000e+03 1.335000000000000000e+03
8.650000000000000000e+02 1.098000000000000000e+03
8.860000000000000000e+02 1.027000000000000000e+03
9.100000000000000000e+02 1.035000000000000000e+03
9.370000000000000000e+02 1.479000000000000000e+03
1.135000000000000000e+03 1.433000000000000000e+03
8.510000000000000000e+02 1.021000000000000000e+03
9.440000000000000000e+02 1.625000000000000000e+03
8.380000000000000000e+02 1.112000000000000000e+03
8.940000000000000000e+02 1.193000000000000000e+03
8.840000000000000000e+02 1.658000000000000000e+03
1.023000000000000000e+03 1.531000000000000000e+03
9.730000000000000000e+02 1.300000000000000000e+03
9.890000000000000000e+02 1.582000000000000000e+03
1.058000000000000000e+03 1.298000000000000000e+03
1.007000000000000000e+03 1.342000000000000000e+03
1.084000000000000000e+03 1.363000000000000000e+03
8.950000000000000000e+02 1.695000000000000000e+03
9.190000000000000000e+02 1.216000000000000000e+03
1.051000000000000000e+03 1.560000000000000000e+03
1.007000000000000000e+03 1.609000000000000000e+03
1.047000000000000000e+03 1.473000000000000000e+03
1.173000000000000000e+03 1.384000000000000000e+03
1.090000000000000000e+03 1.479000000000000000e+03
1.189000000000000000e+03 1.418000000000000000e+03
1.033000000000000000e+03 1.395000000000000000e+03
8.910000000000000000e+02 1.161000000000000000e+03
8.910000000000000000e+02 1.263000000000000000e+03
9.140000000000000000e+02 1.275000000000000000e+03
8.740000000000000000e+02 1.236000000000000000e+03
9.140000000000000000e+02 9.910000000000000000e+02
9.740000000000000000e+02 9.650000000000000000e+02
1.028000000000000000e+03 9.600000000000000000e+02
1.075000000000000000e+03 9.700000000000000000e+02
1.108000000000000000e+03 9.910000000000000000e+02
1.131000000000000000e+03 1.068000000000000000e+03
1.241000000000000000e+03 1.171000000000000000e+03
1.101000000000000000e+03 1.120000000000000000e+03
1.063000000000000000e+03 1.128000000000000000e+03
1.014000000000000000e+03 1.128000000000000000e+03
9.670000000000000000e+02 1.119000000000000000e+03
9.290000000000000000e+02 1.104000000000000000e+03
9.020000000000000000e+02 1.089000000000000000e+03
1.246000000000000000e+03 1.181000000000000000e+03
9.140000000000000000e+02 1.287000000000000000e+03
8.660000000000000000e+02 1.166000000000000000e+03
8.640000000000000000e+02 1.264000000000000000e+03
8.430000000000000000e+02 1.284000000000000000e+03
8.630000000000000000e+02 1.271000000000000000e+03
9.040000000000000000e+02 1.299000000000000000e+03
8.370000000000000000e+02 1.288000000000000000e+03
8.330000000000000000e+02 1.298000000000000000e+03
9.020000000000000000e+02 1.061000000000000000e+03
8.820000000000000000e+02 1.066000000000000000e+03
8.680000000000000000e+02 1.068000000000000000e+03
1.075000000000000000e+03 1.049000000000000000e+03
1.104000000000000000e+03 1.027000000000000000e+03
6.010000000000000000e+02 1.044000000000000000e+03
6.360000000000000000e+02 1.042000000000000000e+03
5.980000000000000000e+02 1.012000000000000000e+03
5.640000000000000000e+02 1.046000000000000000e+03
6.030000000000000000e+02 1.077000000000000000e+03
1.006000000000000000e+03 1.051000000000000000e+03
1.047000000000000000e+03 1.052000000000000000e+03
1.007000000000000000e+03 1.017000000000000000e+03
9.660000000000000000e+02 1.049000000000000000e+03
1.006000000000000000e+03 1.084000000000000000e+03
0.000000000000000000e+00 0.000000000000000000e+00
1.749000000000000000e+03 0.000000000000000000e+00
1.749000000000000000e+03 2.187000000000000000e+03
0.000000000000000000e+00 2.187000000000000000e+03
8.700000000000000000e+01 0.000000000000000000e+00
8.700000000000000000e+01 2.187000000000000000e+03
0.000000000000000000e+00 1.090000000000000000e+02
1.749000000000000000e+03 1.090000000000000000e+02
1.750000000000000000e+02 0.000000000000000000e+00
1.750000000000000000e+02 2.187000000000000000e+03
0.000000000000000000e+00 2.180000000000000000e+02
1.749000000000000000e+03 2.180000000000000000e+02
2.620000000000000000e+02 0.000000000000000000e+00
2.620000000000000000e+02 2.187000000000000000e+03
0.000000000000000000e+00 3.280000000000000000e+02
1.749000000000000000e+03 3.280000000000000000e+02
3.500000000000000000e+02 0.000000000000000000e+00
3.500000000000000000e+02 2.187000000000000000e+03
0.000000000000000000e+00 4.370000000000000000e+02
1.749000000000000000e+03 4.370000000000000000e+02
4.370000000000000000e+02 0.000000000000000000e+00
4.370000000000000000e+02 2.187000000000000000e+03
0.000000000000000000e+00 5.470000000000000000e+02
1.749000000000000000e+03 5.470000000000000000e+02
5.250000000000000000e+02 0.000000000000000000e+00
5.250000000000000000e+02 2.187000000000000000e+03
0.000000000000000000e+00 6.560000000000000000e+02
1.749000000000000000e+03 6.560000000000000000e+02
6.120000000000000000e+02 0.000000000000000000e+00
6.120000000000000000e+02 2.187000000000000000e+03
0.000000000000000000e+00 7.650000000000000000e+02
1.749000000000000000e+03 7.650000000000000000e+02
7.000000000000000000e+02 0.000000000000000000e+00
7.000000000000000000e+02 2.187000000000000000e+03
0.000000000000000000e+00 8.750000000000000000e+02
1.749000000000000000e+03 8.750000000000000000e+02
7.870000000000000000e+02 0.000000000000000000e+00
7.870000000000000000e+02 2.187000000000000000e+03
0.000000000000000000e+00 9.840000000000000000e+02
1.749000000000000000e+03 9.840000000000000000e+02
8.750000000000000000e+02 0.000000000000000000e+00
8.750000000000000000e+02 2.187000000000000000e+03
0.000000000000000000e+00 1.094000000000000000e+03
1.749000000000000000e+03 1.094000000000000000e+03
9.620000000000000000e+02 0.000000000000000000e+00
9.620000000000000000e+02 2.187000000000000000e+03
0.000000000000000000e+00 1.203000000000000000e+03
1.749000000000000000e+03 1.203000000000000000e+03
1.050000000000000000e+03 0.000000000000000000e+00
1.050000000000000000e+03 2.187000000000000000e+03
0.000000000000000000e+00 1.312000000000000000e+03
1.749000000000000000e+03 1.312000000000000000e+03
1.137000000000000000e+03 0.000000000000000000e+00
1.137000000000000000e+03 2.187000000000000000e+03
0.000000000000000000e+00 1.422000000000000000e+03
1.749000000000000000e+03 1.422000000000000000e+03
1.225000000000000000e+03 0.000000000000000000e+00
1.225000000000000000e+03 2.187000000000000000e+03
0.000000000000000000e+00 1.531000000000000000e+03
1.749000000000000000e+03 1.531000000000000000e+03
1.312000000000000000e+03 0.000000000000000000e+00
1.312000000000000000e+03 2.187000000000000000e+03
0.000000000000000000e+00 1.641000000000000000e+03
1.749000000000000000e+03 1.641000000000000000e+03
1.400000000000000000e+03 0.000000000000000000e+00
1.400000000000000000e+03 2.187000000000000000e+03
0.000000000000000000e+00 1.750000000000000000e+03
1.749000000000000000e+03 1.750000000000000000e+03
1.487000000000000000e+03 0.000000000000000000e+00
1.487000000000000000e+03 2.187000000000000000e+03
0.000000000000000000e+00 1.859000000000000000e+03
1.749000000000000000e+03 1.859000000000000000e+03
1.575000000000000000e+03 0.000000000000000000e+00
1.575000000000000000e+03 2.187000000000000000e+03
0.000000000000000000e+00 1.969000000000000000e+03
1.749000000000000000e+03 1.969000000000000000e+03
1.662000000000000000e+03 0.000000000000000000e+00
1.662000000000000000e+03 2.187000000000000000e+03
0.000000000000000000e+00 2.078000000000000000e+03
1.749000000000000000e+03 2.078000000000000000e+03
