8.720000000000000000e+02 1.521000000000000000e+03
8.710000000000000000e+02 1.357000000000000000e+03
8.700000000000000000e+02 1.400000000000000000e+03
8.340000000000000000e+02 1.188000000000000000e+03
8.710000000000000000e+02 1.307000000000000000e+03
8.710000000000000000e+02 1.239000000000000000e+03
8.730000000000000000e+02 1.071000000000000000e+03
5.520000000000000000e+02 1.041000000000000000e+03
8.740000000000000000e+02 9.560000000000000000e+02
8.750000000000000000e+02 8.910000000000000000e+02
8.770000000000000000e+02 6.270000000000000000e+02
8.730000000000000000e+02 1.537000000000000000e+03
8.730000000000000000e+02 1.554000000000000000e+03
8.730000000000000000e+02 1.566000000000000000e+03
8.730000000000000000e+02 1.565000000000000000e+03
8.740000000000000000e+02 1.587000000000000000e+03
8.740000000000000000e+02 1.616000000000000000e+03
8.750000000000000000e+02 1.648000000000000000e+03
8.690000000000000000e+02 1.685000000000000000e+03
8.710000000000000000e+02 1.381000000000000000e+03
8.280000000000000000e+02 1.377000000000000000e+03
3.880000000000000000e+02 8.450000000000000000e+02
6.860000000000000000e+02 1.086000000000000000e+03
6.420000000000000000e+02 1.091000000000000000e+03
5.970000000000000000e+02 1.091000000000000000e+03
5.370000000000000000e+02 1.058000000000000000e+03
7.230000000000000000e+02 1.078000000000000000e+03
6.050000000000000000e+02 9.590000000000000000e+02
6.600000000000000000e+02 9.650000000000000000e+02
5.570000000000000000e+02 9.660000000000000000e+02
5.290000000000000000e+02 9.820000000000000000e+02
5.030000000000000000e+02 1.092000000000000000e+03
7.070000000000000000e+02 1.760000000000000000e+03
5.340000000000000000e+02 1.025000000000000000e+03
3.720000000000000000e+02 1.063000000000000000e+03
4.500000000000000000e+02 1.056000000000000000e+03
6.520000000000000000e+02 1.304000000000000000e+03
8.210000000000000000e+02 1.510000000000000000e+03
8.270000000000000000e+02 1.552000000000000000e+03
7.710000000000000000e+02 1.533000000000000000e+03
7.370000000000000000e+02 1.557000000000000000e+03
7.880000000000000000e+02 1.559000000000000000e+03
7.560000000000000000e+02 1.570000000000000000e+03
6.770000000000000000e+02 1.614000000000000000e+03
8.330000000000000000e+02 1.355000000000000000e+03
8.270000000000000000e+02 1.307000000000000000e+03
4.630000000000000000e+02 9.500000000000000000e+02
7.410000000000000000e+02 1.177000000000000000e+03
7.320000000000000000e+02 1.338000000000000000e+03
7.300000000000000000e+02 1.310000000000000000e+03
5.200000000000000000e+02 1.296000000000000000e+03
8.300000000000000000e+02 1.244000000000000000e+03
5.650000000000000000e+02 9.140000000000000000e+02
5.020000000000000000e+02 9.230000000000000000e+02
4.290000000000000000e+02 7.600000000000000000e+02
7.720000000000000000e+02 9.660000000000000000e+02
7.070000000000000000e+02 9.860000000000000000e+02
6.440000000000000000e+02 1.572000000000000000e+03
4.290000000000000000e+02 1.521000000000000000e+03
7.660000000000000000e+02 1.366000000000000000e+03
8.010000000000000000e+02 1.379000000000000000e+03
6.980000000000000000e+02 1.597000000000000000e+03
7.070000000000000000e+02 1.594000000000000000e+03
4.780000000000000000e+02 8.900000000000000000e+02
7.310000000000000000e+02 1.359000000000000000e+03
6.530000000000000000e+02 9.260000000000000000e+02
6.420000000000000000e+02 8.870000000000000000e+02
6.110000000000000000e+02 6.490000000000000000e+02
4.610000000000000000e+02 8.170000000000000000e+02
6.390000000000000000e+02 7.540000000000000000e+02
4.370000000000000000e+02 9.240000000000000000e+02
4.160000000000000000e+02 8.840000000000000000e+02
8.230000000000000000e+02 1.533000000000000000e+03
7.790000000000000000e+02 1.547000000000000000e+03
7.460000000000000000e+02 1.564000000000000000e+03
7.770000000000000000e+02 1.374000000000000000e+03
7.030000000000000000e+02 1.596000000000000000e+03
7.230000000000000000e+02 1.598000000000000000e+03
7.130000000000000000e+02 1.593000000000000000e+03
7.860000000000000000e+02 1.351000000000000000e+03
7.620000000000000000e+02 1.574000000000000000e+03
7.940000000000000000e+02 1.566000000000000000e+03
8.310000000000000000e+02 1.564000000000000000e+03
8.150000000000000000e+02 1.683000000000000000e+03
8.230000000000000000e+02 1.646000000000000000e+03
8.250000000000000000e+02 1.613000000000000000e+03
8.280000000000000000e+02 1.584000000000000000e+03
8.320000000000000000e+02 1.563000000000000000e+03
7.630000000000000000e+02 1.575000000000000000e+03
7.550000000000000000e+02 1.587000000000000000e+03
7.460000000000000000e+02 1.602000000000000000e+03
7.390000000000000000e+02 1.620000000000000000e+03
6.920000000000000000e+02 1.486000000000000000e+03
3.770000000000000000e+02 1.276000000000000000e+03
8.700000000000000000e+02 1.390000000000000000e+03
7.380000000000000000e+02 1.584000000000000000e+03
7.310000000000000000e+02 1.590000000000000000e+03
8.150000000000000000e+02 1.398000000000000000e+03
7.480000000000000000e+02 1.387000000000000000e+03
8.080000000000000000e+02 1.389000000000000000e+03
6.940000000000000000e+02 1.206000000000000000e+03
6.210000000000000000e+02 1.240000000000000000e+03
7.230000000000000000e+02 1.331000000000000000e+03
5.000000000000000000e+02 6.930000000000000000e+02
5.320000000000000000e+02 7.710000000000000000e+02
5.470000000000000000e+02 8.750000000000000000e+02
7.130000000000000000e+02 1.641000000000000000e+03
7.530000000000000000e+02 9.050000000000000000e+02
7.500000000000000000e+02 7.520000000000000000e+02
7.330000000000000000e+02 6.300000000000000000e+02
5.590000000000000000e+02 1.079000000000000000e+03
4.560000000000000000e+02 1.127000000000000000e+03
7.470000000000000000e+02 1.070000000000000000e+03
4.880000000000000000e+02 1.001000000000000000e+03
7.720000000000000000e+02 1.145000000000000000e+03
7.580000000000000000e+02 1.321000000000000000e+03
4.070000000000000000e+02 1.163000000000000000e+03
4.890000000000000000e+02 1.167000000000000000e+03
5.490000000000000000e+02 1.191000000000000000e+03
6.360000000000000000e+02 1.183000000000000000e+03
6.980000000000000000e+02 1.162000000000000000e+03
7.420000000000000000e+02 1.141000000000000000e+03
8.300000000000000000e+02 1.083000000000000000e+03
4.190000000000000000e+02 1.270000000000000000e+03
4.530000000000000000e+02 9.950000000000000000e+02
8.480000000000000000e+02 1.379000000000000000e+03
7.450000000000000000e+02 1.229000000000000000e+03
3.610000000000000000e+02 1.054000000000000000e+03
7.760000000000000000e+02 1.119000000000000000e+03
7.200000000000000000e+02 1.333000000000000000e+03
5.170000000000000000e+02 1.028000000000000000e+03
7.570000000000000000e+02 1.287000000000000000e+03
3.970000000000000000e+02 1.396000000000000000e+03
7.450000000000000000e+02 1.052000000000000000e+03
7.920000000000000000e+02 1.260000000000000000e+03
5.210000000000000000e+02 1.647000000000000000e+03
5.240000000000000000e+02 1.697000000000000000e+03
3.810000000000000000e+02 1.274000000000000000e+03
4.680000000000000000e+02 1.579000000000000000e+03
3.920000000000000000e+02 9.650000000000000000e+02
6.970000000000000000e+02 1.806000000000000000e+03
8.520000000000000000e+02 1.388000000000000000e+03
7.050000000000000000e+02 1.265000000000000000e+03
4.150000000000000000e+02 1.060000000000000000e+03
5.990000000000000000e+02 1.059000000000000000e+03
6.380000000000000000e+02 1.062000000000000000e+03
7.150000000000000000e+02 1.608000000000000000e+03
4.320000000000000000e+02 1.370000000000000000e+03
7.770000000000000000e+02 1.868000000000000000e+03
6.460000000000000000e+02 1.806000000000000000e+03
5.900000000000000000e+02 1.762000000000000000e+03
8.760000000000000000e+02 7.540000000000000000e+02
8.690000000000000000e+02 1.877000000000000000e+03
6.760000000000000000e+02 1.058000000000000000e+03
7.120000000000000000e+02 1.054000000000000000e+03
7.350000000000000000e+02 1.054000000000000000e+03
4.230000000000000000e+02 9.810000000000000000e+02
7.000000000000000000e+02 1.014000000000000000e+03
6.590000000000000000e+02 9.980000000000000000e+02
6.170000000000000000e+02 9.930000000000000000e+02
5.770000000000000000e+02 9.990000000000000000e+02
5.550000000000000000e+02 1.010000000000000000e+03
3.670000000000000000e+02 9.380000000000000000e+02
5.720000000000000000e+02 1.051000000000000000e+03
8.700000000000000000e+02 1.439000000000000000e+03
7.330000000000000000e+02 1.458000000000000000e+03
7.660000000000000000e+02 1.358000000000000000e+03
8.120000000000000000e+02 1.441000000000000000e+03
8.740000000000000000e+02 1.011000000000000000e+03
5.780000000000000000e+02 1.711000000000000000e+03
6.350000000000000000e+02 1.759000000000000000e+03
7.740000000000000000e+02 1.839000000000000000e+03
4.730000000000000000e+02 1.622000000000000000e+03
7.310000000000000000e+02 1.038000000000000000e+03
8.010000000000000000e+02 1.162000000000000000e+03
8.690000000000000000e+02 1.846000000000000000e+03
7.060000000000000000e+02 1.843000000000000000e+03
4.000000000000000000e+02 1.383000000000000000e+03
7.950000000000000000e+02 1.567000000000000000e+03
7.870000000000000000e+02 1.584000000000000000e+03
7.810000000000000000e+02 1.607000000000000000e+03
7.770000000000000000e+02 1.636000000000000000e+03
7.590000000000000000e+02 1.665000000000000000e+03
7.290000000000000000e+02 1.582000000000000000e+03
7.200000000000000000e+02 1.581000000000000000e+03
7.120000000000000000e+02 1.578000000000000000e+03
6.610000000000000000e+02 1.527000000000000000e+03
4.900000000000000000e+02 1.401000000000000000e+03
8.020000000000000000e+02 1.110000000000000000e+03
7.770000000000000000e+02 1.025000000000000000e+03
7.480000000000000000e+02 1.025000000000000000e+03
7.390000000000000000e+02 1.583000000000000000e+03
4.870000000000000000e+02 1.515000000000000000e+03
8.160000000000000000e+02 1.032000000000000000e+03
7.310000000000000000e+02 1.713000000000000000e+03
8.720000000000000000e+02 1.181000000000000000e+03
8.320000000000000000e+02 1.138000000000000000e+03
8.730000000000000000e+02 1.128000000000000000e+03
7.700000000000000000e+02 1.242000000000000000e+03
8.690000000000000000e+02 1.800000000000000000e+03
8.690000000000000000e+02 1.740000000000000000e+03
7.980000000000000000e+02 1.736000000000000000e+03
6.310000000000000000e+02 1.631000000000000000e+03
6.830000000000000000e+02 1.371000000000000000e+03
6.770000000000000000e+02 1.679000000000000000e+03
5.830000000000000000e+02 1.362000000000000000e+03
6.440000000000000000e+02 1.421000000000000000e+03
5.480000000000000000e+02 1.441000000000000000e+03
7.810000000000000000e+02 1.794000000000000000e+03
7.450000000000000000e+02 1.269000000000000000e+03
5.920000000000000000e+02 1.663000000000000000e+03
6.490000000000000000e+02 1.715000000000000000e+03
5.960000000000000000e+02 1.573000000000000000e+03
4.460000000000000000e+02 1.453000000000000000e+03
5.410000000000000000e+02 1.573000000000000000e+03
4.240000000000000000e+02 1.484000000000000000e+03
6.110000000000000000e+02 1.487000000000000000e+03
7.740000000000000000e+02 1.194000000000000000e+03
7.720000000000000000e+02 1.343000000000000000e+03
7.470000000000000000e+02 1.354000000000000000e+03
7.900000000000000000e+02 1.312000000000000000e+03
7.370000000000000000e+02 9.850000000000000000e+02
6.580000000000000000e+02 9.540000000000000000e+02
5.890000000000000000e+02 9.450000000000000000e+02
5.350000000000000000e+02 9.510000000000000000e+02
5.010000000000000000e+02 9.690000000000000000e+02
4.880000000000000000e+02 1.042000000000000000e+03
3.690000000000000000e+02 1.168000000000000000e+03
5.290000000000000000e+02 1.116000000000000000e+03
5.770000000000000000e+02 1.134000000000000000e+03
6.380000000000000000e+02 1.133000000000000000e+03
6.930000000000000000e+02 1.121000000000000000e+03
7.350000000000000000e+02 1.108000000000000000e+03
7.640000000000000000e+02 1.096000000000000000e+03
3.660000000000000000e+02 1.164000000000000000e+03
7.480000000000000000e+02 1.367000000000000000e+03
8.000000000000000000e+02 1.210000000000000000e+03
8.020000000000000000e+02 1.347000000000000000e+03
8.250000000000000000e+02 1.370000000000000000e+03
8.030000000000000000e+02 1.354000000000000000e+03
7.610000000000000000e+02 1.381000000000000000e+03
8.340000000000000000e+02 1.375000000000000000e+03
8.380000000000000000e+02 1.385000000000000000e+03
7.610000000000000000e+02 1.057000000000000000e+03
7.860000000000000000e+02 1.072000000000000000e+03
8.000000000000000000e+02 1.085000000000000000e+03
5.430000000000000000e+02 1.018000000000000000e+03
5.120000000000000000e+02 1.001000000000000000e+03
9.110000000000000000e+02 1.189000000000000000e+03
1.197000000000000000e+03 1.050000000000000000e+03
9.130000000000000000e+02 1.377000000000000000e+03
1.368000000000000000e+03 8.500000000000000000e+02
1.067000000000000000e+03 1.088000000000000000e+03
1.111000000000000000e+03 1.094000000000000000e+03
1.156000000000000000e+03 1.095000000000000000e+03
1.216000000000000000e+03 1.068000000000000000e+03
1.029000000000000000e+03 1.078000000000000000e+03
1.145000000000000000e+03 9.580000000000000000e+02
1.090000000000000000e+03 9.630000000000000000e+02
1.193000000000000000e+03 9.670000000000000000e+02
1.223000000000000000e+03 9.860000000000000000e+02
1.252000000000000000e+03 1.099000000000000000e+03
1.033000000000000000e+03 1.762000000000000000e+03
1.215000000000000000e+03 1.037000000000000000e+03
1.383000000000000000e+03 1.069000000000000000e+03
1.303000000000000000e+03 1.061000000000000000e+03
1.093000000000000000e+03 1.306000000000000000e+03
9.220000000000000000e+02 1.510000000000000000e+03
9.170000000000000000e+02 1.552000000000000000e+03
9.720000000000000000e+02 1.531000000000000000e+03
1.006000000000000000e+03 1.555000000000000000e+03
9.560000000000000000e+02 1.558000000000000000e+03
9.880000000000000000e+02 1.568000000000000000e+03
1.062000000000000000e+03 1.615000000000000000e+03
9.080000000000000000e+02 1.356000000000000000e+03
9.140000000000000000e+02 1.307000000000000000e+03
1.287000000000000000e+03 9.420000000000000000e+02
1.006000000000000000e+03 1.178000000000000000e+03
1.010000000000000000e+03 1.339000000000000000e+03
1.013000000000000000e+03 1.311000000000000000e+03
1.227000000000000000e+03 1.300000000000000000e+03
9.130000000000000000e+02 1.244000000000000000e+03
1.182000000000000000e+03 9.000000000000000000e+02
1.245000000000000000e+03 9.110000000000000000e+02
1.328000000000000000e+03 7.640000000000000000e+02
9.750000000000000000e+02 9.570000000000000000e+02
1.042000000000000000e+03 9.830000000000000000e+02
1.095000000000000000e+03 1.573000000000000000e+03
1.320000000000000000e+03 1.525000000000000000e+03
9.750000000000000000e+02 1.366000000000000000e+03
9.400000000000000000e+02 1.380000000000000000e+03
1.046000000000000000e+03 1.594000000000000000e+03
1.037000000000000000e+03 1.591000000000000000e+03
1.270000000000000000e+03 8.750000000000000000e+02
1.011000000000000000e+03 1.360000000000000000e+03
1.093000000000000000e+03 9.140000000000000000e+02
1.101000000000000000e+03 8.720000000000000000e+02
1.146000000000000000e+03 6.520000000000000000e+02
1.296000000000000000e+03 8.210000000000000000e+02
1.115000000000000000e+03 7.560000000000000000e+02
1.312000000000000000e+03 9.140000000000000000e+02
1.341000000000000000e+03 8.890000000000000000e+02
9.210000000000000000e+02 1.533000000000000000e+03
9.640000000000000000e+02 1.546000000000000000e+03
9.970000000000000000e+02 1.562000000000000000e+03
9.640000000000000000e+02 1.375000000000000000e+03
1.041000000000000000e+03 1.593000000000000000e+03
1.021000000000000000e+03 1.596000000000000000e+03
1.031000000000000000e+03 1.590000000000000000e+03
9.560000000000000000e+02 1.352000000000000000e+03
9.810000000000000000e+02 1.572000000000000000e+03
9.490000000000000000e+02 1.565000000000000000e+03
9.130000000000000000e+02 1.563000000000000000e+03
9.250000000000000000e+02 1.684000000000000000e+03
9.250000000000000000e+02 1.646000000000000000e+03
9.220000000000000000e+02 1.613000000000000000e+03
9.190000000000000000e+02 1.584000000000000000e+03
9.130000000000000000e+02 1.563000000000000000e+03
9.810000000000000000e+02 1.573000000000000000e+03
9.890000000000000000e+02 1.585000000000000000e+03
9.990000000000000000e+02 1.601000000000000000e+03
1.006000000000000000e+03 1.620000000000000000e+03
1.048000000000000000e+03 1.488000000000000000e+03
1.375000000000000000e+03 1.281000000000000000e+03
1.005000000000000000e+03 1.581000000000000000e+03
1.013000000000000000e+03 1.588000000000000000e+03
9.260000000000000000e+02 1.399000000000000000e+03
9.930000000000000000e+02 1.388000000000000000e+03
9.330000000000000000e+02 1.390000000000000000e+03
1.052000000000000000e+03 1.208000000000000000e+03
1.125000000000000000e+03 1.242000000000000000e+03
1.020000000000000000e+03 1.333000000000000000e+03
1.258000000000000000e+03 6.960000000000000000e+02
1.225000000000000000e+03 7.740000000000000000e+02
1.197000000000000000e+03 8.580000000000000000e+02
1.026000000000000000e+03 1.642000000000000000e+03
9.910000000000000000e+02 8.930000000000000000e+02
1.003000000000000000e+03 7.530000000000000000e+02
1.023000000000000000e+03 6.310000000000000000e+02
1.193000000000000000e+03 1.087000000000000000e+03
1.298000000000000000e+03 1.133000000000000000e+03
1.004000000000000000e+03 1.068000000000000000e+03
1.264000000000000000e+03 1.004000000000000000e+03
9.760000000000000000e+02 1.146000000000000000e+03
9.840000000000000000e+02 1.322000000000000000e+03
1.345000000000000000e+03 1.169000000000000000e+03
1.268000000000000000e+03 1.172000000000000000e+03
1.210000000000000000e+03 1.193000000000000000e+03
1.122000000000000000e+03 1.184000000000000000e+03
1.059000000000000000e+03 1.162000000000000000e+03
1.013000000000000000e+03 1.141000000000000000e+03
9.170000000000000000e+02 1.083000000000000000e+03
1.331000000000000000e+03 1.276000000000000000e+03
1.298000000000000000e+03 9.960000000000000000e+02
8.930000000000000000e+02 1.379000000000000000e+03
1.000000000000000000e+03 1.230000000000000000e+03
1.393000000000000000e+03 1.059000000000000000e+03
9.780000000000000000e+02 1.118000000000000000e+03
1.023000000000000000e+03 1.334000000000000000e+03
1.235000000000000000e+03 1.038000000000000000e+03
9.860000000000000000e+02 1.288000000000000000e+03
1.354000000000000000e+03 1.401000000000000000e+03
1.005000000000000000e+03 1.051000000000000000e+03
9.510000000000000000e+02 1.261000000000000000e+03
1.223000000000000000e+03 1.651000000000000000e+03
1.220000000000000000e+03 1.699000000000000000e+03
1.370000000000000000e+03 1.280000000000000000e+03
1.277000000000000000e+03 1.583000000000000000e+03
1.363000000000000000e+03 9.710000000000000000e+02
1.043000000000000000e+03 1.808000000000000000e+03
8.880000000000000000e+02 1.388000000000000000e+03
1.040000000000000000e+03 1.267000000000000000e+03
1.339000000000000000e+03 1.065000000000000000e+03
1.152000000000000000e+03 1.065000000000000000e+03
1.113000000000000000e+03 1.066000000000000000e+03
1.030000000000000000e+03 1.606000000000000000e+03
1.316000000000000000e+03 1.375000000000000000e+03
9.610000000000000000e+02 1.869000000000000000e+03
1.095000000000000000e+03 1.807000000000000000e+03
1.153000000000000000e+03 1.764000000000000000e+03
1.076000000000000000e+03 1.060000000000000000e+03
1.039000000000000000e+03 1.054000000000000000e+03
1.015000000000000000e+03 1.053000000000000000e+03
1.328000000000000000e+03 9.800000000000000000e+02
1.052000000000000000e+03 1.016000000000000000e+03
1.094000000000000000e+03 1.002000000000000000e+03
1.134000000000000000e+03 1.001000000000000000e+03
1.172000000000000000e+03 1.010000000000000000e+03
1.194000000000000000e+03 1.021000000000000000e+03
1.387000000000000000e+03 9.430000000000000000e+02
1.178000000000000000e+03 1.059000000000000000e+03
1.008000000000000000e+03 1.459000000000000000e+03
9.760000000000000000e+02 1.359000000000000000e+03
9.290000000000000000e+02 1.442000000000000000e+03
1.164000000000000000e+03 1.715000000000000000e+03
1.106000000000000000e+03 1.763000000000000000e+03
9.650000000000000000e+02 1.840000000000000000e+03
1.273000000000000000e+03 1.625000000000000000e+03
1.020000000000000000e+03 1.037000000000000000e+03
9.450000000000000000e+02 1.163000000000000000e+03
1.033000000000000000e+03 1.844000000000000000e+03
1.349000000000000000e+03 1.388000000000000000e+03
9.500000000000000000e+02 1.565000000000000000e+03
9.580000000000000000e+02 1.583000000000000000e+03
9.650000000000000000e+02 1.607000000000000000e+03
9.710000000000000000e+02 1.636000000000000000e+03
9.800000000000000000e+02 1.666000000000000000e+03
1.014000000000000000e+03 1.579000000000000000e+03
1.023000000000000000e+03 1.578000000000000000e+03
1.030000000000000000e+03 1.575000000000000000e+03
1.079000000000000000e+03 1.528000000000000000e+03
1.256000000000000000e+03 1.404000000000000000e+03
9.460000000000000000e+02 1.111000000000000000e+03
9.740000000000000000e+02 1.021000000000000000e+03
1.001000000000000000e+03 1.022000000000000000e+03
1.004000000000000000e+03 1.580000000000000000e+03
1.258000000000000000e+03 1.519000000000000000e+03
9.330000000000000000e+02 1.027000000000000000e+03
1.009000000000000000e+03 1.714000000000000000e+03
9.140000000000000000e+02 1.138000000000000000e+03
9.740000000000000000e+02 1.243000000000000000e+03
9.410000000000000000e+02 1.737000000000000000e+03
1.109000000000000000e+03 1.634000000000000000e+03
1.059000000000000000e+03 1.373000000000000000e+03
1.063000000000000000e+03 1.681000000000000000e+03
1.162000000000000000e+03 1.364000000000000000e+03
1.099000000000000000e+03 1.423000000000000000e+03
1.197000000000000000e+03 1.444000000000000000e+03
9.580000000000000000e+02 1.795000000000000000e+03
9.990000000000000000e+02 1.270000000000000000e+03
1.149000000000000000e+03 1.666000000000000000e+03
1.092000000000000000e+03 1.718000000000000000e+03
1.144000000000000000e+03 1.576000000000000000e+03
1.301000000000000000e+03 1.457000000000000000e+03
1.201000000000000000e+03 1.577000000000000000e+03
1.324000000000000000e+03 1.489000000000000000e+03
1.131000000000000000e+03 1.489000000000000000e+03
9.720000000000000000e+02 1.195000000000000000e+03
9.700000000000000000e+02 1.344000000000000000e+03
9.950000000000000000e+02 1.356000000000000000e+03
9.520000000000000000e+02 1.312000000000000000e+03
1.011000000000000000e+03 9.800000000000000000e+02
1.090000000000000000e+03 9.480000000000000000e+02
1.159000000000000000e+03 9.400000000000000000e+02
1.214000000000000000e+03 9.480000000000000000e+02
1.250000000000000000e+03 9.690000000000000000e+02
1.264000000000000000e+03 1.049000000000000000e+03
1.384000000000000000e+03 1.174000000000000000e+03
1.226000000000000000e+03 1.122000000000000000e+03
1.179000000000000000e+03 1.138000000000000000e+03
1.118000000000000000e+03 1.135000000000000000e+03
1.061000000000000000e+03 1.122000000000000000e+03
1.018000000000000000e+03 1.107000000000000000e+03
9.890000000000000000e+02 1.094000000000000000e+03
1.387000000000000000e+03 1.169000000000000000e+03
9.940000000000000000e+02 1.368000000000000000e+03
9.440000000000000000e+02 1.211000000000000000e+03
9.390000000000000000e+02 1.348000000000000000e+03
9.160000000000000000e+02 1.370000000000000000e+03
9.390000000000000000e+02 1.355000000000000000e+03
9.800000000000000000e+02 1.382000000000000000e+03
9.080000000000000000e+02 1.375000000000000000e+03
9.030000000000000000e+02 1.385000000000000000e+03
9.890000000000000000e+02 1.055000000000000000e+03
9.660000000000000000e+02 1.069000000000000000e+03
9.510000000000000000e+02 1.083000000000000000e+03
1.207000000000000000e+03 1.030000000000000000e+03
1.239000000000000000e+03 1.008000000000000000e+03
6.250000000000000000e+02 1.022000000000000000e+03
6.740000000000000000e+02 1.021000000000000000e+03
6.240000000000000000e+02 9.780000000000000000e+02
5.750000000000000000e+02 1.023000000000000000e+03
6.250000000000000000e+02 1.067000000000000000e+03
1.125000000000000000e+03 1.026000000000000000e+03
1.175000000000000000e+03 1.028000000000000000e+03
1.125000000000000000e+03 9.810000000000000000e+02
1.076000000000000000e+03 1.025000000000000000e+03
1.126000000000000000e+03 1.072000000000000000e+03
0.000000000000000000e+00 0.000000000000000000e+00
1.749000000000000000e+03 0.000000000000000000e+00
1.749000000000000000e+03 2.187000000000000000e+03
0.000000000000000000e+00 2.187000000000000000e+03
8.700000000000000000e+01 0.000000000000000000e+00
8.700000000000000000e+01 2.187000000000000000e+03
0.000000000000000000e+00 1.090000000000000000e+02
1.749000000000000000e+03 1.090000000000000000e+02
1.750000000000000000e+02 0.000000000000000000e+00
1.750000000000000000e+02 2.187000000000000000e+03
0.000000000000000000e+00 2.180000000000000000e+02
1.749000000000000000e+03 2.180000000000000000e+02
2.620000000000000000e+02 0.000000000000000000e+00
2.620000000000000000e+02 2.187000000000000000e+03
0.000000000000000000e+00 3.280000000000000000e+02
1.749000000000000000e+03 3.280000000000000000e+02
3.500000000000000000e+02 0.000000000000000000e+00
3.500000000000000000e+02 2.187000000000000000e+03
0.000000000000000000e+00 4.370000000000000000e+02
1.749000000000000000e+03 4.370000000000000000e+02
4.370000000000000000e+02 0.000000000000000000e+00
4.370000000000000000e+02 2.187000000000000000e+03
0.000000000000000000e+00 5.470000000000000000e+02
1.749000000000000000e+03 5.470000000000000000e+02
5.250000000000000000e+02 0.000000000000000000e+00
5.250000000000000000e+02 2.187000000000000000e+03
0.000000000000000000e+00 6.560000000000000000e+02
1.749000000000000000e+03 6.560000000000000000e+02
6.120000000000000000e+02 0.000000000000000000e+00
6.120000000000000000e+02 2.187000000000000000e+03
0.000000000000000000e+00 7.650000000000000000e+02
1.749000000000000000e+03 7.650000000000000000e+02
7.000000000000000000e+02 0.000000000000000000e+00
7.000000000000000000e+02 2.187000000000000000e+03
0.000000000000000000e+00 8.750000000000000000e+02
1.749000000000000000e+03 8.750000000000000000e+02
7.870000000000000000e+02 0.000000000000000000e+00
7.870000000000000000e+02 2.187000000000000000e+03
0.000000000000000000e+00 9.840000000000000000e+02
1.749000000000000000e+03 9.840000000000000000e+02
8.750000000000000000e+02 0.000000000000000000e+00
8.750000000000000000e+02 2.187000000000000000e+03
0.000000000000000000e+00 1.094000000000000000e+03
1.749000000000000000e+03 1.094000000000000000e+03
9.620000000000000000e+02 0.000000000000000000e+00
9.620000000000000000e+02 2.187000000000000000e+03
0.000000000000000000e+00 1.203000000000000000e+03
1.749000000000000000e+03 1.203000000000000000e+03
1.050000000000000000e+03 0.000000000000000000e+00
1.050000000000000000e+03 2.187000000000000000e+03
0.000000000000000000e+00 1.312000000000000000e+03
1.749000000000000000e+03 1.312000000000000000e+03
1.137000000000000000e+03 0.000000000000000000e+00
1.137000000000000000e+03 2.187000000000000000e+03
0.000000000000000000e+00 1.422000000000000000e+03
1.749000000000000000e+03 1.422000000000000000e+03
1.225000000000000000e+03 0.000000000000000000e+00
1.225000000000000000e+03 2.187000000000000000e+03
0.000000000000000000e+00 1.531000000000000000e+03
1.749000000000000000e+03 1.531000000000000000e+03
1.312000000000000000e+03 0.000000000000000000e+00
1.312000000000000000e+03 2.187000000000000000e+03
0.000000000000000000e+00 1.641000000000000000e+03
1.749000000000000000e+03 1.641000000000000000e+03
1.400000000000000000e+03 0.000000000000000000e+00
1.400000000000000000e+03 2.187000000000000000e+03
0.000000000000000000e+00 1.750000000000000000e+03
1.749000000000000000e+03 1.750000000000000000e+03
1.487000000000000000e+03 0.000000000000000000e+00
1.487000000000000000e+03 2.187000000000000000e+03
0.000000000000000000e+00 1.859000000000000000e+03
1.749000000000000000e+03 1.859000000000000000e+03
1.575000000000000000e+03 0.000000000000000000e+00
1.575000000000000000e+03 2.187000000000000000e+03
0.000000000000000000e+00 1.969000000000000000e+03
1.749000000000000000e+03 1.969000000000000000e+03
1.662000000000000000e+03 0.000000000000000000e+00
1.662000000000000000e+03 2.187000000000000000e+03
0.000000000000000000e+00 2.078000000000000000e+03
1.749000000000000000e+03 2.078000000000000000e+03
