8.060000000000000000e+02 1.663000000000000000e+03
8.250000000000000000e+02 1.411000000000000000e+03
8.200000000000000000e+02 1.468000000000000000e+03
7.800000000000000000e+02 1.225000000000000000e+03
8.270000000000000000e+02 1.354000000000000000e+03
8.280000000000000000e+02 1.279000000000000000e+03
8.280000000000000000e+02 1.102000000000000000e+03
4.450000000000000000e+02 1.078000000000000000e+03
8.290000000000000000e+02 9.760000000000000000e+02
8.300000000000000000e+02 9.050000000000000000e+02
8.360000000000000000e+02 6.430000000000000000e+02
8.050000000000000000e+02 1.685000000000000000e+03
8.050000000000000000e+02 1.707000000000000000e+03
8.050000000000000000e+02 1.721000000000000000e+03
8.060000000000000000e+02 1.721000000000000000e+03
8.050000000000000000e+02 1.749000000000000000e+03
8.040000000000000000e+02 1.783000000000000000e+03
8.040000000000000000e+02 1.818000000000000000e+03
8.080000000000000000e+02 1.839000000000000000e+03
8.230000000000000000e+02 1.440000000000000000e+03
7.690000000000000000e+02 1.438000000000000000e+03
2.400000000000000000e+02 8.770000000000000000e+02
5.820000000000000000e+02 1.127000000000000000e+03
5.340000000000000000e+02 1.131000000000000000e+03
4.850000000000000000e+02 1.128000000000000000e+03
4.190000000000000000e+02 1.098000000000000000e+03
6.240000000000000000e+02 1.116000000000000000e+03
5.230000000000000000e+02 9.760000000000000000e+02
5.780000000000000000e+02 9.840000000000000000e+02
4.680000000000000000e+02 9.820000000000000000e+02
4.300000000000000000e+02 1.001000000000000000e+03
3.710000000000000000e+02 1.133000000000000000e+03
5.970000000000000000e+02 1.914000000000000000e+03
4.260000000000000000e+02 1.064000000000000000e+03
2.000000000000000000e+02 1.112000000000000000e+03
3.080000000000000000e+02 1.095000000000000000e+03
5.440000000000000000e+02 1.364000000000000000e+03
7.390000000000000000e+02 1.645000000000000000e+03
7.450000000000000000e+02 1.701000000000000000e+03
6.750000000000000000e+02 1.660000000000000000e+03
6.310000000000000000e+02 1.681000000000000000e+03
6.940000000000000000e+02 1.702000000000000000e+03
6.530000000000000000e+02 1.706000000000000000e+03
5.580000000000000000e+02 1.734000000000000000e+03
7.780000000000000000e+02 1.408000000000000000e+03
7.720000000000000000e+02 1.353000000000000000e+03
3.570000000000000000e+02 9.520000000000000000e+02
6.580000000000000000e+02 1.223000000000000000e+03
6.440000000000000000e+02 1.394000000000000000e+03
6.390000000000000000e+02 1.364000000000000000e+03
3.830000000000000000e+02 1.357000000000000000e+03
7.760000000000000000e+02 1.284000000000000000e+03
4.960000000000000000e+02 8.910000000000000000e+02
4.170000000000000000e+02 9.100000000000000000e+02
2.960000000000000000e+02 7.800000000000000000e+02
7.250000000000000000e+02 9.530000000000000000e+02
6.240000000000000000e+02 1.008000000000000000e+03
5.180000000000000000e+02 1.681000000000000000e+03
2.360000000000000000e+02 1.641000000000000000e+03
6.850000000000000000e+02 1.426000000000000000e+03
7.300000000000000000e+02 1.444000000000000000e+03
5.780000000000000000e+02 1.717000000000000000e+03
5.910000000000000000e+02 1.717000000000000000e+03
3.870000000000000000e+02 8.740000000000000000e+02
6.400000000000000000e+02 1.420000000000000000e+03
5.980000000000000000e+02 9.020000000000000000e+02
5.940000000000000000e+02 8.560000000000000000e+02
5.200000000000000000e+02 6.600000000000000000e+02
3.300000000000000000e+02 8.300000000000000000e+02
5.480000000000000000e+02 7.600000000000000000e+02
3.220000000000000000e+02 9.290000000000000000e+02
2.730000000000000000e+02 9.080000000000000000e+02
7.410000000000000000e+02 1.676000000000000000e+03
6.840000000000000000e+02 1.683000000000000000e+03
6.420000000000000000e+02 1.694000000000000000e+03
6.980000000000000000e+02 1.437000000000000000e+03
5.850000000000000000e+02 1.717000000000000000e+03
6.100000000000000000e+02 1.731000000000000000e+03
5.990000000000000000e+02 1.716000000000000000e+03
7.150000000000000000e+02 1.405000000000000000e+03
6.620000000000000000e+02 1.714000000000000000e+03
7.030000000000000000e+02 1.713000000000000000e+03
7.510000000000000000e+02 1.716000000000000000e+03
7.350000000000000000e+02 1.834000000000000000e+03
7.350000000000000000e+02 1.811000000000000000e+03
7.390000000000000000e+02 1.776000000000000000e+03
7.450000000000000000e+02 1.742000000000000000e+03
7.510000000000000000e+02 1.717000000000000000e+03
6.630000000000000000e+02 1.715000000000000000e+03
6.520000000000000000e+02 1.728000000000000000e+03
6.400000000000000000e+02 1.745000000000000000e+03
6.290000000000000000e+02 1.763000000000000000e+03
5.840000000000000000e+02 1.578000000000000000e+03
1.860000000000000000e+02 1.361000000000000000e+03
8.220000000000000000e+02 1.453000000000000000e+03
6.320000000000000000e+02 1.716000000000000000e+03
6.220000000000000000e+02 1.723000000000000000e+03
7.460000000000000000e+02 1.466000000000000000e+03
6.590000000000000000e+02 1.456000000000000000e+03
7.380000000000000000e+02 1.455000000000000000e+03
5.990000000000000000e+02 1.256000000000000000e+03
5.100000000000000000e+02 1.293000000000000000e+03
6.290000000000000000e+02 1.391000000000000000e+03
3.840000000000000000e+02 7.050000000000000000e+02
4.170000000000000000e+02 7.780000000000000000e+02
4.800000000000000000e+02 8.470000000000000000e+02
6.030000000000000000e+02 1.772000000000000000e+03
7.170000000000000000e+02 8.780000000000000000e+02
6.820000000000000000e+02 7.620000000000000000e+02
6.660000000000000000e+02 6.420000000000000000e+02
4.430000000000000000e+02 1.118000000000000000e+03
3.110000000000000000e+02 1.172000000000000000e+03
6.510000000000000000e+02 1.103000000000000000e+03
3.720000000000000000e+02 1.025000000000000000e+03
6.980000000000000000e+02 1.186000000000000000e+03
6.800000000000000000e+02 1.371000000000000000e+03
2.440000000000000000e+02 1.216000000000000000e+03
3.510000000000000000e+02 1.211000000000000000e+03
4.230000000000000000e+02 1.232000000000000000e+03
5.230000000000000000e+02 1.225000000000000000e+03
5.940000000000000000e+02 1.202000000000000000e+03
6.480000000000000000e+02 1.177000000000000000e+03
7.750000000000000000e+02 1.114000000000000000e+03
2.520000000000000000e+02 1.335000000000000000e+03
3.280000000000000000e+02 1.018000000000000000e+03
7.950000000000000000e+02 1.438000000000000000e+03
6.610000000000000000e+02 1.278000000000000000e+03
1.860000000000000000e+02 1.111000000000000000e+03
6.920000000000000000e+02 1.149000000000000000e+03
6.240000000000000000e+02 1.395000000000000000e+03
4.010000000000000000e+02 1.065000000000000000e+03
6.770000000000000000e+02 1.336000000000000000e+03
2.000000000000000000e+02 1.497000000000000000e+03
6.500000000000000000e+02 1.086000000000000000e+03
7.260000000000000000e+02 1.304000000000000000e+03
3.560000000000000000e+02 1.778000000000000000e+03
3.530000000000000000e+02 1.843000000000000000e+03
1.950000000000000000e+02 1.349000000000000000e+03
2.930000000000000000e+02 1.699000000000000000e+03
2.360000000000000000e+02 1.002000000000000000e+03
5.790000000000000000e+02 1.973000000000000000e+03
7.990000000000000000e+02 1.451000000000000000e+03
6.100000000000000000e+02 1.320000000000000000e+03
2.540000000000000000e+02 1.105000000000000000e+03
4.940000000000000000e+02 1.095000000000000000e+03
5.360000000000000000e+02 1.099000000000000000e+03
6.000000000000000000e+02 1.739000000000000000e+03
2.610000000000000000e+02 1.449000000000000000e+03
6.790000000000000000e+02 2.059000000000000000e+03
5.050000000000000000e+02 1.976000000000000000e+03
4.330000000000000000e+02 1.921000000000000000e+03
8.330000000000000000e+02 7.690000000000000000e+02
8.020000000000000000e+02 2.072000000000000000e+03
5.750000000000000000e+02 1.097000000000000000e+03
6.120000000000000000e+02 1.091000000000000000e+03
6.370000000000000000e+02 1.089000000000000000e+03
2.840000000000000000e+02 1.008000000000000000e+03
6.090000000000000000e+02 1.052000000000000000e+03
5.680000000000000000e+02 1.039000000000000000e+03
5.280000000000000000e+02 1.035000000000000000e+03
4.860000000000000000e+02 1.039000000000000000e+03
4.570000000000000000e+02 1.048000000000000000e+03
2.060000000000000000e+02 9.820000000000000000e+02
4.660000000000000000e+02 1.087000000000000000e+03
8.180000000000000000e+02 1.519000000000000000e+03
6.360000000000000000e+02 1.542000000000000000e+03
6.860000000000000000e+02 1.415000000000000000e+03
7.410000000000000000e+02 1.522000000000000000e+03
8.280000000000000000e+02 1.039000000000000000e+03
4.260000000000000000e+02 1.855000000000000000e+03
4.980000000000000000e+02 1.915000000000000000e+03
6.810000000000000000e+02 2.015000000000000000e+03
2.910000000000000000e+02 1.757000000000000000e+03
6.370000000000000000e+02 1.072000000000000000e+03
7.370000000000000000e+02 1.200000000000000000e+03
8.040000000000000000e+02 2.028000000000000000e+03
5.850000000000000000e+02 2.024000000000000000e+03
2.100000000000000000e+02 1.475000000000000000e+03
7.030000000000000000e+02 1.715000000000000000e+03
6.930000000000000000e+02 1.735000000000000000e+03
6.830000000000000000e+02 1.761000000000000000e+03
6.760000000000000000e+02 1.791000000000000000e+03
6.610000000000000000e+02 1.807000000000000000e+03
6.190000000000000000e+02 1.711000000000000000e+03
6.080000000000000000e+02 1.706000000000000000e+03
5.990000000000000000e+02 1.699000000000000000e+03
5.430000000000000000e+02 1.626000000000000000e+03
3.380000000000000000e+02 1.480000000000000000e+03
7.370000000000000000e+02 1.146000000000000000e+03
7.010000000000000000e+02 1.044000000000000000e+03
6.620000000000000000e+02 1.051000000000000000e+03
6.310000000000000000e+02 1.716000000000000000e+03
3.240000000000000000e+02 1.618000000000000000e+03
7.560000000000000000e+02 1.042000000000000000e+03
6.280000000000000000e+02 1.858000000000000000e+03
8.280000000000000000e+02 1.217000000000000000e+03
7.770000000000000000e+02 1.171000000000000000e+03
8.280000000000000000e+02 1.161000000000000000e+03
6.950000000000000000e+02 1.288000000000000000e+03
8.050000000000000000e+02 1.967000000000000000e+03
8.070000000000000000e+02 1.898000000000000000e+03
7.160000000000000000e+02 1.891000000000000000e+03
5.000000000000000000e+02 1.753000000000000000e+03
5.780000000000000000e+02 1.441000000000000000e+03
5.570000000000000000e+02 1.813000000000000000e+03
4.590000000000000000e+02 1.431000000000000000e+03
5.290000000000000000e+02 1.500000000000000000e+03
4.100000000000000000e+02 1.524000000000000000e+03
6.940000000000000000e+02 1.956000000000000000e+03
6.590000000000000000e+02 1.321000000000000000e+03
4.490000000000000000e+02 1.793000000000000000e+03
5.210000000000000000e+02 1.857000000000000000e+03
4.600000000000000000e+02 1.682000000000000000e+03
2.740000000000000000e+02 1.547000000000000000e+03
3.890000000000000000e+02 1.685000000000000000e+03
2.380000000000000000e+02 1.591000000000000000e+03
4.860000000000000000e+02 1.578000000000000000e+03
7.000000000000000000e+02 1.238000000000000000e+03
6.980000000000000000e+02 1.396000000000000000e+03
6.620000000000000000e+02 1.412000000000000000e+03
7.230000000000000000e+02 1.359000000000000000e+03
6.680000000000000000e+02 9.940000000000000000e+02
5.880000000000000000e+02 9.550000000000000000e+02
5.150000000000000000e+02 9.440000000000000000e+02
4.500000000000000000e+02 9.520000000000000000e+02
4.010000000000000000e+02 9.790000000000000000e+02
3.600000000000000000e+02 1.078000000000000000e+03
1.890000000000000000e+02 1.229000000000000000e+03
4.020000000000000000e+02 1.157000000000000000e+03
4.560000000000000000e+02 1.173000000000000000e+03
5.250000000000000000e+02 1.174000000000000000e+03
5.880000000000000000e+02 1.162000000000000000e+03
6.380000000000000000e+02 1.145000000000000000e+03
6.740000000000000000e+02 1.129000000000000000e+03
1.830000000000000000e+02 1.235000000000000000e+03
6.610000000000000000e+02 1.428000000000000000e+03
7.360000000000000000e+02 1.251000000000000000e+03
7.380000000000000000e+02 1.399000000000000000e+03
7.660000000000000000e+02 1.428000000000000000e+03
7.370000000000000000e+02 1.409000000000000000e+03
6.760000000000000000e+02 1.447000000000000000e+03
7.770000000000000000e+02 1.433000000000000000e+03
7.810000000000000000e+02 1.447000000000000000e+03
6.700000000000000000e+02 1.087000000000000000e+03
7.040000000000000000e+02 1.099000000000000000e+03
7.260000000000000000e+02 1.107000000000000000e+03
4.400000000000000000e+02 1.056000000000000000e+03
4.030000000000000000e+02 1.028000000000000000e+03
8.750000000000000000e+02 1.227000000000000000e+03
1.195000000000000000e+03 1.105000000000000000e+03
8.740000000000000000e+02 1.441000000000000000e+03
1.384000000000000000e+03 9.120000000000000000e+02
1.044000000000000000e+03 1.144000000000000000e+03
1.095000000000000000e+03 1.152000000000000000e+03
1.145000000000000000e+03 1.153000000000000000e+03
1.213000000000000000e+03 1.123000000000000000e+03
1.003000000000000000e+03 1.129000000000000000e+03
1.133000000000000000e+03 9.970000000000000000e+02
1.075000000000000000e+03 1.001000000000000000e+03
1.187000000000000000e+03 1.007000000000000000e+03
1.220000000000000000e+03 1.028000000000000000e+03
1.250000000000000000e+03 1.158000000000000000e+03
1.007000000000000000e+03 1.924000000000000000e+03
1.215000000000000000e+03 1.089000000000000000e+03
1.411000000000000000e+03 1.150000000000000000e+03
1.311000000000000000e+03 1.117000000000000000e+03
1.086000000000000000e+03 1.379000000000000000e+03
8.740000000000000000e+02 1.650000000000000000e+03
8.640000000000000000e+02 1.706000000000000000e+03
9.370000000000000000e+02 1.670000000000000000e+03
9.790000000000000000e+02 1.694000000000000000e+03
9.150000000000000000e+02 1.710000000000000000e+03
9.550000000000000000e+02 1.718000000000000000e+03
1.050000000000000000e+03 1.747000000000000000e+03
8.710000000000000000e+02 1.411000000000000000e+03
8.800000000000000000e+02 1.356000000000000000e+03
1.297000000000000000e+03 9.770000000000000000e+02
9.820000000000000000e+02 1.232000000000000000e+03
9.960000000000000000e+02 1.404000000000000000e+03
1.000000000000000000e+03 1.374000000000000000e+03
1.237000000000000000e+03 1.381000000000000000e+03
8.780000000000000000e+02 1.287000000000000000e+03
1.182000000000000000e+03 9.160000000000000000e+02
1.252000000000000000e+03 9.370000000000000000e+02
1.341000000000000000e+03 8.130000000000000000e+02
9.430000000000000000e+02 9.570000000000000000e+02
1.023000000000000000e+03 1.021000000000000000e+03
1.090000000000000000e+03 1.696000000000000000e+03
1.349000000000000000e+03 1.673000000000000000e+03
9.530000000000000000e+02 1.433000000000000000e+03
9.090000000000000000e+02 1.449000000000000000e+03
1.030000000000000000e+03 1.736000000000000000e+03
1.017000000000000000e+03 1.734000000000000000e+03
1.283000000000000000e+03 9.000000000000000000e+02
9.960000000000000000e+02 1.431000000000000000e+03
1.082000000000000000e+03 9.180000000000000000e+02
1.094000000000000000e+03 8.720000000000000000e+02
1.140000000000000000e+03 6.800000000000000000e+02
1.308000000000000000e+03 8.610000000000000000e+02
1.108000000000000000e+03 7.790000000000000000e+02
1.327000000000000000e+03 9.510000000000000000e+02
1.356000000000000000e+03 9.410000000000000000e+02
8.700000000000000000e+02 1.681000000000000000e+03
9.260000000000000000e+02 1.692000000000000000e+03
9.670000000000000000e+02 1.707000000000000000e+03
9.390000000000000000e+02 1.444000000000000000e+03
1.023000000000000000e+03 1.735000000000000000e+03
9.990000000000000000e+02 1.746000000000000000e+03
1.010000000000000000e+03 1.733000000000000000e+03
9.280000000000000000e+02 1.411000000000000000e+03
9.450000000000000000e+02 1.725000000000000000e+03
9.060000000000000000e+02 1.721000000000000000e+03
8.590000000000000000e+02 1.720000000000000000e+03
8.790000000000000000e+02 1.838000000000000000e+03
8.720000000000000000e+02 1.817000000000000000e+03
8.690000000000000000e+02 1.781000000000000000e+03
8.650000000000000000e+02 1.746000000000000000e+03
8.590000000000000000e+02 1.720000000000000000e+03
9.450000000000000000e+02 1.725000000000000000e+03
9.580000000000000000e+02 1.739000000000000000e+03
9.700000000000000000e+02 1.757000000000000000e+03
9.800000000000000000e+02 1.777000000000000000e+03
1.036000000000000000e+03 1.590000000000000000e+03
1.404000000000000000e+03 1.399000000000000000e+03
9.750000000000000000e+02 1.729000000000000000e+03
9.870000000000000000e+02 1.737000000000000000e+03
8.920000000000000000e+02 1.470000000000000000e+03
9.730000000000000000e+02 1.465000000000000000e+03
9.000000000000000000e+02 1.460000000000000000e+03
1.036000000000000000e+03 1.268000000000000000e+03
1.120000000000000000e+03 1.310000000000000000e+03
1.007000000000000000e+03 1.402000000000000000e+03
1.265000000000000000e+03 7.330000000000000000e+02
1.230000000000000000e+03 8.040000000000000000e+02
1.204000000000000000e+03 8.710000000000000000e+02
1.006000000000000000e+03 1.782000000000000000e+03
9.630000000000000000e+02 8.830000000000000000e+02
9.790000000000000000e+02 7.720000000000000000e+02
1.002000000000000000e+03 6.530000000000000000e+02
1.188000000000000000e+03 1.145000000000000000e+03
1.300000000000000000e+03 1.197000000000000000e+03
9.770000000000000000e+02 1.115000000000000000e+03
1.268000000000000000e+03 1.049000000000000000e+03
9.460000000000000000e+02 1.193000000000000000e+03
9.640000000000000000e+02 1.379000000000000000e+03
1.371000000000000000e+03 1.250000000000000000e+03
1.262000000000000000e+03 1.236000000000000000e+03
1.195000000000000000e+03 1.256000000000000000e+03
1.099000000000000000e+03 1.244000000000000000e+03
1.029000000000000000e+03 1.217000000000000000e+03
9.780000000000000000e+02 1.190000000000000000e+03
8.800000000000000000e+02 1.117000000000000000e+03
1.359000000000000000e+03 1.368000000000000000e+03
1.307000000000000000e+03 1.041000000000000000e+03
8.510000000000000000e+02 1.439000000000000000e+03
9.780000000000000000e+02 1.287000000000000000e+03
1.416000000000000000e+03 1.149000000000000000e+03
9.390000000000000000e+02 1.161000000000000000e+03
1.009000000000000000e+03 1.406000000000000000e+03
1.236000000000000000e+03 1.090000000000000000e+03
9.660000000000000000e+02 1.344000000000000000e+03
1.388000000000000000e+03 1.533000000000000000e+03
9.810000000000000000e+02 1.098000000000000000e+03
9.240000000000000000e+02 1.309000000000000000e+03
1.240000000000000000e+03 1.802000000000000000e+03
1.237000000000000000e+03 1.866000000000000000e+03
1.407000000000000000e+03 1.386000000000000000e+03
1.302000000000000000e+03 1.727000000000000000e+03
1.384000000000000000e+03 1.037000000000000000e+03
1.022000000000000000e+03 1.984000000000000000e+03
8.440000000000000000e+02 1.452000000000000000e+03
1.024000000000000000e+03 1.332000000000000000e+03
1.352000000000000000e+03 1.126000000000000000e+03
1.143000000000000000e+03 1.123000000000000000e+03
1.098000000000000000e+03 1.123000000000000000e+03
1.009000000000000000e+03 1.755000000000000000e+03
1.345000000000000000e+03 1.480000000000000000e+03
9.220000000000000000e+02 2.064000000000000000e+03
1.089000000000000000e+03 1.989000000000000000e+03
1.160000000000000000e+03 1.939000000000000000e+03
1.056000000000000000e+03 1.116000000000000000e+03
1.018000000000000000e+03 1.106000000000000000e+03
9.930000000000000000e+02 1.101000000000000000e+03
1.343000000000000000e+03 1.027000000000000000e+03
1.031000000000000000e+03 1.067000000000000000e+03
1.077000000000000000e+03 1.057000000000000000e+03
1.121000000000000000e+03 1.056000000000000000e+03
1.163000000000000000e+03 1.063000000000000000e+03
1.189000000000000000e+03 1.074000000000000000e+03
1.407000000000000000e+03 1.018000000000000000e+03
1.173000000000000000e+03 1.116000000000000000e+03
9.900000000000000000e+02 1.552000000000000000e+03
9.530000000000000000e+02 1.423000000000000000e+03
8.930000000000000000e+02 1.526000000000000000e+03
1.171000000000000000e+03 1.875000000000000000e+03
1.100000000000000000e+03 1.930000000000000000e+03
9.240000000000000000e+02 2.021000000000000000e+03
1.295000000000000000e+03 1.784000000000000000e+03
9.970000000000000000e+02 1.085000000000000000e+03
9.130000000000000000e+02 1.205000000000000000e+03
1.013000000000000000e+03 2.033000000000000000e+03
1.388000000000000000e+03 1.509000000000000000e+03
9.060000000000000000e+02 1.722000000000000000e+03
9.170000000000000000e+02 1.743000000000000000e+03
9.270000000000000000e+02 1.770000000000000000e+03
9.340000000000000000e+02 1.801000000000000000e+03
9.510000000000000000e+02 1.814000000000000000e+03
9.890000000000000000e+02 1.726000000000000000e+03
1.000000000000000000e+03 1.721000000000000000e+03
1.010000000000000000e+03 1.715000000000000000e+03
1.070000000000000000e+03 1.640000000000000000e+03
1.273000000000000000e+03 1.505000000000000000e+03
9.120000000000000000e+02 1.151000000000000000e+03
9.410000000000000000e+02 1.052000000000000000e+03
9.750000000000000000e+02 1.062000000000000000e+03
9.760000000000000000e+02 1.729000000000000000e+03
1.278000000000000000e+03 1.644000000000000000e+03
8.910000000000000000e+02 1.048000000000000000e+03
9.790000000000000000e+02 1.867000000000000000e+03
8.780000000000000000e+02 1.174000000000000000e+03
9.490000000000000000e+02 1.296000000000000000e+03
8.950000000000000000e+02 1.895000000000000000e+03
1.104000000000000000e+03 1.770000000000000000e+03
1.050000000000000000e+03 1.454000000000000000e+03
1.048000000000000000e+03 1.826000000000000000e+03
1.164000000000000000e+03 1.450000000000000000e+03
1.093000000000000000e+03 1.515000000000000000e+03
1.204000000000000000e+03 1.546000000000000000e+03
9.140000000000000000e+02 1.962000000000000000e+03
9.800000000000000000e+02 1.330000000000000000e+03
1.152000000000000000e+03 1.812000000000000000e+03
1.081000000000000000e+03 1.872000000000000000e+03
1.147000000000000000e+03 1.701000000000000000e+03
1.329000000000000000e+03 1.576000000000000000e+03
1.214000000000000000e+03 1.707000000000000000e+03
1.357000000000000000e+03 1.623000000000000000e+03
1.128000000000000000e+03 1.595000000000000000e+03
9.440000000000000000e+02 1.245000000000000000e+03
9.460000000000000000e+02 1.403000000000000000e+03
9.770000000000000000e+02 1.421000000000000000e+03
9.250000000000000000e+02 1.365000000000000000e+03
9.870000000000000000e+02 1.003000000000000000e+03
1.076000000000000000e+03 9.710000000000000000e+02
1.152000000000000000e+03 9.670000000000000000e+02
1.212000000000000000e+03 9.800000000000000000e+02
1.252000000000000000e+03 1.006000000000000000e+03
1.268000000000000000e+03 1.103000000000000000e+03
1.416000000000000000e+03 1.266000000000000000e+03
1.221000000000000000e+03 1.182000000000000000e+03
1.167000000000000000e+03 1.197000000000000000e+03
1.099000000000000000e+03 1.194000000000000000e+03
1.036000000000000000e+03 1.177000000000000000e+03
9.880000000000000000e+02 1.157000000000000000e+03
9.540000000000000000e+02 1.139000000000000000e+03
1.410000000000000000e+03 1.273000000000000000e+03
9.750000000000000000e+02 1.437000000000000000e+03
9.140000000000000000e+02 1.255000000000000000e+03
9.090000000000000000e+02 1.404000000000000000e+03
8.780000000000000000e+02 1.431000000000000000e+03
9.070000000000000000e+02 1.414000000000000000e+03
9.580000000000000000e+02 1.454000000000000000e+03
8.680000000000000000e+02 1.436000000000000000e+03
8.620000000000000000e+02 1.449000000000000000e+03
9.610000000000000000e+02 1.098000000000000000e+03
9.290000000000000000e+02 1.109000000000000000e+03
9.100000000000000000e+02 1.118000000000000000e+03
1.204000000000000000e+03 1.082000000000000000e+03
1.240000000000000000e+03 1.054000000000000000e+03
5.220000000000000000e+02 1.058000000000000000e+03
5.710000000000000000e+02 1.058000000000000000e+03
5.200000000000000000e+02 1.016000000000000000e+03
4.710000000000000000e+02 1.058000000000000000e+03
5.230000000000000000e+02 1.100000000000000000e+03
1.110000000000000000e+03 1.077000000000000000e+03
1.160000000000000000e+03 1.080000000000000000e+03
1.113000000000000000e+03 1.033000000000000000e+03
1.060000000000000000e+03 1.073000000000000000e+03
1.108000000000000000e+03 1.121000000000000000e+03
0.000000000000000000e+00 0.000000000000000000e+00
1.749000000000000000e+03 0.000000000000000000e+00
1.749000000000000000e+03 2.187000000000000000e+03
0.000000000000000000e+00 2.187000000000000000e+03
8.700000000000000000e+01 0.000000000000000000e+00
8.700000000000000000e+01 2.187000000000000000e+03
0.000000000000000000e+00 1.090000000000000000e+02
1.749000000000000000e+03 1.090000000000000000e+02
1.750000000000000000e+02 0.000000000000000000e+00
1.750000000000000000e+02 2.187000000000000000e+03
0.000000000000000000e+00 2.180000000000000000e+02
1.749000000000000000e+03 2.180000000000000000e+02
2.620000000000000000e+02 0.000000000000000000e+00
2.620000000000000000e+02 2.187000000000000000e+03
0.000000000000000000e+00 3.280000000000000000e+02
1.749000000000000000e+03 3.280000000000000000e+02
3.500000000000000000e+02 0.000000000000000000e+00
3.500000000000000000e+02 2.187000000000000000e+03
0.000000000000000000e+00 4.370000000000000000e+02
1.749000000000000000e+03 4.370000000000000000e+02
4.370000000000000000e+02 0.000000000000000000e+00
4.370000000000000000e+02 2.187000000000000000e+03
0.000000000000000000e+00 5.470000000000000000e+02
1.749000000000000000e+03 5.470000000000000000e+02
5.250000000000000000e+02 0.000000000000000000e+00
5.250000000000000000e+02 2.187000000000000000e+03
0.000000000000000000e+00 6.560000000000000000e+02
1.749000000000000000e+03 6.560000000000000000e+02
6.120000000000000000e+02 0.000000000000000000e+00
6.120000000000000000e+02 2.187000000000000000e+03
0.000000000000000000e+00 7.650000000000000000e+02
1.749000000000000000e+03 7.650000000000000000e+02
7.000000000000000000e+02 0.000000000000000000e+00
7.000000000000000000e+02 2.187000000000000000e+03
0.000000000000000000e+00 8.750000000000000000e+02
1.749000000000000000e+03 8.750000000000000000e+02
7.870000000000000000e+02 0.000000000000000000e+00
7.870000000000000000e+02 2.187000000000000000e+03
0.000000000000000000e+00 9.840000000000000000e+02
1.749000000000000000e+03 9.840000000000000000e+02
8.750000000000000000e+02 0.000000000000000000e+00
8.750000000000000000e+02 2.187000000000000000e+03
0.000000000000000000e+00 1.094000000000000000e+03
1.749000000000000000e+03 1.094000000000000000e+03
9.620000000000000000e+02 0.000000000000000000e+00
9.620000000000000000e+02 2.187000000000000000e+03
0.000000000000000000e+00 1.203000000000000000e+03
1.749000000000000000e+03 1.203000000000000000e+03
1.050000000000000000e+03 0.000000000000000000e+00
1.050000000000000000e+03 2.187000000000000000e+03
0.000000000000000000e+00 1.312000000000000000e+03
1.749000000000000000e+03 1.312000000000000000e+03
1.137000000000000000e+03 0.000000000000000000e+00
1.137000000000000000e+03 2.187000000000000000e+03
0.000000000000000000e+00 1.422000000000000000e+03
1.749000000000000000e+03 1.422000000000000000e+03
1.225000000000000000e+03 0.000000000000000000e+00
1.225000000000000000e+03 2.187000000000000000e+03
0.000000000000000000e+00 1.531000000000000000e+03
1.749000000000000000e+03 1.531000000000000000e+03
1.312000000000000000e+03 0.000000000000000000e+00
1.312000000000000000e+03 2.187000000000000000e+03
0.000000000000000000e+00 1.641000000000000000e+03
1.749000000000000000e+03 1.641000000000000000e+03
1.400000000000000000e+03 0.000000000000000000e+00
1.400000000000000000e+03 2.187000000000000000e+03
0.000000000000000000e+00 1.750000000000000000e+03
1.749000000000000000e+03 1.750000000000000000e+03
1.487000000000000000e+03 0.000000000000000000e+00
1.487000000000000000e+03 2.187000000000000000e+03
0.000000000000000000e+00 1.859000000000000000e+03
1.749000000000000000e+03 1.859000000000000000e+03
1.575000000000000000e+03 0.000000000000000000e+00
1.575000000000000000e+03 2.187000000000000000e+03
0.000000000000000000e+00 1.969000000000000000e+03
1.749000000000000000e+03 1.969000000000000000e+03
1.662000000000000000e+03 0.000000000000000000e+00
1.662000000000000000e+03 2.187000000000000000e+03
0.000000000000000000e+00 2.078000000000000000e+03
1.749000000000000000e+03 2.078000000000000000e+03
