8.350000000000000000e+02 1.666000000000000000e+03
8.540000000000000000e+02 1.469000000000000000e+03
8.520000000000000000e+02 1.508000000000000000e+03
8.090000000000000000e+02 1.273000000000000000e+03
8.540000000000000000e+02 1.413000000000000000e+03
8.550000000000000000e+02 1.334000000000000000e+03
8.540000000000000000e+02 1.138000000000000000e+03
4.700000000000000000e+02 1.078000000000000000e+03
8.530000000000000000e+02 1.018000000000000000e+03
8.530000000000000000e+02 9.470000000000000000e+02
8.550000000000000000e+02 6.310000000000000000e+02
8.350000000000000000e+02 1.682000000000000000e+03
8.350000000000000000e+02 1.697000000000000000e+03
8.350000000000000000e+02 1.707000000000000000e+03
8.350000000000000000e+02 1.708000000000000000e+03
8.350000000000000000e+02 1.726000000000000000e+03
8.340000000000000000e+02 1.748000000000000000e+03
8.340000000000000000e+02 1.771000000000000000e+03
8.500000000000000000e+02 1.824000000000000000e+03
8.540000000000000000e+02 1.493000000000000000e+03
8.000000000000000000e+02 1.484000000000000000e+03
2.640000000000000000e+02 8.560000000000000000e+02
6.250000000000000000e+02 1.128000000000000000e+03
5.720000000000000000e+02 1.130000000000000000e+03
5.190000000000000000e+02 1.130000000000000000e+03
4.480000000000000000e+02 1.099000000000000000e+03
6.680000000000000000e+02 1.122000000000000000e+03
5.350000000000000000e+02 1.004000000000000000e+03
5.970000000000000000e+02 1.012000000000000000e+03
4.800000000000000000e+02 1.009000000000000000e+03
4.450000000000000000e+02 1.025000000000000000e+03
4.040000000000000000e+02 1.137000000000000000e+03
6.540000000000000000e+02 1.908000000000000000e+03
4.480000000000000000e+02 1.067000000000000000e+03
2.420000000000000000e+02 1.100000000000000000e+03
3.420000000000000000e+02 1.104000000000000000e+03
5.870000000000000000e+02 1.383000000000000000e+03
7.730000000000000000e+02 1.654000000000000000e+03
7.790000000000000000e+02 1.692000000000000000e+03
7.180000000000000000e+02 1.661000000000000000e+03
6.790000000000000000e+02 1.669000000000000000e+03
7.320000000000000000e+02 1.688000000000000000e+03
6.950000000000000000e+02 1.686000000000000000e+03
6.110000000000000000e+02 1.715000000000000000e+03
8.090000000000000000e+02 1.466000000000000000e+03
8.030000000000000000e+02 1.412000000000000000e+03
3.660000000000000000e+02 9.900000000000000000e+02
6.960000000000000000e+02 1.244000000000000000e+03
6.830000000000000000e+02 1.428000000000000000e+03
6.810000000000000000e+02 1.395000000000000000e+03
4.280000000000000000e+02 1.368000000000000000e+03
8.060000000000000000e+02 1.338000000000000000e+03
4.920000000000000000e+02 9.480000000000000000e+02
4.160000000000000000e+02 9.600000000000000000e+02
3.170000000000000000e+02 7.670000000000000000e+02
7.350000000000000000e+02 1.004000000000000000e+03
6.500000000000000000e+02 1.031000000000000000e+03
5.690000000000000000e+02 1.665000000000000000e+03
2.990000000000000000e+02 1.613000000000000000e+03
7.210000000000000000e+02 1.460000000000000000e+03
7.640000000000000000e+02 1.479000000000000000e+03
6.270000000000000000e+02 1.682000000000000000e+03
6.380000000000000000e+02 1.684000000000000000e+03
3.870000000000000000e+02 9.260000000000000000e+02
6.800000000000000000e+02 1.447000000000000000e+03
5.970000000000000000e+02 9.600000000000000000e+02
5.850000000000000000e+02 9.160000000000000000e+02
5.380000000000000000e+02 6.530000000000000000e+02
3.590000000000000000e+02 8.420000000000000000e+02
5.750000000000000000e+02 7.790000000000000000e+02
3.370000000000000000e+02 9.640000000000000000e+02
3.030000000000000000e+02 9.100000000000000000e+02
7.750000000000000000e+02 1.675000000000000000e+03
7.250000000000000000e+02 1.676000000000000000e+03
6.870000000000000000e+02 1.678000000000000000e+03
7.330000000000000000e+02 1.469000000000000000e+03
6.330000000000000000e+02 1.683000000000000000e+03
6.570000000000000000e+02 1.697000000000000000e+03
6.440000000000000000e+02 1.685000000000000000e+03
7.490000000000000000e+02 1.452000000000000000e+03
7.030000000000000000e+02 1.692000000000000000e+03
7.400000000000000000e+02 1.697000000000000000e+03
7.840000000000000000e+02 1.703000000000000000e+03
7.820000000000000000e+02 1.820000000000000000e+03
7.740000000000000000e+02 1.766000000000000000e+03
7.750000000000000000e+02 1.742000000000000000e+03
7.780000000000000000e+02 1.721000000000000000e+03
7.840000000000000000e+02 1.703000000000000000e+03
7.030000000000000000e+02 1.693000000000000000e+03
6.940000000000000000e+02 1.701000000000000000e+03
6.860000000000000000e+02 1.711000000000000000e+03
6.790000000000000000e+02 1.724000000000000000e+03
6.290000000000000000e+02 1.584000000000000000e+03
2.390000000000000000e+02 1.332000000000000000e+03
8.530000000000000000e+02 1.500000000000000000e+03
6.750000000000000000e+02 1.689000000000000000e+03
6.660000000000000000e+02 1.693000000000000000e+03
7.820000000000000000e+02 1.501000000000000000e+03
6.970000000000000000e+02 1.477000000000000000e+03
7.740000000000000000e+02 1.490000000000000000e+03
6.410000000000000000e+02 1.273000000000000000e+03
5.540000000000000000e+02 1.309000000000000000e+03
6.710000000000000000e+02 1.415000000000000000e+03
4.040000000000000000e+02 6.970000000000000000e+02
4.470000000000000000e+02 7.950000000000000000e+02
4.720000000000000000e+02 9.060000000000000000e+02
6.560000000000000000e+02 1.756000000000000000e+03
7.150000000000000000e+02 9.350000000000000000e+02
7.060000000000000000e+02 7.780000000000000000e+02
6.830000000000000000e+02 6.330000000000000000e+02
4.740000000000000000e+02 1.119000000000000000e+03
3.480000000000000000e+02 1.175000000000000000e+03
6.940000000000000000e+02 1.113000000000000000e+03
3.930000000000000000e+02 1.044000000000000000e+03
7.330000000000000000e+02 1.212000000000000000e+03
7.170000000000000000e+02 1.416000000000000000e+03
2.920000000000000000e+02 1.216000000000000000e+03
3.840000000000000000e+02 1.215000000000000000e+03
4.530000000000000000e+02 1.239000000000000000e+03
5.570000000000000000e+02 1.233000000000000000e+03
6.330000000000000000e+02 1.214000000000000000e+03
6.880000000000000000e+02 1.193000000000000000e+03
8.030000000000000000e+02 1.149000000000000000e+03
3.020000000000000000e+02 1.335000000000000000e+03
3.510000000000000000e+02 1.040000000000000000e+03
8.260000000000000000e+02 1.490000000000000000e+03
6.990000000000000000e+02 1.303000000000000000e+03
2.260000000000000000e+02 1.081000000000000000e+03
7.290000000000000000e+02 1.169000000000000000e+03
6.660000000000000000e+02 1.414000000000000000e+03
4.260000000000000000e+02 1.071000000000000000e+03
7.150000000000000000e+02 1.376000000000000000e+03
2.600000000000000000e+02 1.469000000000000000e+03
6.900000000000000000e+02 1.095000000000000000e+03
7.590000000000000000e+02 1.352000000000000000e+03
4.190000000000000000e+02 1.765000000000000000e+03
4.200000000000000000e+02 1.822000000000000000e+03
2.490000000000000000e+02 1.337000000000000000e+03
3.520000000000000000e+02 1.684000000000000000e+03
2.710000000000000000e+02 9.950000000000000000e+02
6.410000000000000000e+02 1.964000000000000000e+03
8.300000000000000000e+02 1.497000000000000000e+03
6.510000000000000000e+02 1.340000000000000000e+03
3.010000000000000000e+02 1.111000000000000000e+03
5.240000000000000000e+02 1.092000000000000000e+03
5.700000000000000000e+02 1.096000000000000000e+03
6.500000000000000000e+02 1.703000000000000000e+03
3.120000000000000000e+02 1.447000000000000000e+03
7.370000000000000000e+02 2.042000000000000000e+03
5.740000000000000000e+02 1.959000000000000000e+03
5.030000000000000000e+02 1.903000000000000000e+03
8.540000000000000000e+02 7.810000000000000000e+02
8.490000000000000000e+02 2.053000000000000000e+03
6.130000000000000000e+02 1.095000000000000000e+03
6.530000000000000000e+02 1.094000000000000000e+03
6.790000000000000000e+02 1.095000000000000000e+03
3.160000000000000000e+02 1.026000000000000000e+03
6.410000000000000000e+02 1.065000000000000000e+03
5.950000000000000000e+02 1.051000000000000000e+03
5.490000000000000000e+02 1.045000000000000000e+03
5.040000000000000000e+02 1.048000000000000000e+03
4.760000000000000000e+02 1.056000000000000000e+03
2.370000000000000000e+02 9.550000000000000000e+02
4.930000000000000000e+02 1.086000000000000000e+03
8.510000000000000000e+02 1.550000000000000000e+03
6.800000000000000000e+02 1.557000000000000000e+03
7.220000000000000000e+02 1.454000000000000000e+03
7.790000000000000000e+02 1.549000000000000000e+03
8.530000000000000000e+02 1.072000000000000000e+03
4.920000000000000000e+02 1.842000000000000000e+03
5.630000000000000000e+02 1.904000000000000000e+03
7.360000000000000000e+02 2.006000000000000000e+03
3.560000000000000000e+02 1.731000000000000000e+03
6.740000000000000000e+02 1.083000000000000000e+03
7.680000000000000000e+02 1.238000000000000000e+03
8.510000000000000000e+02 2.018000000000000000e+03
6.500000000000000000e+02 2.008000000000000000e+03
2.680000000000000000e+02 1.460000000000000000e+03
7.400000000000000000e+02 1.698000000000000000e+03
7.310000000000000000e+02 1.711000000000000000e+03
7.250000000000000000e+02 1.728000000000000000e+03
7.210000000000000000e+02 1.749000000000000000e+03
7.120000000000000000e+02 1.793000000000000000e+03
6.650000000000000000e+02 1.684000000000000000e+03
6.570000000000000000e+02 1.680000000000000000e+03
6.500000000000000000e+02 1.676000000000000000e+03
5.890000000000000000e+02 1.621000000000000000e+03
3.840000000000000000e+02 1.484000000000000000e+03
7.680000000000000000e+02 1.176000000000000000e+03
7.340000000000000000e+02 1.067000000000000000e+03
6.980000000000000000e+02 1.069000000000000000e+03
6.750000000000000000e+02 1.689000000000000000e+03
3.760000000000000000e+02 1.613000000000000000e+03
7.820000000000000000e+02 1.075000000000000000e+03
6.810000000000000000e+02 1.849000000000000000e+03
8.540000000000000000e+02 1.266000000000000000e+03
8.050000000000000000e+02 1.213000000000000000e+03
8.540000000000000000e+02 1.203000000000000000e+03
7.310000000000000000e+02 1.324000000000000000e+03
8.510000000000000000e+02 1.961000000000000000e+03
8.500000000000000000e+02 1.889000000000000000e+03
7.640000000000000000e+02 1.882000000000000000e+03
5.580000000000000000e+02 1.741000000000000000e+03
6.220000000000000000e+02 1.456000000000000000e+03
6.150000000000000000e+02 1.802000000000000000e+03
5.010000000000000000e+02 1.446000000000000000e+03
5.730000000000000000e+02 1.511000000000000000e+03
4.540000000000000000e+02 1.531000000000000000e+03
7.450000000000000000e+02 1.951000000000000000e+03
6.990000000000000000e+02 1.349000000000000000e+03
5.110000000000000000e+02 1.783000000000000000e+03
5.820000000000000000e+02 1.849000000000000000e+03
5.140000000000000000e+02 1.673000000000000000e+03
3.260000000000000000e+02 1.541000000000000000e+03
4.450000000000000000e+02 1.678000000000000000e+03
2.970000000000000000e+02 1.575000000000000000e+03
5.300000000000000000e+02 1.578000000000000000e+03
7.340000000000000000e+02 1.269000000000000000e+03
7.330000000000000000e+02 1.443000000000000000e+03
6.990000000000000000e+02 1.448000000000000000e+03
7.570000000000000000e+02 1.413000000000000000e+03
6.900000000000000000e+02 1.027000000000000000e+03
5.980000000000000000e+02 9.940000000000000000e+02
5.190000000000000000e+02 9.840000000000000000e+02
4.530000000000000000e+02 9.910000000000000000e+02
4.110000000000000000e+02 1.010000000000000000e+03
3.900000000000000000e+02 1.088000000000000000e+03
2.380000000000000000e+02 1.217000000000000000e+03
4.340000000000000000e+02 1.160000000000000000e+03
4.900000000000000000e+02 1.179000000000000000e+03
5.640000000000000000e+02 1.179000000000000000e+03
6.310000000000000000e+02 1.168000000000000000e+03
6.810000000000000000e+02 1.156000000000000000e+03
7.160000000000000000e+02 1.143000000000000000e+03
2.300000000000000000e+02 1.204000000000000000e+03
6.990000000000000000e+02 1.459000000000000000e+03
7.680000000000000000e+02 1.294000000000000000e+03
7.710000000000000000e+02 1.453000000000000000e+03
7.970000000000000000e+02 1.478000000000000000e+03
7.700000000000000000e+02 1.459000000000000000e+03
7.130000000000000000e+02 1.473000000000000000e+03
8.080000000000000000e+02 1.485000000000000000e+03
8.120000000000000000e+02 1.493000000000000000e+03
7.110000000000000000e+02 1.100000000000000000e+03
7.430000000000000000e+02 1.118000000000000000e+03
7.590000000000000000e+02 1.132000000000000000e+03
4.600000000000000000e+02 1.062000000000000000e+03
4.230000000000000000e+02 1.044000000000000000e+03
9.000000000000000000e+02 1.273000000000000000e+03
1.227000000000000000e+03 1.093000000000000000e+03
9.060000000000000000e+02 1.484000000000000000e+03
1.427000000000000000e+03 8.680000000000000000e+02
1.084000000000000000e+03 1.136000000000000000e+03
1.132000000000000000e+03 1.141000000000000000e+03
1.181000000000000000e+03 1.142000000000000000e+03
1.249000000000000000e+03 1.112000000000000000e+03
1.044000000000000000e+03 1.126000000000000000e+03
1.160000000000000000e+03 1.014000000000000000e+03
1.105000000000000000e+03 1.020000000000000000e+03
1.212000000000000000e+03 1.019000000000000000e+03
1.245000000000000000e+03 1.034000000000000000e+03
1.293000000000000000e+03 1.148000000000000000e+03
1.044000000000000000e+03 1.912000000000000000e+03
1.248000000000000000e+03 1.080000000000000000e+03
1.450000000000000000e+03 1.114000000000000000e+03
1.353000000000000000e+03 1.114000000000000000e+03
1.115000000000000000e+03 1.387000000000000000e+03
9.000000000000000000e+02 1.654000000000000000e+03
8.940000000000000000e+02 1.693000000000000000e+03
9.610000000000000000e+02 1.663000000000000000e+03
1.003000000000000000e+03 1.673000000000000000e+03
9.460000000000000000e+02 1.690000000000000000e+03
9.870000000000000000e+02 1.689000000000000000e+03
1.083000000000000000e+03 1.719000000000000000e+03
8.990000000000000000e+02 1.466000000000000000e+03
9.060000000000000000e+02 1.412000000000000000e+03
1.316000000000000000e+03 1.000000000000000000e+03
1.008000000000000000e+03 1.246000000000000000e+03
1.021000000000000000e+03 1.431000000000000000e+03
1.023000000000000000e+03 1.398000000000000000e+03
1.271000000000000000e+03 1.375000000000000000e+03
9.030000000000000000e+02 1.338000000000000000e+03
1.191000000000000000e+03 9.580000000000000000e+02
1.265000000000000000e+03 9.700000000000000000e+02
1.380000000000000000e+03 7.770000000000000000e+02
9.640000000000000000e+02 1.012000000000000000e+03
1.057000000000000000e+03 1.038000000000000000e+03
1.124000000000000000e+03 1.669000000000000000e+03
1.384000000000000000e+03 1.624000000000000000e+03
9.820000000000000000e+02 1.463000000000000000e+03
9.400000000000000000e+02 1.480000000000000000e+03
1.060000000000000000e+03 1.687000000000000000e+03
1.049000000000000000e+03 1.688000000000000000e+03
1.293000000000000000e+03 9.360000000000000000e+02
1.023000000000000000e+03 1.450000000000000000e+03
1.092000000000000000e+03 9.690000000000000000e+02
1.100000000000000000e+03 9.270000000000000000e+02
1.169000000000000000e+03 6.590000000000000000e+02
1.341000000000000000e+03 8.500000000000000000e+02
1.132000000000000000e+03 7.830000000000000000e+02
1.347000000000000000e+03 9.760000000000000000e+02
1.394000000000000000e+03 9.210000000000000000e+02
8.980000000000000000e+02 1.676000000000000000e+03
9.540000000000000000e+02 1.678000000000000000e+03
9.960000000000000000e+02 1.681000000000000000e+03
9.690000000000000000e+02 1.472000000000000000e+03
1.054000000000000000e+03 1.687000000000000000e+03
1.027000000000000000e+03 1.701000000000000000e+03
1.042000000000000000e+03 1.689000000000000000e+03
9.560000000000000000e+02 1.454000000000000000e+03
9.800000000000000000e+02 1.694000000000000000e+03
9.380000000000000000e+02 1.699000000000000000e+03
8.910000000000000000e+02 1.704000000000000000e+03
9.180000000000000000e+02 1.821000000000000000e+03
8.970000000000000000e+02 1.767000000000000000e+03
8.950000000000000000e+02 1.743000000000000000e+03
8.930000000000000000e+02 1.722000000000000000e+03
8.900000000000000000e+02 1.704000000000000000e+03
9.790000000000000000e+02 1.696000000000000000e+03
9.870000000000000000e+02 1.703000000000000000e+03
9.950000000000000000e+02 1.714000000000000000e+03
1.001000000000000000e+03 1.727000000000000000e+03
1.069000000000000000e+03 1.588000000000000000e+03
1.443000000000000000e+03 1.345000000000000000e+03
1.010000000000000000e+03 1.692000000000000000e+03
1.018000000000000000e+03 1.696000000000000000e+03
9.210000000000000000e+02 1.503000000000000000e+03
1.004000000000000000e+03 1.480000000000000000e+03
9.300000000000000000e+02 1.492000000000000000e+03
1.061000000000000000e+03 1.276000000000000000e+03
1.148000000000000000e+03 1.314000000000000000e+03
1.032000000000000000e+03 1.419000000000000000e+03
1.299000000000000000e+03 7.050000000000000000e+02
1.257000000000000000e+03 8.010000000000000000e+02
1.208000000000000000e+03 9.160000000000000000e+02
1.040000000000000000e+03 1.759000000000000000e+03
9.790000000000000000e+02 9.460000000000000000e+02
1.002000000000000000e+03 7.800000000000000000e+02
1.026000000000000000e+03 6.360000000000000000e+02
1.224000000000000000e+03 1.132000000000000000e+03
1.350000000000000000e+03 1.186000000000000000e+03
1.018000000000000000e+03 1.116000000000000000e+03
1.297000000000000000e+03 1.054000000000000000e+03
9.720000000000000000e+02 1.213000000000000000e+03
9.890000000000000000e+02 1.419000000000000000e+03
1.403000000000000000e+03 1.228000000000000000e+03
1.311000000000000000e+03 1.225000000000000000e+03
1.242000000000000000e+03 1.249000000000000000e+03
1.143000000000000000e+03 1.241000000000000000e+03
1.072000000000000000e+03 1.218000000000000000e+03
1.021000000000000000e+03 1.196000000000000000e+03
9.050000000000000000e+02 1.149000000000000000e+03
1.392000000000000000e+03 1.346000000000000000e+03
1.338000000000000000e+03 1.050000000000000000e+03
8.810000000000000000e+02 1.490000000000000000e+03
1.005000000000000000e+03 1.305000000000000000e+03
1.461000000000000000e+03 1.095000000000000000e+03
9.800000000000000000e+02 1.171000000000000000e+03
1.035000000000000000e+03 1.417000000000000000e+03
1.270000000000000000e+03 1.082000000000000000e+03
9.910000000000000000e+02 1.379000000000000000e+03
1.422000000000000000e+03 1.482000000000000000e+03
1.022000000000000000e+03 1.098000000000000000e+03
9.480000000000000000e+02 1.353000000000000000e+03
1.273000000000000000e+03 1.774000000000000000e+03
1.269000000000000000e+03 1.829000000000000000e+03
1.440000000000000000e+03 1.350000000000000000e+03
1.338000000000000000e+03 1.695000000000000000e+03
1.424000000000000000e+03 1.007000000000000000e+03
1.057000000000000000e+03 1.969000000000000000e+03
8.750000000000000000e+02 1.498000000000000000e+03
1.051000000000000000e+03 1.343000000000000000e+03
1.399000000000000000e+03 1.123000000000000000e+03
1.175000000000000000e+03 1.108000000000000000e+03
1.133000000000000000e+03 1.109000000000000000e+03
1.035000000000000000e+03 1.707000000000000000e+03
1.380000000000000000e+03 1.458000000000000000e+03
9.600000000000000000e+02 2.043000000000000000e+03
1.119000000000000000e+03 1.962000000000000000e+03
1.189000000000000000e+03 1.908000000000000000e+03
1.094000000000000000e+03 1.105000000000000000e+03
1.057000000000000000e+03 1.100000000000000000e+03
1.033000000000000000e+03 1.099000000000000000e+03
1.375000000000000000e+03 1.037000000000000000e+03
1.069000000000000000e+03 1.072000000000000000e+03
1.111000000000000000e+03 1.061000000000000000e+03
1.152000000000000000e+03 1.058000000000000000e+03
1.194000000000000000e+03 1.062000000000000000e+03
1.220000000000000000e+03 1.069000000000000000e+03
1.452000000000000000e+03 9.670000000000000000e+02
1.205000000000000000e+03 1.101000000000000000e+03
1.021000000000000000e+03 1.560000000000000000e+03
9.820000000000000000e+02 1.457000000000000000e+03
9.240000000000000000e+02 1.550000000000000000e+03
1.201000000000000000e+03 1.850000000000000000e+03
1.132000000000000000e+03 1.911000000000000000e+03
9.630000000000000000e+02 2.008000000000000000e+03
1.331000000000000000e+03 1.740000000000000000e+03
1.038000000000000000e+03 1.087000000000000000e+03
9.390000000000000000e+02 1.239000000000000000e+03
1.045000000000000000e+03 2.010000000000000000e+03
1.420000000000000000e+03 1.473000000000000000e+03
9.380000000000000000e+02 1.700000000000000000e+03
9.450000000000000000e+02 1.713000000000000000e+03
9.500000000000000000e+02 1.730000000000000000e+03
9.540000000000000000e+02 1.751000000000000000e+03
9.860000000000000000e+02 1.795000000000000000e+03
1.020000000000000000e+03 1.687000000000000000e+03
1.029000000000000000e+03 1.684000000000000000e+03
1.036000000000000000e+03 1.679000000000000000e+03
1.106000000000000000e+03 1.625000000000000000e+03
1.312000000000000000e+03 1.493000000000000000e+03
9.380000000000000000e+02 1.178000000000000000e+03
9.760000000000000000e+02 1.071000000000000000e+03
1.013000000000000000e+03 1.073000000000000000e+03
1.011000000000000000e+03 1.691000000000000000e+03
1.317000000000000000e+03 1.621000000000000000e+03
9.240000000000000000e+02 1.079000000000000000e+03
1.017000000000000000e+03 1.852000000000000000e+03
9.030000000000000000e+02 1.214000000000000000e+03
9.740000000000000000e+02 1.326000000000000000e+03
9.360000000000000000e+02 1.883000000000000000e+03
1.136000000000000000e+03 1.746000000000000000e+03
1.078000000000000000e+03 1.460000000000000000e+03
1.081000000000000000e+03 1.806000000000000000e+03
1.199000000000000000e+03 1.452000000000000000e+03
1.126000000000000000e+03 1.515000000000000000e+03
1.243000000000000000e+03 1.538000000000000000e+03
9.550000000000000000e+02 1.953000000000000000e+03
1.005000000000000000e+03 1.351000000000000000e+03
1.183000000000000000e+03 1.789000000000000000e+03
1.114000000000000000e+03 1.855000000000000000e+03
1.180000000000000000e+03 1.679000000000000000e+03
1.365000000000000000e+03 1.551000000000000000e+03
1.249000000000000000e+03 1.686000000000000000e+03
1.391000000000000000e+03 1.588000000000000000e+03
1.166000000000000000e+03 1.584000000000000000e+03
9.710000000000000000e+02 1.271000000000000000e+03
9.730000000000000000e+02 1.445000000000000000e+03
1.005000000000000000e+03 1.451000000000000000e+03
9.500000000000000000e+02 1.414000000000000000e+03
1.015000000000000000e+03 1.033000000000000000e+03
1.097000000000000000e+03 1.002000000000000000e+03
1.170000000000000000e+03 9.930000000000000000e+02
1.232000000000000000e+03 9.990000000000000000e+02
1.275000000000000000e+03 1.019000000000000000e+03
1.305000000000000000e+03 1.098000000000000000e+03
1.452000000000000000e+03 1.231000000000000000e+03
1.262000000000000000e+03 1.172000000000000000e+03
1.208000000000000000e+03 1.189000000000000000e+03
1.140000000000000000e+03 1.187000000000000000e+03
1.077000000000000000e+03 1.174000000000000000e+03
1.029000000000000000e+03 1.159000000000000000e+03
9.960000000000000000e+02 1.145000000000000000e+03
1.454000000000000000e+03 1.218000000000000000e+03
1.003000000000000000e+03 1.462000000000000000e+03
9.390000000000000000e+02 1.295000000000000000e+03
9.360000000000000000e+02 1.454000000000000000e+03
9.090000000000000000e+02 1.478000000000000000e+03
9.360000000000000000e+02 1.460000000000000000e+03
9.890000000000000000e+02 1.476000000000000000e+03
8.980000000000000000e+02 1.485000000000000000e+03
8.930000000000000000e+02 1.493000000000000000e+03
1.002000000000000000e+03 1.102000000000000000e+03
9.690000000000000000e+02 1.120000000000000000e+03
9.490000000000000000e+02 1.134000000000000000e+03
1.236000000000000000e+03 1.075000000000000000e+03
1.268000000000000000e+03 1.054000000000000000e+03
5.560000000000000000e+02 1.069000000000000000e+03
6.120000000000000000e+02 1.070000000000000000e+03
5.550000000000000000e+02 1.026000000000000000e+03
5.000000000000000000e+02 1.067000000000000000e+03
5.560000000000000000e+02 1.111000000000000000e+03
1.152000000000000000e+03 1.080000000000000000e+03
1.202000000000000000e+03 1.079000000000000000e+03
1.149000000000000000e+03 1.038000000000000000e+03
1.101000000000000000e+03 1.081000000000000000e+03
1.155000000000000000e+03 1.122000000000000000e+03
0.000000000000000000e+00 0.000000000000000000e+00
1.749000000000000000e+03 0.000000000000000000e+00
1.749000000000000000e+03 2.187000000000000000e+03
0.000000000000000000e+00 2.187000000000000000e+03
8.700000000000000000e+01 0.000000000000000000e+00
8.700000000000000000e+01 2.187000000000000000e+03
0.000000000000000000e+00 1.090000000000000000e+02
1.749000000000000000e+03 1.090000000000000000e+02
1.750000000000000000e+02 0.000000000000000000e+00
1.750000000000000000e+02 2.187000000000000000e+03
0.000000000000000000e+00 2.180000000000000000e+02
1.749000000000000000e+03 2.180000000000000000e+02
2.620000000000000000e+02 0.000000000000000000e+00
2.620000000000000000e+02 2.187000000000000000e+03
0.000000000000000000e+00 3.280000000000000000e+02
1.749000000000000000e+03 3.280000000000000000e+02
3.500000000000000000e+02 0.000000000000000000e+00
3.500000000000000000e+02 2.187000000000000000e+03
0.000000000000000000e+00 4.370000000000000000e+02
1.749000000000000000e+03 4.370000000000000000e+02
4.370000000000000000e+02 0.000000000000000000e+00
4.370000000000000000e+02 2.187000000000000000e+03
0.000000000000000000e+00 5.470000000000000000e+02
1.749000000000000000e+03 5.470000000000000000e+02
5.250000000000000000e+02 0.000000000000000000e+00
5.250000000000000000e+02 2.187000000000000000e+03
0.000000000000000000e+00 6.560000000000000000e+02
1.749000000000000000e+03 6.560000000000000000e+02
6.120000000000000000e+02 0.000000000000000000e+00
6.120000000000000000e+02 2.187000000000000000e+03
0.000000000000000000e+00 7.650000000000000000e+02
1.749000000000000000e+03 7.650000000000000000e+02
7.000000000000000000e+02 0.000000000000000000e+00
7.000000000000000000e+02 2.187000000000000000e+03
0.000000000000000000e+00 8.750000000000000000e+02
1.749000000000000000e+03 8.750000000000000000e+02
7.870000000000000000e+02 0.000000000000000000e+00
7.870000000000000000e+02 2.187000000000000000e+03
0.000000000000000000e+00 9.840000000000000000e+02
1.749000000000000000e+03 9.840000000000000000e+02
8.750000000000000000e+02 0.000000000000000000e+00
8.750000000000000000e+02 2.187000000000000000e+03
0.000000000000000000e+00 1.094000000000000000e+03
1.749000000000000000e+03 1.094000000000000000e+03
9.620000000000000000e+02 0.000000000000000000e+00
9.620000000000000000e+02 2.187000000000000000e+03
0.000000000000000000e+00 1.203000000000000000e+03
1.749000000000000000e+03 1.203000000000000000e+03
1.050000000000000000e+03 0.000000000000000000e+00
1.050000000000000000e+03 2.187000000000000000e+03
0.000000000000000000e+00 1.312000000000000000e+03
1.749000000000000000e+03 1.312000000000000000e+03
1.137000000000000000e+03 0.000000000000000000e+00
1.137000000000000000e+03 2.187000000000000000e+03
0.000000000000000000e+00 1.422000000000000000e+03
1.749000000000000000e+03 1.422000000000000000e+03
1.225000000000000000e+03 0.000000000000000000e+00
1.225000000000000000e+03 2.187000000000000000e+03
0.000000000000000000e+00 1.531000000000000000e+03
1.749000000000000000e+03 1.531000000000000000e+03
1.312000000000000000e+03 0.000000000000000000e+00
1.312000000000000000e+03 2.187000000000000000e+03
0.000000000000000000e+00 1.641000000000000000e+03
1.749000000000000000e+03 1.641000000000000000e+03
1.400000000000000000e+03 0.000000000000000000e+00
1.400000000000000000e+03 2.187000000000000000e+03
0.000000000000000000e+00 1.750000000000000000e+03
1.749000000000000000e+03 1.750000000000000000e+03
1.487000000000000000e+03 0.000000000000000000e+00
1.487000000000000000e+03 2.187000000000000000e+03
0.000000000000000000e+00 1.859000000000000000e+03
1.749000000000000000e+03 1.859000000000000000e+03
1.575000000000000000e+03 0.000000000000000000e+00
1.575000000000000000e+03 2.187000000000000000e+03
0.000000000000000000e+00 1.969000000000000000e+03
1.749000000000000000e+03 1.969000000000000000e+03
1.662000000000000000e+03 0.000000000000000000e+00
1.662000000000000000e+03 2.187000000000000000e+03
0.000000000000000000e+00 2.078000000000000000e+03
1.749000000000000000e+03 2.078000000000000000e+03
