8.110000000000000000e+02 1.534000000000000000e+03
7.900000000000000000e+02 1.340000000000000000e+03
7.960000000000000000e+02 1.397000000000000000e+03
7.570000000000000000e+02 1.167000000000000000e+03
7.910000000000000000e+02 1.284000000000000000e+03
7.940000000000000000e+02 1.215000000000000000e+03
8.050000000000000000e+02 1.051000000000000000e+03
4.480000000000000000e+02 1.068000000000000000e+03
8.090000000000000000e+02 9.140000000000000000e+02
8.100000000000000000e+02 8.390000000000000000e+02
8.190000000000000000e+02 5.820000000000000000e+02
8.110000000000000000e+02 1.548000000000000000e+03
8.100000000000000000e+02 1.561000000000000000e+03
8.100000000000000000e+02 1.568000000000000000e+03
8.130000000000000000e+02 1.720000000000000000e+03
8.130000000000000000e+02 1.737000000000000000e+03
8.120000000000000000e+02 1.758000000000000000e+03
8.120000000000000000e+02 1.780000000000000000e+03
7.970000000000000000e+02 1.795000000000000000e+03
7.920000000000000000e+02 1.370000000000000000e+03
7.490000000000000000e+02 1.370000000000000000e+03
3.060000000000000000e+02 8.470000000000000000e+02
5.950000000000000000e+02 1.112000000000000000e+03
5.450000000000000000e+02 1.118000000000000000e+03
4.970000000000000000e+02 1.114000000000000000e+03
4.300000000000000000e+02 1.080000000000000000e+03
6.360000000000000000e+02 1.098000000000000000e+03
5.200000000000000000e+02 9.320000000000000000e+02
5.760000000000000000e+02 9.420000000000000000e+02
4.660000000000000000e+02 9.410000000000000000e+02
4.300000000000000000e+02 9.680000000000000000e+02
4.000000000000000000e+02 1.107000000000000000e+03
6.150000000000000000e+02 1.851000000000000000e+03
4.290000000000000000e+02 1.049000000000000000e+03
2.840000000000000000e+02 1.081000000000000000e+03
3.520000000000000000e+02 1.061000000000000000e+03
5.560000000000000000e+02 1.305000000000000000e+03
7.410000000000000000e+02 1.524000000000000000e+03
7.470000000000000000e+02 1.558000000000000000e+03
6.740000000000000000e+02 1.539000000000000000e+03
6.290000000000000000e+02 1.561000000000000000e+03
6.950000000000000000e+02 1.564000000000000000e+03
6.530000000000000000e+02 1.576000000000000000e+03
5.740000000000000000e+02 1.663000000000000000e+03
7.500000000000000000e+02 1.339000000000000000e+03
7.440000000000000000e+02 1.285000000000000000e+03
3.690000000000000000e+02 8.940000000000000000e+02
6.610000000000000000e+02 1.171000000000000000e+03
6.400000000000000000e+02 1.326000000000000000e+03
6.380000000000000000e+02 1.298000000000000000e+03
4.150000000000000000e+02 1.302000000000000000e+03
7.500000000000000000e+02 1.221000000000000000e+03
4.790000000000000000e+02 8.190000000000000000e+02
4.130000000000000000e+02 8.440000000000000000e+02
3.460000000000000000e+02 7.450000000000000000e+02
6.980000000000000000e+02 8.770000000000000000e+02
6.250000000000000000e+02 9.720000000000000000e+02
5.400000000000000000e+02 1.600000000000000000e+03
3.400000000000000000e+02 1.599000000000000000e+03
6.780000000000000000e+02 1.357000000000000000e+03
7.180000000000000000e+02 1.374000000000000000e+03
5.810000000000000000e+02 1.618000000000000000e+03
5.960000000000000000e+02 1.618000000000000000e+03
3.880000000000000000e+02 8.040000000000000000e+02
6.380000000000000000e+02 1.350000000000000000e+03
5.710000000000000000e+02 8.240000000000000000e+02
5.630000000000000000e+02 7.740000000000000000e+02
5.340000000000000000e+02 6.100000000000000000e+02
3.700000000000000000e+02 7.850000000000000000e+02
5.540000000000000000e+02 7.050000000000000000e+02
3.440000000000000000e+02 8.670000000000000000e+02
3.270000000000000000e+02 8.680000000000000000e+02
7.420000000000000000e+02 1.543000000000000000e+03
6.840000000000000000e+02 1.553000000000000000e+03
6.410000000000000000e+02 1.569000000000000000e+03
6.900000000000000000e+02 1.367000000000000000e+03
5.880000000000000000e+02 1.618000000000000000e+03
6.080000000000000000e+02 1.655000000000000000e+03
6.020000000000000000e+02 1.617000000000000000e+03
7.000000000000000000e+02 1.338000000000000000e+03
6.640000000000000000e+02 1.579000000000000000e+03
7.050000000000000000e+02 1.569000000000000000e+03
7.530000000000000000e+02 1.566000000000000000e+03
7.250000000000000000e+02 1.788000000000000000e+03
7.330000000000000000e+02 1.770000000000000000e+03
7.370000000000000000e+02 1.748000000000000000e+03
7.430000000000000000e+02 1.727000000000000000e+03
7.500000000000000000e+02 1.711000000000000000e+03
6.620000000000000000e+02 1.673000000000000000e+03
6.500000000000000000e+02 1.679000000000000000e+03
6.350000000000000000e+02 1.689000000000000000e+03
6.240000000000000000e+02 1.701000000000000000e+03
5.900000000000000000e+02 1.497000000000000000e+03
2.950000000000000000e+02 1.330000000000000000e+03
7.940000000000000000e+02 1.384000000000000000e+03
6.330000000000000000e+02 1.651000000000000000e+03
6.210000000000000000e+02 1.652000000000000000e+03
7.320000000000000000e+02 1.395000000000000000e+03
6.560000000000000000e+02 1.383000000000000000e+03
7.250000000000000000e+02 1.385000000000000000e+03
6.080000000000000000e+02 1.202000000000000000e+03
5.270000000000000000e+02 1.237000000000000000e+03
6.300000000000000000e+02 1.323000000000000000e+03
4.180000000000000000e+02 6.630000000000000000e+02
4.410000000000000000e+02 7.270000000000000000e+02
4.620000000000000000e+02 7.730000000000000000e+02
6.100000000000000000e+02 1.711000000000000000e+03
6.830000000000000000e+02 7.960000000000000000e+02
6.750000000000000000e+02 7.040000000000000000e+02
6.640000000000000000e+02 5.870000000000000000e+02
4.550000000000000000e+02 1.102000000000000000e+03
3.570000000000000000e+02 1.138000000000000000e+03
6.620000000000000000e+02 1.084000000000000000e+03
3.880000000000000000e+02 9.910000000000000000e+02
6.960000000000000000e+02 1.137000000000000000e+03
6.690000000000000000e+02 1.305000000000000000e+03
3.120000000000000000e+02 1.177000000000000000e+03
3.860000000000000000e+02 1.174000000000000000e+03
4.440000000000000000e+02 1.193000000000000000e+03
5.350000000000000000e+02 1.190000000000000000e+03
6.050000000000000000e+02 1.173000000000000000e+03
6.570000000000000000e+02 1.151000000000000000e+03
7.590000000000000000e+02 1.065000000000000000e+03
3.150000000000000000e+02 1.289000000000000000e+03
3.580000000000000000e+02 9.750000000000000000e+02
7.680000000000000000e+02 1.368000000000000000e+03
6.600000000000000000e+02 1.221000000000000000e+03
2.830000000000000000e+02 1.085000000000000000e+03
6.960000000000000000e+02 1.124000000000000000e+03
6.270000000000000000e+02 1.328000000000000000e+03
4.100000000000000000e+02 1.046000000000000000e+03
6.690000000000000000e+02 1.272000000000000000e+03
3.080000000000000000e+02 1.461000000000000000e+03
6.600000000000000000e+02 1.068000000000000000e+03
7.090000000000000000e+02 1.241000000000000000e+03
4.260000000000000000e+02 1.720000000000000000e+03
4.350000000000000000e+02 1.785000000000000000e+03
2.830000000000000000e+02 1.312000000000000000e+03
3.710000000000000000e+02 1.648000000000000000e+03
3.050000000000000000e+02 9.680000000000000000e+02
6.070000000000000000e+02 1.904000000000000000e+03
7.740000000000000000e+02 1.382000000000000000e+03
6.150000000000000000e+02 1.261000000000000000e+03
3.180000000000000000e+02 1.068000000000000000e+03
5.000000000000000000e+02 1.088000000000000000e+03
5.430000000000000000e+02 1.091000000000000000e+03
5.960000000000000000e+02 1.660000000000000000e+03
3.230000000000000000e+02 1.401000000000000000e+03
6.950000000000000000e+02 1.981000000000000000e+03
5.570000000000000000e+02 1.903000000000000000e+03
5.010000000000000000e+02 1.855000000000000000e+03
8.140000000000000000e+02 7.070000000000000000e+02
7.980000000000000000e+02 1.995000000000000000e+03
5.850000000000000000e+02 1.085000000000000000e+03
6.240000000000000000e+02 1.077000000000000000e+03
6.480000000000000000e+02 1.072000000000000000e+03
3.290000000000000000e+02 9.610000000000000000e+02
6.120000000000000000e+02 1.030000000000000000e+03
5.690000000000000000e+02 1.011000000000000000e+03
5.280000000000000000e+02 1.005000000000000000e+03
4.860000000000000000e+02 1.011000000000000000e+03
4.580000000000000000e+02 1.026000000000000000e+03
2.870000000000000000e+02 9.540000000000000000e+02
4.700000000000000000e+02 1.080000000000000000e+03
7.970000000000000000e+02 1.441000000000000000e+03
6.350000000000000000e+02 1.463000000000000000e+03
6.780000000000000000e+02 1.347000000000000000e+03
7.270000000000000000e+02 1.443000000000000000e+03
8.080000000000000000e+02 9.860000000000000000e+02
4.870000000000000000e+02 1.791000000000000000e+03
5.440000000000000000e+02 1.847000000000000000e+03
6.910000000000000000e+02 1.946000000000000000e+03
3.850000000000000000e+02 1.708000000000000000e+03
6.440000000000000000e+02 1.053000000000000000e+03
7.240000000000000000e+02 1.147000000000000000e+03
7.960000000000000000e+02 1.960000000000000000e+03
6.190000000000000000e+02 1.948000000000000000e+03
2.970000000000000000e+02 1.434000000000000000e+03
7.010000000000000000e+02 1.694000000000000000e+03
6.890000000000000000e+02 1.705000000000000000e+03
6.780000000000000000e+02 1.722000000000000000e+03
6.700000000000000000e+02 1.742000000000000000e+03
6.580000000000000000e+02 1.756000000000000000e+03
6.200000000000000000e+02 1.593000000000000000e+03
6.070000000000000000e+02 1.591000000000000000e+03
5.970000000000000000e+02 1.586000000000000000e+03
5.570000000000000000e+02 1.543000000000000000e+03
3.810000000000000000e+02 1.425000000000000000e+03
7.280000000000000000e+02 1.097000000000000000e+03
6.980000000000000000e+02 1.010000000000000000e+03
6.670000000000000000e+02 1.025000000000000000e+03
6.300000000000000000e+02 1.594000000000000000e+03
3.820000000000000000e+02 1.564000000000000000e+03
7.460000000000000000e+02 1.000000000000000000e+03
6.360000000000000000e+02 1.800000000000000000e+03
7.980000000000000000e+02 1.159000000000000000e+03
7.570000000000000000e+02 1.118000000000000000e+03
8.010000000000000000e+02 1.107000000000000000e+03
6.860000000000000000e+02 1.229000000000000000e+03
7.960000000000000000e+02 1.907000000000000000e+03
7.970000000000000000e+02 1.846000000000000000e+03
7.120000000000000000e+02 1.838000000000000000e+03
5.340000000000000000e+02 1.684000000000000000e+03
5.880000000000000000e+02 1.374000000000000000e+03
5.790000000000000000e+02 1.749000000000000000e+03
4.810000000000000000e+02 1.371000000000000000e+03
5.460000000000000000e+02 1.432000000000000000e+03
4.450000000000000000e+02 1.463000000000000000e+03
6.970000000000000000e+02 1.895000000000000000e+03
6.560000000000000000e+02 1.260000000000000000e+03
4.970000000000000000e+02 1.727000000000000000e+03
5.550000000000000000e+02 1.792000000000000000e+03
4.970000000000000000e+02 1.609000000000000000e+03
3.390000000000000000e+02 1.497000000000000000e+03
4.400000000000000000e+02 1.622000000000000000e+03
3.230000000000000000e+02 1.547000000000000000e+03
5.110000000000000000e+02 1.504000000000000000e+03
6.940000000000000000e+02 1.184000000000000000e+03
6.850000000000000000e+02 1.329000000000000000e+03
6.560000000000000000e+02 1.343000000000000000e+03
7.050000000000000000e+02 1.292000000000000000e+03
6.560000000000000000e+02 9.440000000000000000e+02
5.750000000000000000e+02 8.980000000000000000e+02
5.040000000000000000e+02 8.890000000000000000e+02
4.460000000000000000e+02 9.040000000000000000e+02
4.050000000000000000e+02 9.370000000000000000e+02
3.860000000000000000e+02 1.052000000000000000e+03
2.780000000000000000e+02 1.196000000000000000e+03
4.250000000000000000e+02 1.130000000000000000e+03
4.760000000000000000e+02 1.147000000000000000e+03
5.400000000000000000e+02 1.150000000000000000e+03
6.020000000000000000e+02 1.140000000000000000e+03
6.490000000000000000e+02 1.123000000000000000e+03
6.820000000000000000e+02 1.105000000000000000e+03
2.890000000000000000e+02 1.207000000000000000e+03
6.570000000000000000e+02 1.358000000000000000e+03
7.200000000000000000e+02 1.193000000000000000e+03
7.170000000000000000e+02 1.331000000000000000e+03
7.450000000000000000e+02 1.360000000000000000e+03
7.190000000000000000e+02 1.341000000000000000e+03
6.710000000000000000e+02 1.375000000000000000e+03
7.530000000000000000e+02 1.365000000000000000e+03
7.600000000000000000e+02 1.378000000000000000e+03
6.790000000000000000e+02 1.066000000000000000e+03
7.070000000000000000e+02 1.074000000000000000e+03
7.240000000000000000e+02 1.080000000000000000e+03
4.410000000000000000e+02 1.038000000000000000e+03
4.090000000000000000e+02 1.002000000000000000e+03
8.410000000000000000e+02 1.168000000000000000e+03
1.188000000000000000e+03 1.071000000000000000e+03
8.410000000000000000e+02 1.371000000000000000e+03
1.373000000000000000e+03 8.520000000000000000e+02
1.041000000000000000e+03 1.108000000000000000e+03
1.090000000000000000e+03 1.117000000000000000e+03
1.138000000000000000e+03 1.115000000000000000e+03
1.207000000000000000e+03 1.086000000000000000e+03
1.001000000000000000e+03 1.091000000000000000e+03
1.117000000000000000e+03 9.340000000000000000e+02
1.061000000000000000e+03 9.410000000000000000e+02
1.172000000000000000e+03 9.470000000000000000e+02
1.208000000000000000e+03 9.740000000000000000e+02
1.240000000000000000e+03 1.114000000000000000e+03
9.890000000000000000e+02 1.858000000000000000e+03
1.208000000000000000e+03 1.053000000000000000e+03
1.389000000000000000e+03 1.091000000000000000e+03
1.299000000000000000e+03 1.071000000000000000e+03
1.063000000000000000e+03 1.310000000000000000e+03
8.820000000000000000e+02 1.528000000000000000e+03
8.730000000000000000e+02 1.562000000000000000e+03
9.480000000000000000e+02 1.547000000000000000e+03
9.920000000000000000e+02 1.571000000000000000e+03
9.260000000000000000e+02 1.570000000000000000e+03
9.670000000000000000e+02 1.584000000000000000e+03
1.041000000000000000e+03 1.668000000000000000e+03
8.320000000000000000e+02 1.340000000000000000e+03
8.390000000000000000e+02 1.286000000000000000e+03
1.275000000000000000e+03 9.090000000000000000e+02
9.600000000000000000e+02 1.174000000000000000e+03
9.610000000000000000e+02 1.329000000000000000e+03
9.670000000000000000e+02 1.302000000000000000e+03
1.217000000000000000e+03 1.310000000000000000e+03
8.400000000000000000e+02 1.221000000000000000e+03
1.154000000000000000e+03 8.310000000000000000e+02
1.225000000000000000e+03 8.590000000000000000e+02
1.325000000000000000e+03 7.490000000000000000e+02
9.300000000000000000e+02 8.800000000000000000e+02
1.013000000000000000e+03 9.670000000000000000e+02
1.079000000000000000e+03 1.606000000000000000e+03
1.330000000000000000e+03 1.612000000000000000e+03
9.210000000000000000e+02 1.360000000000000000e+03
8.790000000000000000e+02 1.376000000000000000e+03
1.040000000000000000e+03 1.630000000000000000e+03
1.026000000000000000e+03 1.629000000000000000e+03
1.255000000000000000e+03 8.220000000000000000e+02
9.650000000000000000e+02 1.355000000000000000e+03
1.059000000000000000e+03 8.330000000000000000e+02
1.066000000000000000e+03 7.850000000000000000e+02
1.115000000000000000e+03 6.120000000000000000e+02
1.287000000000000000e+03 7.910000000000000000e+02
1.082000000000000000e+03 7.080000000000000000e+02
1.308000000000000000e+03 8.850000000000000000e+02
1.338000000000000000e+03 8.760000000000000000e+02
8.790000000000000000e+02 1.547000000000000000e+03
9.370000000000000000e+02 1.560000000000000000e+03
9.800000000000000000e+02 1.578000000000000000e+03
9.090000000000000000e+02 1.370000000000000000e+03
1.033000000000000000e+03 1.629000000000000000e+03
1.014000000000000000e+03 1.665000000000000000e+03
1.019000000000000000e+03 1.628000000000000000e+03
8.930000000000000000e+02 1.340000000000000000e+03
9.550000000000000000e+02 1.586000000000000000e+03
9.150000000000000000e+02 1.575000000000000000e+03
8.670000000000000000e+02 1.569000000000000000e+03
8.730000000000000000e+02 1.791000000000000000e+03
8.900000000000000000e+02 1.772000000000000000e+03
8.870000000000000000e+02 1.751000000000000000e+03
8.820000000000000000e+02 1.730000000000000000e+03
8.750000000000000000e+02 1.714000000000000000e+03
9.610000000000000000e+02 1.681000000000000000e+03
9.730000000000000000e+02 1.687000000000000000e+03
9.870000000000000000e+02 1.696000000000000000e+03
9.980000000000000000e+02 1.708000000000000000e+03
1.021000000000000000e+03 1.503000000000000000e+03
1.388000000000000000e+03 1.342000000000000000e+03
9.880000000000000000e+02 1.660000000000000000e+03
1.001000000000000000e+03 1.662000000000000000e+03
8.640000000000000000e+02 1.397000000000000000e+03
9.480000000000000000e+02 1.387000000000000000e+03
8.710000000000000000e+02 1.387000000000000000e+03
1.015000000000000000e+03 1.206000000000000000e+03
1.099000000000000000e+03 1.243000000000000000e+03
9.770000000000000000e+02 1.328000000000000000e+03
1.243000000000000000e+03 6.660000000000000000e+02
1.207000000000000000e+03 7.320000000000000000e+02
1.173000000000000000e+03 7.870000000000000000e+02
1.001000000000000000e+03 1.716000000000000000e+03
9.440000000000000000e+02 8.020000000000000000e+02
9.550000000000000000e+02 7.050000000000000000e+02
9.780000000000000000e+02 5.870000000000000000e+02
1.181000000000000000e+03 1.106000000000000000e+03
1.288000000000000000e+03 1.150000000000000000e+03
9.750000000000000000e+02 1.075000000000000000e+03
1.255000000000000000e+03 1.000000000000000000e+03
9.230000000000000000e+02 1.138000000000000000e+03
9.260000000000000000e+02 1.307000000000000000e+03
1.342000000000000000e+03 1.187000000000000000e+03
1.250000000000000000e+03 1.184000000000000000e+03
1.182000000000000000e+03 1.200000000000000000e+03
1.089000000000000000e+03 1.191000000000000000e+03
1.021000000000000000e+03 1.169000000000000000e+03
9.700000000000000000e+02 1.142000000000000000e+03
8.540000000000000000e+02 1.065000000000000000e+03
1.334000000000000000e+03 1.300000000000000000e+03
1.291000000000000000e+03 9.870000000000000000e+02
8.170000000000000000e+02 1.369000000000000000e+03
9.550000000000000000e+02 1.224000000000000000e+03
1.405000000000000000e+03 1.093000000000000000e+03
9.310000000000000000e+02 1.112000000000000000e+03
9.840000000000000000e+02 1.333000000000000000e+03
1.229000000000000000e+03 1.052000000000000000e+03
9.310000000000000000e+02 1.274000000000000000e+03
1.369000000000000000e+03 1.474000000000000000e+03
9.790000000000000000e+02 1.057000000000000000e+03
8.860000000000000000e+02 1.242000000000000000e+03
1.210000000000000000e+03 1.732000000000000000e+03
1.209000000000000000e+03 1.797000000000000000e+03
1.383000000000000000e+03 1.324000000000000000e+03
1.277000000000000000e+03 1.660000000000000000e+03
1.365000000000000000e+03 9.770000000000000000e+02
9.970000000000000000e+02 1.912000000000000000e+03
8.130000000000000000e+02 1.382000000000000000e+03
1.002000000000000000e+03 1.265000000000000000e+03
1.343000000000000000e+03 1.083000000000000000e+03
1.136000000000000000e+03 1.090000000000000000e+03
1.093000000000000000e+03 1.091000000000000000e+03
1.025000000000000000e+03 1.670000000000000000e+03
1.324000000000000000e+03 1.412000000000000000e+03
9.040000000000000000e+02 1.986000000000000000e+03
1.061000000000000000e+03 1.912000000000000000e+03
1.130000000000000000e+03 1.865000000000000000e+03
1.052000000000000000e+03 1.083000000000000000e+03
1.015000000000000000e+03 1.071000000000000000e+03
9.910000000000000000e+02 1.063000000000000000e+03
1.330000000000000000e+03 9.740000000000000000e+02
1.027000000000000000e+03 1.021000000000000000e+03
1.069000000000000000e+03 1.006000000000000000e+03
1.110000000000000000e+03 1.004000000000000000e+03
1.152000000000000000e+03 1.013000000000000000e+03
1.179000000000000000e+03 1.028000000000000000e+03
1.397000000000000000e+03 9.610000000000000000e+02
1.166000000000000000e+03 1.082000000000000000e+03
9.700000000000000000e+02 1.467000000000000000e+03
9.200000000000000000e+02 1.350000000000000000e+03
8.710000000000000000e+02 1.445000000000000000e+03
1.139000000000000000e+03 1.802000000000000000e+03
1.071000000000000000e+03 1.856000000000000000e+03
9.050000000000000000e+02 1.951000000000000000e+03
1.273000000000000000e+03 1.720000000000000000e+03
9.950000000000000000e+02 1.043000000000000000e+03
8.840000000000000000e+02 1.148000000000000000e+03
9.890000000000000000e+02 1.956000000000000000e+03
1.365000000000000000e+03 1.447000000000000000e+03
9.230000000000000000e+02 1.700000000000000000e+03
9.340000000000000000e+02 1.711000000000000000e+03
9.450000000000000000e+02 1.727000000000000000e+03
9.520000000000000000e+02 1.746000000000000000e+03
9.460000000000000000e+02 1.760000000000000000e+03
1.001000000000000000e+03 1.603000000000000000e+03
1.013000000000000000e+03 1.601000000000000000e+03
1.024000000000000000e+03 1.597000000000000000e+03
1.059000000000000000e+03 1.549000000000000000e+03
1.255000000000000000e+03 1.435000000000000000e+03
8.880000000000000000e+02 1.098000000000000000e+03
9.360000000000000000e+02 1.000000000000000000e+03
9.700000000000000000e+02 1.015000000000000000e+03
9.890000000000000000e+02 1.603000000000000000e+03
1.257000000000000000e+03 1.574000000000000000e+03
8.810000000000000000e+02 9.900000000000000000e+02
9.700000000000000000e+02 1.805000000000000000e+03
8.470000000000000000e+02 1.119000000000000000e+03
9.200000000000000000e+02 1.231000000000000000e+03
8.860000000000000000e+02 1.841000000000000000e+03
1.085000000000000000e+03 1.691000000000000000e+03
1.025000000000000000e+03 1.379000000000000000e+03
1.033000000000000000e+03 1.755000000000000000e+03
1.143000000000000000e+03 1.379000000000000000e+03
1.072000000000000000e+03 1.438000000000000000e+03
1.183000000000000000e+03 1.471000000000000000e+03
8.990000000000000000e+02 1.900000000000000000e+03
9.540000000000000000e+02 1.262000000000000000e+03
1.125000000000000000e+03 1.737000000000000000e+03
1.059000000000000000e+03 1.800000000000000000e+03
1.126000000000000000e+03 1.617000000000000000e+03
1.309000000000000000e+03 1.509000000000000000e+03
1.190000000000000000e+03 1.632000000000000000e+03
1.334000000000000000e+03 1.560000000000000000e+03
1.111000000000000000e+03 1.511000000000000000e+03
9.180000000000000000e+02 1.185000000000000000e+03
9.080000000000000000e+02 1.331000000000000000e+03
9.430000000000000000e+02 1.347000000000000000e+03
8.840000000000000000e+02 1.294000000000000000e+03
9.770000000000000000e+02 9.410000000000000000e+02
1.058000000000000000e+03 9.020000000000000000e+02
1.130000000000000000e+03 8.960000000000000000e+02
1.190000000000000000e+03 9.130000000000000000e+02
1.234000000000000000e+03 9.470000000000000000e+02
1.258000000000000000e+03 1.061000000000000000e+03
1.391000000000000000e+03 1.207000000000000000e+03
1.211000000000000000e+03 1.137000000000000000e+03
1.157000000000000000e+03 1.150000000000000000e+03
1.091000000000000000e+03 1.150000000000000000e+03
1.031000000000000000e+03 1.136000000000000000e+03
9.840000000000000000e+02 1.115000000000000000e+03
9.510000000000000000e+02 1.094000000000000000e+03
1.398000000000000000e+03 1.217000000000000000e+03
9.440000000000000000e+02 1.362000000000000000e+03
8.820000000000000000e+02 1.194000000000000000e+03
8.690000000000000000e+02 1.333000000000000000e+03
8.430000000000000000e+02 1.361000000000000000e+03
8.710000000000000000e+02 1.343000000000000000e+03
9.310000000000000000e+02 1.379000000000000000e+03
8.330000000000000000e+02 1.366000000000000000e+03
8.290000000000000000e+02 1.379000000000000000e+03
9.580000000000000000e+02 1.055000000000000000e+03
9.250000000000000000e+02 1.061000000000000000e+03
9.020000000000000000e+02 1.067000000000000000e+03
1.195000000000000000e+03 1.041000000000000000e+03
1.230000000000000000e+03 1.008000000000000000e+03
5.320000000000000000e+02 1.050000000000000000e+03
5.820000000000000000e+02 1.048000000000000000e+03
5.320000000000000000e+02 1.001000000000000000e+03
4.820000000000000000e+02 1.050000000000000000e+03
5.310000000000000000e+02 1.097000000000000000e+03
1.113000000000000000e+03 1.047000000000000000e+03
1.166000000000000000e+03 1.047000000000000000e+03
1.112000000000000000e+03 9.980000000000000000e+02
1.059000000000000000e+03 1.046000000000000000e+03
1.114000000000000000e+03 1.095000000000000000e+03
0.000000000000000000e+00 0.000000000000000000e+00
1.749000000000000000e+03 0.000000000000000000e+00
1.749000000000000000e+03 2.187000000000000000e+03
0.000000000000000000e+00 2.187000000000000000e+03
8.700000000000000000e+01 0.000000000000000000e+00
8.700000000000000000e+01 2.187000000000000000e+03
0.000000000000000000e+00 1.090000000000000000e+02
1.749000000000000000e+03 1.090000000000000000e+02
1.750000000000000000e+02 0.000000000000000000e+00
1.750000000000000000e+02 2.187000000000000000e+03
0.000000000000000000e+00 2.180000000000000000e+02
1.749000000000000000e+03 2.180000000000000000e+02
2.620000000000000000e+02 0.000000000000000000e+00
2.620000000000000000e+02 2.187000000000000000e+03
0.000000000000000000e+00 3.280000000000000000e+02
1.749000000000000000e+03 3.280000000000000000e+02
3.500000000000000000e+02 0.000000000000000000e+00
3.500000000000000000e+02 2.187000000000000000e+03
0.000000000000000000e+00 4.370000000000000000e+02
1.749000000000000000e+03 4.370000000000000000e+02
4.370000000000000000e+02 0.000000000000000000e+00
4.370000000000000000e+02 2.187000000000000000e+03
0.000000000000000000e+00 5.470000000000000000e+02
1.749000000000000000e+03 5.470000000000000000e+02
5.250000000000000000e+02 0.000000000000000000e+00
5.250000000000000000e+02 2.187000000000000000e+03
0.000000000000000000e+00 6.560000000000000000e+02
1.749000000000000000e+03 6.560000000000000000e+02
6.120000000000000000e+02 0.000000000000000000e+00
6.120000000000000000e+02 2.187000000000000000e+03
0.000000000000000000e+00 7.650000000000000000e+02
1.749000000000000000e+03 7.650000000000000000e+02
7.000000000000000000e+02 0.000000000000000000e+00
7.000000000000000000e+02 2.187000000000000000e+03
0.000000000000000000e+00 8.750000000000000000e+02
1.749000000000000000e+03 8.750000000000000000e+02
7.870000000000000000e+02 0.000000000000000000e+00
7.870000000000000000e+02 2.187000000000000000e+03
0.000000000000000000e+00 9.840000000000000000e+02
1.749000000000000000e+03 9.840000000000000000e+02
8.750000000000000000e+02 0.000000000000000000e+00
8.750000000000000000e+02 2.187000000000000000e+03
0.000000000000000000e+00 1.094000000000000000e+03
1.749000000000000000e+03 1.094000000000000000e+03
9.620000000000000000e+02 0.000000000000000000e+00
9.620000000000000000e+02 2.187000000000000000e+03
0.000000000000000000e+00 1.203000000000000000e+03
1.749000000000000000e+03 1.203000000000000000e+03
1.050000000000000000e+03 0.000000000000000000e+00
1.050000000000000000e+03 2.187000000000000000e+03
0.000000000000000000e+00 1.312000000000000000e+03
1.749000000000000000e+03 1.312000000000000000e+03
1.137000000000000000e+03 0.000000000000000000e+00
1.137000000000000000e+03 2.187000000000000000e+03
0.000000000000000000e+00 1.422000000000000000e+03
1.749000000000000000e+03 1.422000000000000000e+03
1.225000000000000000e+03 0.000000000000000000e+00
1.225000000000000000e+03 2.187000000000000000e+03
0.000000000000000000e+00 1.531000000000000000e+03
1.749000000000000000e+03 1.531000000000000000e+03
1.312000000000000000e+03 0.000000000000000000e+00
1.312000000000000000e+03 2.187000000000000000e+03
0.000000000000000000e+00 1.641000000000000000e+03
1.749000000000000000e+03 1.641000000000000000e+03
1.400000000000000000e+03 0.000000000000000000e+00
1.400000000000000000e+03 2.187000000000000000e+03
0.000000000000000000e+00 1.750000000000000000e+03
1.749000000000000000e+03 1.750000000000000000e+03
1.487000000000000000e+03 0.000000000000000000e+00
1.487000000000000000e+03 2.187000000000000000e+03
0.000000000000000000e+00 1.859000000000000000e+03
1.749000000000000000e+03 1.859000000000000000e+03
1.575000000000000000e+03 0.000000000000000000e+00
1.575000000000000000e+03 2.187000000000000000e+03
0.000000000000000000e+00 1.969000000000000000e+03
1.749000000000000000e+03 1.969000000000000000e+03
1.662000000000000000e+03 0.000000000000000000e+00
1.662000000000000000e+03 2.187000000000000000e+03
0.000000000000000000e+00 2.078000000000000000e+03
1.749000000000000000e+03 2.078000000000000000e+03
