8.660000000000000000e+02 1.639000000000000000e+03
8.730000000000000000e+02 1.502000000000000000e+03
8.710000000000000000e+02 1.531000000000000000e+03
8.330000000000000000e+02 1.307000000000000000e+03
8.740000000000000000e+02 1.449000000000000000e+03
8.750000000000000000e+02 1.370000000000000000e+03
8.760000000000000000e+02 1.171000000000000000e+03
5.300000000000000000e+02 1.116000000000000000e+03
8.780000000000000000e+02 1.035000000000000000e+03
8.790000000000000000e+02 9.650000000000000000e+02
8.830000000000000000e+02 7.000000000000000000e+02
8.660000000000000000e+02 1.653000000000000000e+03
8.650000000000000000e+02 1.666000000000000000e+03
8.640000000000000000e+02 1.674000000000000000e+03
8.640000000000000000e+02 1.674000000000000000e+03
8.650000000000000000e+02 1.690000000000000000e+03
8.650000000000000000e+02 1.709000000000000000e+03
8.650000000000000000e+02 1.729000000000000000e+03
8.600000000000000000e+02 1.792000000000000000e+03
8.730000000000000000e+02 1.523000000000000000e+03
8.170000000000000000e+02 1.511000000000000000e+03
3.380000000000000000e+02 8.990000000000000000e+02
6.690000000000000000e+02 1.162000000000000000e+03
6.210000000000000000e+02 1.166000000000000000e+03
5.740000000000000000e+02 1.164000000000000000e+03
5.110000000000000000e+02 1.133000000000000000e+03
7.090000000000000000e+02 1.152000000000000000e+03
5.950000000000000000e+02 1.028000000000000000e+03
6.500000000000000000e+02 1.035000000000000000e+03
5.440000000000000000e+02 1.035000000000000000e+03
5.110000000000000000e+02 1.052000000000000000e+03
4.720000000000000000e+02 1.166000000000000000e+03
6.810000000000000000e+02 1.871000000000000000e+03
5.120000000000000000e+02 1.101000000000000000e+03
3.230000000000000000e+02 1.123000000000000000e+03
4.150000000000000000e+02 1.130000000000000000e+03
6.240000000000000000e+02 1.395000000000000000e+03
8.010000000000000000e+02 1.627000000000000000e+03
8.060000000000000000e+02 1.661000000000000000e+03
7.410000000000000000e+02 1.633000000000000000e+03
7.000000000000000000e+02 1.638000000000000000e+03
7.560000000000000000e+02 1.656000000000000000e+03
7.170000000000000000e+02 1.653000000000000000e+03
6.320000000000000000e+02 1.686000000000000000e+03
8.300000000000000000e+02 1.499000000000000000e+03
8.250000000000000000e+02 1.447000000000000000e+03
4.430000000000000000e+02 1.016000000000000000e+03
7.290000000000000000e+02 1.268000000000000000e+03
7.070000000000000000e+02 1.451000000000000000e+03
7.070000000000000000e+02 1.418000000000000000e+03
4.810000000000000000e+02 1.372000000000000000e+03
8.290000000000000000e+02 1.374000000000000000e+03
5.610000000000000000e+02 9.710000000000000000e+02
4.910000000000000000e+02 9.840000000000000000e+02
3.830000000000000000e+02 8.190000000000000000e+02
7.790000000000000000e+02 1.025000000000000000e+03
6.980000000000000000e+02 1.056000000000000000e+03
5.920000000000000000e+02 1.642000000000000000e+03
3.750000000000000000e+02 1.586000000000000000e+03
7.410000000000000000e+02 1.482000000000000000e+03
7.810000000000000000e+02 1.501000000000000000e+03
6.430000000000000000e+02 1.647000000000000000e+03
6.550000000000000000e+02 1.649000000000000000e+03
4.640000000000000000e+02 9.520000000000000000e+02
7.030000000000000000e+02 1.465000000000000000e+03
6.560000000000000000e+02 9.810000000000000000e+02
6.480000000000000000e+02 9.410000000000000000e+02
5.860000000000000000e+02 7.190000000000000000e+02
4.190000000000000000e+02 8.840000000000000000e+02
6.150000000000000000e+02 8.280000000000000000e+02
4.140000000000000000e+02 9.920000000000000000e+02
3.720000000000000000e+02 9.480000000000000000e+02
8.030000000000000000e+02 1.646000000000000000e+03
7.480000000000000000e+02 1.645000000000000000e+03
7.080000000000000000e+02 1.646000000000000000e+03
7.510000000000000000e+02 1.490000000000000000e+03
6.490000000000000000e+02 1.648000000000000000e+03
6.760000000000000000e+02 1.662000000000000000e+03
6.610000000000000000e+02 1.650000000000000000e+03
7.710000000000000000e+02 1.482000000000000000e+03
7.240000000000000000e+02 1.659000000000000000e+03
7.630000000000000000e+02 1.664000000000000000e+03
8.110000000000000000e+02 1.670000000000000000e+03
7.950000000000000000e+02 1.788000000000000000e+03
8.030000000000000000e+02 1.723000000000000000e+03
8.050000000000000000e+02 1.703000000000000000e+03
8.070000000000000000e+02 1.685000000000000000e+03
8.110000000000000000e+02 1.670000000000000000e+03
7.240000000000000000e+02 1.660000000000000000e+03
7.160000000000000000e+02 1.666000000000000000e+03
7.080000000000000000e+02 1.676000000000000000e+03
7.010000000000000000e+02 1.687000000000000000e+03
6.510000000000000000e+02 1.582000000000000000e+03
3.280000000000000000e+02 1.327000000000000000e+03
8.720000000000000000e+02 1.528000000000000000e+03
6.930000000000000000e+02 1.655000000000000000e+03
6.850000000000000000e+02 1.658000000000000000e+03
8.000000000000000000e+02 1.521000000000000000e+03
7.180000000000000000e+02 1.490000000000000000e+03
7.910000000000000000e+02 1.511000000000000000e+03
6.790000000000000000e+02 1.293000000000000000e+03
5.980000000000000000e+02 1.323000000000000000e+03
6.970000000000000000e+02 1.434000000000000000e+03
4.610000000000000000e+02 7.560000000000000000e+02
4.950000000000000000e+02 8.420000000000000000e+02
5.440000000000000000e+02 9.320000000000000000e+02
6.760000000000000000e+02 1.726000000000000000e+03
7.640000000000000000e+02 9.600000000000000000e+02
7.390000000000000000e+02 8.300000000000000000e+02
7.220000000000000000e+02 7.020000000000000000e+02
5.330000000000000000e+02 1.154000000000000000e+03
4.230000000000000000e+02 1.199000000000000000e+03
7.350000000000000000e+02 1.142000000000000000e+03
4.630000000000000000e+02 1.073000000000000000e+03
7.630000000000000000e+02 1.239000000000000000e+03
7.410000000000000000e+02 1.445000000000000000e+03
3.670000000000000000e+02 1.232000000000000000e+03
4.570000000000000000e+02 1.237000000000000000e+03
5.200000000000000000e+02 1.259000000000000000e+03
6.110000000000000000e+02 1.254000000000000000e+03
6.780000000000000000e+02 1.235000000000000000e+03
7.280000000000000000e+02 1.214000000000000000e+03
8.290000000000000000e+02 1.181000000000000000e+03
3.740000000000000000e+02 1.339000000000000000e+03
4.250000000000000000e+02 1.067000000000000000e+03
8.450000000000000000e+02 1.520000000000000000e+03
7.290000000000000000e+02 1.325000000000000000e+03
3.100000000000000000e+02 1.099000000000000000e+03
7.660000000000000000e+02 1.190000000000000000e+03
6.930000000000000000e+02 1.429000000000000000e+03
4.920000000000000000e+02 1.104000000000000000e+03
7.410000000000000000e+02 1.404000000000000000e+03
3.440000000000000000e+02 1.454000000000000000e+03
7.310000000000000000e+02 1.125000000000000000e+03
7.840000000000000000e+02 1.385000000000000000e+03
4.690000000000000000e+02 1.734000000000000000e+03
4.740000000000000000e+02 1.785000000000000000e+03
3.320000000000000000e+02 1.339000000000000000e+03
4.130000000000000000e+02 1.658000000000000000e+03
3.460000000000000000e+02 1.026000000000000000e+03
6.670000000000000000e+02 1.927000000000000000e+03
8.490000000000000000e+02 1.525000000000000000e+03
6.840000000000000000e+02 1.357000000000000000e+03
3.740000000000000000e+02 1.136000000000000000e+03
5.780000000000000000e+02 1.134000000000000000e+03
6.200000000000000000e+02 1.137000000000000000e+03
6.680000000000000000e+02 1.666000000000000000e+03
3.800000000000000000e+02 1.441000000000000000e+03
7.550000000000000000e+02 2.000000000000000000e+03
6.090000000000000000e+02 1.920000000000000000e+03
5.460000000000000000e+02 1.864000000000000000e+03
8.810000000000000000e+02 8.330000000000000000e+02
8.570000000000000000e+02 2.010000000000000000e+03
6.600000000000000000e+02 1.134000000000000000e+03
6.970000000000000000e+02 1.128000000000000000e+03
7.210000000000000000e+02 1.126000000000000000e+03
3.890000000000000000e+02 1.055000000000000000e+03
6.860000000000000000e+02 1.090000000000000000e+03
6.440000000000000000e+02 1.075000000000000000e+03
6.030000000000000000e+02 1.071000000000000000e+03
5.620000000000000000e+02 1.076000000000000000e+03
5.370000000000000000e+02 1.086000000000000000e+03
3.150000000000000000e+02 9.870000000000000000e+02
5.500000000000000000e+02 1.126000000000000000e+03
8.690000000000000000e+02 1.566000000000000000e+03
7.010000000000000000e+02 1.564000000000000000e+03
7.430000000000000000e+02 1.479000000000000000e+03
7.960000000000000000e+02 1.564000000000000000e+03
8.770000000000000000e+02 1.099000000000000000e+03
5.340000000000000000e+02 1.808000000000000000e+03
5.980000000000000000e+02 1.869000000000000000e+03
7.540000000000000000e+02 1.965000000000000000e+03
4.210000000000000000e+02 1.698000000000000000e+03
7.170000000000000000e+02 1.111000000000000000e+03
7.950000000000000000e+02 1.269000000000000000e+03
8.580000000000000000e+02 1.975000000000000000e+03
6.760000000000000000e+02 1.968000000000000000e+03
3.470000000000000000e+02 1.452000000000000000e+03
7.640000000000000000e+02 1.664000000000000000e+03
7.570000000000000000e+02 1.676000000000000000e+03
7.510000000000000000e+02 1.691000000000000000e+03
7.480000000000000000e+02 1.709000000000000000e+03
7.290000000000000000e+02 1.763000000000000000e+03
6.840000000000000000e+02 1.651000000000000000e+03
6.750000000000000000e+02 1.647000000000000000e+03
6.680000000000000000e+02 1.643000000000000000e+03
6.110000000000000000e+02 1.608000000000000000e+03
4.380000000000000000e+02 1.477000000000000000e+03
7.970000000000000000e+02 1.207000000000000000e+03
7.730000000000000000e+02 1.093000000000000000e+03
7.400000000000000000e+02 1.095000000000000000e+03
6.940000000000000000e+02 1.655000000000000000e+03
4.290000000000000000e+02 1.593000000000000000e+03
8.180000000000000000e+02 1.097000000000000000e+03
7.040000000000000000e+02 1.814000000000000000e+03
8.760000000000000000e+02 1.302000000000000000e+03
8.300000000000000000e+02 1.247000000000000000e+03
8.760000000000000000e+02 1.238000000000000000e+03
7.580000000000000000e+02 1.350000000000000000e+03
8.580000000000000000e+02 1.919000000000000000e+03
8.590000000000000000e+02 1.851000000000000000e+03
7.810000000000000000e+02 1.845000000000000000e+03
5.890000000000000000e+02 1.711000000000000000e+03
6.520000000000000000e+02 1.465000000000000000e+03
6.420000000000000000e+02 1.768000000000000000e+03
5.420000000000000000e+02 1.449000000000000000e+03
6.050000000000000000e+02 1.512000000000000000e+03
4.960000000000000000e+02 1.524000000000000000e+03
7.640000000000000000e+02 1.911000000000000000e+03
7.270000000000000000e+02 1.371000000000000000e+03
5.490000000000000000e+02 1.752000000000000000e+03
6.140000000000000000e+02 1.815000000000000000e+03
5.460000000000000000e+02 1.649000000000000000e+03
3.890000000000000000e+02 1.527000000000000000e+03
4.860000000000000000e+02 1.654000000000000000e+03
3.700000000000000000e+02 1.557000000000000000e+03
5.620000000000000000e+02 1.567000000000000000e+03
7.630000000000000000e+02 1.296000000000000000e+03
7.560000000000000000e+02 1.473000000000000000e+03
7.210000000000000000e+02 1.472000000000000000e+03
7.800000000000000000e+02 1.446000000000000000e+03
7.350000000000000000e+02 1.051000000000000000e+03
6.540000000000000000e+02 1.017000000000000000e+03
5.830000000000000000e+02 1.008000000000000000e+03
5.230000000000000000e+02 1.016000000000000000e+03
4.830000000000000000e+02 1.037000000000000000e+03
4.590000000000000000e+02 1.116000000000000000e+03
3.220000000000000000e+02 1.230000000000000000e+03
5.000000000000000000e+02 1.188000000000000000e+03
5.500000000000000000e+02 1.206000000000000000e+03
6.140000000000000000e+02 1.206000000000000000e+03
6.750000000000000000e+02 1.195000000000000000e+03
7.210000000000000000e+02 1.181000000000000000e+03
7.540000000000000000e+02 1.167000000000000000e+03
3.180000000000000000e+02 1.211000000000000000e+03
7.200000000000000000e+02 1.479000000000000000e+03
7.940000000000000000e+02 1.325000000000000000e+03
7.920000000000000000e+02 1.486000000000000000e+03
8.160000000000000000e+02 1.508000000000000000e+03
7.910000000000000000e+02 1.490000000000000000e+03
7.330000000000000000e+02 1.490000000000000000e+03
8.280000000000000000e+02 1.515000000000000000e+03
8.310000000000000000e+02 1.520000000000000000e+03
7.500000000000000000e+02 1.128000000000000000e+03
7.790000000000000000e+02 1.142000000000000000e+03
7.960000000000000000e+02 1.153000000000000000e+03
5.230000000000000000e+02 1.095000000000000000e+03
4.900000000000000000e+02 1.074000000000000000e+03
9.170000000000000000e+02 1.307000000000000000e+03
1.227000000000000000e+03 1.115000000000000000e+03
9.270000000000000000e+02 1.511000000000000000e+03
1.411000000000000000e+03 8.980000000000000000e+02
1.088000000000000000e+03 1.158000000000000000e+03
1.135000000000000000e+03 1.163000000000000000e+03
1.182000000000000000e+03 1.163000000000000000e+03
1.247000000000000000e+03 1.131000000000000000e+03
1.047000000000000000e+03 1.147000000000000000e+03
1.155000000000000000e+03 1.025000000000000000e+03
1.101000000000000000e+03 1.032000000000000000e+03
1.206000000000000000e+03 1.031000000000000000e+03
1.240000000000000000e+03 1.049000000000000000e+03
1.285000000000000000e+03 1.162000000000000000e+03
1.038000000000000000e+03 1.870000000000000000e+03
1.246000000000000000e+03 1.099000000000000000e+03
1.421000000000000000e+03 1.123000000000000000e+03
1.338000000000000000e+03 1.125000000000000000e+03
1.117000000000000000e+03 1.396000000000000000e+03
9.300000000000000000e+02 1.630000000000000000e+03
9.240000000000000000e+02 1.664000000000000000e+03
9.900000000000000000e+02 1.638000000000000000e+03
1.028000000000000000e+03 1.646000000000000000e+03
9.730000000000000000e+02 1.662000000000000000e+03
1.011000000000000000e+03 1.661000000000000000e+03
1.090000000000000000e+03 1.687000000000000000e+03
9.170000000000000000e+02 1.499000000000000000e+03
9.230000000000000000e+02 1.447000000000000000e+03
1.298000000000000000e+03 1.012000000000000000e+03
1.017000000000000000e+03 1.267000000000000000e+03
1.038000000000000000e+03 1.450000000000000000e+03
1.038000000000000000e+03 1.417000000000000000e+03
1.259000000000000000e+03 1.373000000000000000e+03
9.210000000000000000e+02 1.373000000000000000e+03
1.180000000000000000e+03 9.700000000000000000e+02
1.249000000000000000e+03 9.810000000000000000e+02
1.370000000000000000e+03 8.180000000000000000e+02
9.700000000000000000e+02 1.020000000000000000e+03
1.054000000000000000e+03 1.052000000000000000e+03
1.133000000000000000e+03 1.642000000000000000e+03
1.356000000000000000e+03 1.585000000000000000e+03
1.003000000000000000e+03 1.482000000000000000e+03
9.620000000000000000e+02 1.501000000000000000e+03
1.079000000000000000e+03 1.659000000000000000e+03
1.067000000000000000e+03 1.660000000000000000e+03
1.271000000000000000e+03 9.500000000000000000e+02
1.040000000000000000e+03 1.465000000000000000e+03
1.089000000000000000e+03 9.790000000000000000e+02
1.094000000000000000e+03 9.400000000000000000e+02
1.177000000000000000e+03 7.190000000000000000e+02
1.337000000000000000e+03 8.820000000000000000e+02
1.147000000000000000e+03 8.260000000000000000e+02
1.323000000000000000e+03 9.880000000000000000e+02
1.380000000000000000e+03 9.460000000000000000e+02
9.280000000000000000e+02 1.649000000000000000e+03
9.820000000000000000e+02 1.651000000000000000e+03
1.020000000000000000e+03 1.654000000000000000e+03
9.920000000000000000e+02 1.489000000000000000e+03
1.073000000000000000e+03 1.660000000000000000e+03
1.048000000000000000e+03 1.671000000000000000e+03
1.061000000000000000e+03 1.661000000000000000e+03
9.750000000000000000e+02 1.481000000000000000e+03
1.002000000000000000e+03 1.666000000000000000e+03
9.640000000000000000e+02 1.669000000000000000e+03
9.180000000000000000e+02 1.672000000000000000e+03
9.240000000000000000e+02 1.788000000000000000e+03
9.260000000000000000e+02 1.726000000000000000e+03
9.250000000000000000e+02 1.706000000000000000e+03
9.220000000000000000e+02 1.687000000000000000e+03
9.180000000000000000e+02 1.672000000000000000e+03
1.002000000000000000e+03 1.666000000000000000e+03
1.011000000000000000e+03 1.673000000000000000e+03
1.019000000000000000e+03 1.682000000000000000e+03
1.026000000000000000e+03 1.694000000000000000e+03
1.081000000000000000e+03 1.583000000000000000e+03
1.410000000000000000e+03 1.329000000000000000e+03
1.030000000000000000e+03 1.663000000000000000e+03
1.039000000000000000e+03 1.667000000000000000e+03
9.420000000000000000e+02 1.522000000000000000e+03
1.024000000000000000e+03 1.491000000000000000e+03
9.520000000000000000e+02 1.512000000000000000e+03
1.065000000000000000e+03 1.293000000000000000e+03
1.144000000000000000e+03 1.323000000000000000e+03
1.046000000000000000e+03 1.434000000000000000e+03
1.298000000000000000e+03 7.550000000000000000e+02
1.264000000000000000e+03 8.390000000000000000e+02
1.193000000000000000e+03 9.310000000000000000e+02
1.045000000000000000e+03 1.727000000000000000e+03
9.800000000000000000e+02 9.580000000000000000e+02
1.023000000000000000e+03 8.290000000000000000e+02
1.044000000000000000e+03 7.020000000000000000e+02
1.223000000000000000e+03 1.152000000000000000e+03
1.341000000000000000e+03 1.196000000000000000e+03
1.021000000000000000e+03 1.137000000000000000e+03
1.286000000000000000e+03 1.069000000000000000e+03
9.850000000000000000e+02 1.238000000000000000e+03
1.005000000000000000e+03 1.445000000000000000e+03
1.376000000000000000e+03 1.232000000000000000e+03
1.307000000000000000e+03 1.234000000000000000e+03
1.245000000000000000e+03 1.258000000000000000e+03
1.151000000000000000e+03 1.252000000000000000e+03
1.084000000000000000e+03 1.231000000000000000e+03
1.033000000000000000e+03 1.211000000000000000e+03
9.230000000000000000e+02 1.181000000000000000e+03
1.366000000000000000e+03 1.339000000000000000e+03
1.321000000000000000e+03 1.062000000000000000e+03
9.000000000000000000e+02 1.520000000000000000e+03
1.016000000000000000e+03 1.325000000000000000e+03
1.433000000000000000e+03 1.099000000000000000e+03
9.940000000000000000e+02 1.189000000000000000e+03
1.049000000000000000e+03 1.429000000000000000e+03
1.264000000000000000e+03 1.100000000000000000e+03
1.005000000000000000e+03 1.403000000000000000e+03
1.391000000000000000e+03 1.454000000000000000e+03
1.021000000000000000e+03 1.120000000000000000e+03
9.640000000000000000e+02 1.384000000000000000e+03
1.255000000000000000e+03 1.731000000000000000e+03
1.248000000000000000e+03 1.780000000000000000e+03
1.408000000000000000e+03 1.339000000000000000e+03
1.315000000000000000e+03 1.656000000000000000e+03
1.403000000000000000e+03 1.026000000000000000e+03
1.050000000000000000e+03 1.924000000000000000e+03
8.950000000000000000e+02 1.525000000000000000e+03
1.059000000000000000e+03 1.357000000000000000e+03
1.379000000000000000e+03 1.132000000000000000e+03
1.176000000000000000e+03 1.134000000000000000e+03
1.134000000000000000e+03 1.136000000000000000e+03
1.056000000000000000e+03 1.676000000000000000e+03
1.357000000000000000e+03 1.441000000000000000e+03
9.600000000000000000e+02 1.999000000000000000e+03
1.109000000000000000e+03 1.914000000000000000e+03
1.174000000000000000e+03 1.858000000000000000e+03
1.094000000000000000e+03 1.131000000000000000e+03
1.056000000000000000e+03 1.124000000000000000e+03
1.032000000000000000e+03 1.122000000000000000e+03
1.353000000000000000e+03 1.048000000000000000e+03
1.066000000000000000e+03 1.085000000000000000e+03
1.108000000000000000e+03 1.070000000000000000e+03
1.150000000000000000e+03 1.066000000000000000e+03
1.193000000000000000e+03 1.071000000000000000e+03
1.219000000000000000e+03 1.082000000000000000e+03
1.431000000000000000e+03 9.860000000000000000e+02
1.206000000000000000e+03 1.126000000000000000e+03
1.036000000000000000e+03 1.564000000000000000e+03
1.002000000000000000e+03 1.478000000000000000e+03
9.430000000000000000e+02 1.564000000000000000e+03
1.187000000000000000e+03 1.805000000000000000e+03
1.121000000000000000e+03 1.865000000000000000e+03
9.620000000000000000e+02 1.964000000000000000e+03
1.306000000000000000e+03 1.694000000000000000e+03
1.036000000000000000e+03 1.107000000000000000e+03
9.540000000000000000e+02 1.268000000000000000e+03
1.041000000000000000e+03 1.964000000000000000e+03
1.389000000000000000e+03 1.452000000000000000e+03
9.640000000000000000e+02 1.669000000000000000e+03
9.720000000000000000e+02 1.680000000000000000e+03
9.770000000000000000e+02 1.695000000000000000e+03
9.810000000000000000e+02 1.713000000000000000e+03
9.910000000000000000e+02 1.763000000000000000e+03
1.041000000000000000e+03 1.660000000000000000e+03
1.050000000000000000e+03 1.656000000000000000e+03
1.058000000000000000e+03 1.653000000000000000e+03
1.117000000000000000e+03 1.609000000000000000e+03
1.297000000000000000e+03 1.477000000000000000e+03
9.530000000000000000e+02 1.207000000000000000e+03
9.810000000000000000e+02 1.090000000000000000e+03
1.014000000000000000e+03 1.091000000000000000e+03
1.030000000000000000e+03 1.663000000000000000e+03
1.301000000000000000e+03 1.592000000000000000e+03
9.360000000000000000e+02 1.096000000000000000e+03
1.015000000000000000e+03 1.813000000000000000e+03
9.210000000000000000e+02 1.247000000000000000e+03
9.880000000000000000e+02 1.350000000000000000e+03
9.370000000000000000e+02 1.845000000000000000e+03
1.134000000000000000e+03 1.710000000000000000e+03
1.088000000000000000e+03 1.465000000000000000e+03
1.078000000000000000e+03 1.767000000000000000e+03
1.195000000000000000e+03 1.450000000000000000e+03
1.130000000000000000e+03 1.512000000000000000e+03
1.237000000000000000e+03 1.524000000000000000e+03
9.530000000000000000e+02 1.911000000000000000e+03
1.018000000000000000e+03 1.371000000000000000e+03
1.174000000000000000e+03 1.749000000000000000e+03
1.106000000000000000e+03 1.812000000000000000e+03
1.179000000000000000e+03 1.648000000000000000e+03
1.344000000000000000e+03 1.526000000000000000e+03
1.240000000000000000e+03 1.652000000000000000e+03
1.363000000000000000e+03 1.557000000000000000e+03
1.169000000000000000e+03 1.568000000000000000e+03
9.840000000000000000e+02 1.296000000000000000e+03
9.900000000000000000e+02 1.472000000000000000e+03
1.023000000000000000e+03 1.471000000000000000e+03
9.670000000000000000e+02 1.446000000000000000e+03
1.016000000000000000e+03 1.047000000000000000e+03
1.094000000000000000e+03 1.015000000000000000e+03
1.164000000000000000e+03 1.006000000000000000e+03
1.223000000000000000e+03 1.013000000000000000e+03
1.264000000000000000e+03 1.033000000000000000e+03
1.295000000000000000e+03 1.114000000000000000e+03
1.420000000000000000e+03 1.230000000000000000e+03
1.259000000000000000e+03 1.186000000000000000e+03
1.209000000000000000e+03 1.203000000000000000e+03
1.144000000000000000e+03 1.203000000000000000e+03
1.084000000000000000e+03 1.191000000000000000e+03
1.037000000000000000e+03 1.177000000000000000e+03
1.005000000000000000e+03 1.164000000000000000e+03
1.421000000000000000e+03 1.212000000000000000e+03
1.023000000000000000e+03 1.478000000000000000e+03
9.540000000000000000e+02 1.325000000000000000e+03
9.540000000000000000e+02 1.485000000000000000e+03
9.290000000000000000e+02 1.507000000000000000e+03
9.550000000000000000e+02 1.489000000000000000e+03
1.010000000000000000e+03 1.490000000000000000e+03
9.180000000000000000e+02 1.515000000000000000e+03
9.130000000000000000e+02 1.520000000000000000e+03
1.004000000000000000e+03 1.124000000000000000e+03
9.780000000000000000e+02 1.140000000000000000e+03
9.620000000000000000e+02 1.153000000000000000e+03
1.235000000000000000e+03 1.091000000000000000e+03
1.262000000000000000e+03 1.071000000000000000e+03
6.110000000000000000e+02 1.099000000000000000e+03
6.590000000000000000e+02 1.099000000000000000e+03
6.100000000000000000e+02 1.058000000000000000e+03
5.620000000000000000e+02 1.099000000000000000e+03
6.110000000000000000e+02 1.141000000000000000e+03
1.150000000000000000e+03 1.093000000000000000e+03
1.196000000000000000e+03 1.092000000000000000e+03
1.148000000000000000e+03 1.049000000000000000e+03
1.103000000000000000e+03 1.094000000000000000e+03
1.151000000000000000e+03 1.137000000000000000e+03
0.000000000000000000e+00 0.000000000000000000e+00
1.749000000000000000e+03 0.000000000000000000e+00
1.749000000000000000e+03 2.187000000000000000e+03
0.000000000000000000e+00 2.187000000000000000e+03
8.700000000000000000e+01 0.000000000000000000e+00
8.700000000000000000e+01 2.187000000000000000e+03
0.000000000000000000e+00 1.090000000000000000e+02
1.749000000000000000e+03 1.090000000000000000e+02
1.750000000000000000e+02 0.000000000000000000e+00
1.750000000000000000e+02 2.187000000000000000e+03
0.000000000000000000e+00 2.180000000000000000e+02
1.749000000000000000e+03 2.180000000000000000e+02
2.620000000000000000e+02 0.000000000000000000e+00
2.620000000000000000e+02 2.187000000000000000e+03
0.000000000000000000e+00 3.280000000000000000e+02
1.749000000000000000e+03 3.280000000000000000e+02
3.500000000000000000e+02 0.000000000000000000e+00
3.500000000000000000e+02 2.187000000000000000e+03
0.000000000000000000e+00 4.370000000000000000e+02
1.749000000000000000e+03 4.370000000000000000e+02
4.370000000000000000e+02 0.000000000000000000e+00
4.370000000000000000e+02 2.187000000000000000e+03
0.000000000000000000e+00 5.470000000000000000e+02
1.749000000000000000e+03 5.470000000000000000e+02
5.250000000000000000e+02 0.000000000000000000e+00
5.250000000000000000e+02 2.187000000000000000e+03
0.000000000000000000e+00 6.560000000000000000e+02
1.749000000000000000e+03 6.560000000000000000e+02
6.120000000000000000e+02 0.000000000000000000e+00
6.120000000000000000e+02 2.187000000000000000e+03
0.000000000000000000e+00 7.650000000000000000e+02
1.749000000000000000e+03 7.650000000000000000e+02
7.000000000000000000e+02 0.000000000000000000e+00
7.000000000000000000e+02 2.187000000000000000e+03
0.000000000000000000e+00 8.750000000000000000e+02
1.749000000000000000e+03 8.750000000000000000e+02
7.870000000000000000e+02 0.000000000000000000e+00
7.870000000000000000e+02 2.187000000000000000e+03
0.000000000000000000e+00 9.840000000000000000e+02
1.749000000000000000e+03 9.840000000000000000e+02
8.750000000000000000e+02 0.000000000000000000e+00
8.750000000000000000e+02 2.187000000000000000e+03
0.000000000000000000e+00 1.094000000000000000e+03
1.749000000000000000e+03 1.094000000000000000e+03
9.620000000000000000e+02 0.000000000000000000e+00
9.620000000000000000e+02 2.187000000000000000e+03
0.000000000000000000e+00 1.203000000000000000e+03
1.749000000000000000e+03 1.203000000000000000e+03
1.050000000000000000e+03 0.000000000000000000e+00
1.050000000000000000e+03 2.187000000000000000e+03
0.000000000000000000e+00 1.312000000000000000e+03
1.749000000000000000e+03 1.312000000000000000e+03
1.137000000000000000e+03 0.000000000000000000e+00
1.137000000000000000e+03 2.187000000000000000e+03
0.000000000000000000e+00 1.422000000000000000e+03
1.749000000000000000e+03 1.422000000000000000e+03
1.225000000000000000e+03 0.000000000000000000e+00
1.225000000000000000e+03 2.187000000000000000e+03
0.000000000000000000e+00 1.531000000000000000e+03
1.749000000000000000e+03 1.531000000000000000e+03
1.312000000000000000e+03 0.000000000000000000e+00
1.312000000000000000e+03 2.187000000000000000e+03
0.000000000000000000e+00 1.641000000000000000e+03
1.749000000000000000e+03 1.641000000000000000e+03
1.400000000000000000e+03 0.000000000000000000e+00
1.400000000000000000e+03 2.187000000000000000e+03
0.000000000000000000e+00 1.750000000000000000e+03
1.749000000000000000e+03 1.750000000000000000e+03
1.487000000000000000e+03 0.000000000000000000e+00
1.487000000000000000e+03 2.187000000000000000e+03
0.000000000000000000e+00 1.859000000000000000e+03
1.749000000000000000e+03 1.859000000000000000e+03
1.575000000000000000e+03 0.000000000000000000e+00
1.575000000000000000e+03 2.187000000000000000e+03
0.000000000000000000e+00 1.969000000000000000e+03
1.749000000000000000e+03 1.969000000000000000e+03
1.662000000000000000e+03 0.000000000000000000e+00
1.662000000000000000e+03 2.187000000000000000e+03
0.000000000000000000e+00 2.078000000000000000e+03
1.749000000000000000e+03 2.078000000000000000e+03
