8.500000000000000000e+02 1.568000000000000000e+03
8.390000000000000000e+02 1.419000000000000000e+03
8.390000000000000000e+02 1.460000000000000000e+03
8.000000000000000000e+02 1.234000000000000000e+03
8.390000000000000000e+02 1.366000000000000000e+03
8.410000000000000000e+02 1.292000000000000000e+03
8.480000000000000000e+02 1.106000000000000000e+03
4.930000000000000000e+02 1.055000000000000000e+03
8.520000000000000000e+02 9.600000000000000000e+02
8.530000000000000000e+02 8.890000000000000000e+02
8.580000000000000000e+02 6.280000000000000000e+02
8.500000000000000000e+02 1.594000000000000000e+03
8.490000000000000000e+02 1.622000000000000000e+03
8.490000000000000000e+02 1.642000000000000000e+03
8.490000000000000000e+02 1.643000000000000000e+03
8.490000000000000000e+02 1.678000000000000000e+03
8.490000000000000000e+02 1.721000000000000000e+03
8.480000000000000000e+02 1.764000000000000000e+03
8.350000000000000000e+02 1.800000000000000000e+03
8.390000000000000000e+02 1.442000000000000000e+03
7.880000000000000000e+02 1.435000000000000000e+03
3.420000000000000000e+02 8.280000000000000000e+02
6.310000000000000000e+02 1.111000000000000000e+03
5.830000000000000000e+02 1.115000000000000000e+03
5.370000000000000000e+02 1.111000000000000000e+03
4.770000000000000000e+02 1.071000000000000000e+03
6.730000000000000000e+02 1.100000000000000000e+03
5.620000000000000000e+02 9.530000000000000000e+02
6.190000000000000000e+02 9.640000000000000000e+02
5.090000000000000000e+02 9.580000000000000000e+02
4.760000000000000000e+02 9.760000000000000000e+02
4.410000000000000000e+02 1.105000000000000000e+03
6.550000000000000000e+02 1.841000000000000000e+03
4.770000000000000000e+02 1.035000000000000000e+03
3.190000000000000000e+02 1.053000000000000000e+03
3.920000000000000000e+02 1.060000000000000000e+03
5.940000000000000000e+02 1.338000000000000000e+03
7.860000000000000000e+02 1.553000000000000000e+03
7.920000000000000000e+02 1.619000000000000000e+03
7.230000000000000000e+02 1.574000000000000000e+03
6.820000000000000000e+02 1.596000000000000000e+03
7.430000000000000000e+02 1.620000000000000000e+03
7.060000000000000000e+02 1.625000000000000000e+03
6.130000000000000000e+02 1.679000000000000000e+03
7.960000000000000000e+02 1.415000000000000000e+03
7.900000000000000000e+02 1.364000000000000000e+03
4.140000000000000000e+02 9.280000000000000000e+02
6.960000000000000000e+02 1.207000000000000000e+03
6.800000000000000000e+02 1.384000000000000000e+03
6.770000000000000000e+02 1.354000000000000000e+03
4.560000000000000000e+02 1.321000000000000000e+03
7.940000000000000000e+02 1.295000000000000000e+03
5.240000000000000000e+02 8.870000000000000000e+02
4.580000000000000000e+02 8.960000000000000000e+02
3.820000000000000000e+02 7.450000000000000000e+02
7.380000000000000000e+02 9.550000000000000000e+02
6.670000000000000000e+02 9.910000000000000000e+02
5.800000000000000000e+02 1.623000000000000000e+03
3.860000000000000000e+02 1.515000000000000000e+03
7.160000000000000000e+02 1.415000000000000000e+03
7.560000000000000000e+02 1.434000000000000000e+03
6.380000000000000000e+02 1.633000000000000000e+03
6.500000000000000000e+02 1.634000000000000000e+03
4.360000000000000000e+02 8.600000000000000000e+02
6.780000000000000000e+02 1.405000000000000000e+03
6.140000000000000000e+02 9.040000000000000000e+02
6.080000000000000000e+02 8.620000000000000000e+02
5.690000000000000000e+02 6.430000000000000000e+02
4.070000000000000000e+02 8.020000000000000000e+02
5.920000000000000000e+02 7.490000000000000000e+02
3.900000000000000000e+02 9.020000000000000000e+02
3.640000000000000000e+02 8.670000000000000000e+02
7.880000000000000000e+02 1.588000000000000000e+03
7.330000000000000000e+02 1.598000000000000000e+03
6.930000000000000000e+02 1.611000000000000000e+03
7.280000000000000000e+02 1.425000000000000000e+03
6.440000000000000000e+02 1.633000000000000000e+03
6.660000000000000000e+02 1.651000000000000000e+03
6.560000000000000000e+02 1.634000000000000000e+03
7.400000000000000000e+02 1.404000000000000000e+03
7.160000000000000000e+02 1.635000000000000000e+03
7.530000000000000000e+02 1.635000000000000000e+03
7.970000000000000000e+02 1.638000000000000000e+03
7.670000000000000000e+02 1.793000000000000000e+03
7.810000000000000000e+02 1.756000000000000000e+03
7.850000000000000000e+02 1.713000000000000000e+03
7.910000000000000000e+02 1.670000000000000000e+03
7.980000000000000000e+02 1.639000000000000000e+03
7.160000000000000000e+02 1.635000000000000000e+03
7.050000000000000000e+02 1.650000000000000000e+03
6.920000000000000000e+02 1.671000000000000000e+03
6.820000000000000000e+02 1.694000000000000000e+03
6.340000000000000000e+02 1.536000000000000000e+03
3.300000000000000000e+02 1.257000000000000000e+03
8.390000000000000000e+02 1.451000000000000000e+03
6.890000000000000000e+02 1.634000000000000000e+03
6.780000000000000000e+02 1.642000000000000000e+03
7.720000000000000000e+02 1.455000000000000000e+03
6.960000000000000000e+02 1.434000000000000000e+03
7.640000000000000000e+02 1.445000000000000000e+03
6.440000000000000000e+02 1.233000000000000000e+03
5.650000000000000000e+02 1.267000000000000000e+03
6.690000000000000000e+02 1.375000000000000000e+03
4.530000000000000000e+02 6.810000000000000000e+02
4.790000000000000000e+02 7.590000000000000000e+02
5.100000000000000000e+02 8.450000000000000000e+02
6.520000000000000000e+02 1.722000000000000000e+03
7.240000000000000000e+02 8.870000000000000000e+02
7.150000000000000000e+02 7.530000000000000000e+02
7.000000000000000000e+02 6.280000000000000000e+02
4.980000000000000000e+02 1.097000000000000000e+03
3.930000000000000000e+02 1.140000000000000000e+03
7.000000000000000000e+02 1.088000000000000000e+03
4.330000000000000000e+02 9.960000000000000000e+02
7.310000000000000000e+02 1.176000000000000000e+03
7.090000000000000000e+02 1.370000000000000000e+03
3.440000000000000000e+02 1.168000000000000000e+03
4.230000000000000000e+02 1.184000000000000000e+03
4.820000000000000000e+02 1.211000000000000000e+03
5.730000000000000000e+02 1.204000000000000000e+03
6.410000000000000000e+02 1.183000000000000000e+03
6.910000000000000000e+02 1.161000000000000000e+03
7.990000000000000000e+02 1.116000000000000000e+03
3.540000000000000000e+02 1.279000000000000000e+03
4.000000000000000000e+02 9.870000000000000000e+02
8.120000000000000000e+02 1.439000000000000000e+03
6.980000000000000000e+02 1.264000000000000000e+03
3.150000000000000000e+02 1.034000000000000000e+03
7.300000000000000000e+02 1.137000000000000000e+03
6.660000000000000000e+02 1.374000000000000000e+03
4.580000000000000000e+02 1.035000000000000000e+03
7.080000000000000000e+02 1.333000000000000000e+03
3.510000000000000000e+02 1.381000000000000000e+03
7.010000000000000000e+02 1.070000000000000000e+03
7.500000000000000000e+02 1.308000000000000000e+03
4.720000000000000000e+02 1.682000000000000000e+03
4.790000000000000000e+02 1.724000000000000000e+03
3.230000000000000000e+02 1.269000000000000000e+03
4.210000000000000000e+02 1.599000000000000000e+03
3.400000000000000000e+02 9.530000000000000000e+02
6.470000000000000000e+02 1.885000000000000000e+03
8.170000000000000000e+02 1.448000000000000000e+03
6.530000000000000000e+02 1.299000000000000000e+03
3.550000000000000000e+02 1.064000000000000000e+03
5.390000000000000000e+02 1.081000000000000000e+03
5.810000000000000000e+02 1.086000000000000000e+03
6.560000000000000000e+02 1.661000000000000000e+03
3.700000000000000000e+02 1.381000000000000000e+03
7.320000000000000000e+02 1.958000000000000000e+03
5.950000000000000000e+02 1.866000000000000000e+03
5.410000000000000000e+02 1.807000000000000000e+03
8.550000000000000000e+02 7.590000000000000000e+02
8.350000000000000000e+02 1.973000000000000000e+03
6.220000000000000000e+02 1.083000000000000000e+03
6.620000000000000000e+02 1.076000000000000000e+03
6.880000000000000000e+02 1.073000000000000000e+03
3.700000000000000000e+02 9.730000000000000000e+02
6.560000000000000000e+02 1.029000000000000000e+03
6.130000000000000000e+02 1.011000000000000000e+03
5.700000000000000000e+02 1.005000000000000000e+03
5.280000000000000000e+02 1.009000000000000000e+03
5.020000000000000000e+02 1.019000000000000000e+03
3.210000000000000000e+02 9.200000000000000000e+02
5.110000000000000000e+02 1.069000000000000000e+03
8.390000000000000000e+02 1.499000000000000000e+03
6.780000000000000000e+02 1.510000000000000000e+03
7.160000000000000000e+02 1.408000000000000000e+03
7.680000000000000000e+02 1.499000000000000000e+03
8.500000000000000000e+02 1.030000000000000000e+03
5.280000000000000000e+02 1.760000000000000000e+03
5.840000000000000000e+02 1.822000000000000000e+03
7.300000000000000000e+02 1.932000000000000000e+03
4.310000000000000000e+02 1.632000000000000000e+03
6.870000000000000000e+02 1.054000000000000000e+03
7.630000000000000000e+02 1.201000000000000000e+03
8.350000000000000000e+02 1.948000000000000000e+03
6.560000000000000000e+02 1.919000000000000000e+03
3.440000000000000000e+02 1.382000000000000000e+03
7.530000000000000000e+02 1.636000000000000000e+03
7.420000000000000000e+02 1.660000000000000000e+03
7.320000000000000000e+02 1.693000000000000000e+03
7.250000000000000000e+02 1.731000000000000000e+03
7.010000000000000000e+02 1.763000000000000000e+03
6.770000000000000000e+02 1.629000000000000000e+03
6.640000000000000000e+02 1.623000000000000000e+03
6.540000000000000000e+02 1.615000000000000000e+03
6.010000000000000000e+02 1.576000000000000000e+03
4.290000000000000000e+02 1.424000000000000000e+03
7.650000000000000000e+02 1.142000000000000000e+03
7.380000000000000000e+02 1.035000000000000000e+03
7.070000000000000000e+02 1.037000000000000000e+03
6.890000000000000000e+02 1.635000000000000000e+03
4.320000000000000000e+02 1.541000000000000000e+03
7.810000000000000000e+02 1.037000000000000000e+03
6.760000000000000000e+02 1.798000000000000000e+03
8.440000000000000000e+02 1.229000000000000000e+03
7.990000000000000000e+02 1.178000000000000000e+03
8.460000000000000000e+02 1.170000000000000000e+03
7.250000000000000000e+02 1.283000000000000000e+03
8.350000000000000000e+02 1.904000000000000000e+03
8.360000000000000000e+02 1.848000000000000000e+03
7.520000000000000000e+02 1.837000000000000000e+03
5.720000000000000000e+02 1.688000000000000000e+03
6.260000000000000000e+02 1.412000000000000000e+03
6.180000000000000000e+02 1.749000000000000000e+03
5.230000000000000000e+02 1.397000000000000000e+03
5.850000000000000000e+02 1.463000000000000000e+03
4.880000000000000000e+02 1.475000000000000000e+03
7.360000000000000000e+02 1.889000000000000000e+03
6.950000000000000000e+02 1.308000000000000000e+03
5.360000000000000000e+02 1.716000000000000000e+03
5.940000000000000000e+02 1.781000000000000000e+03
5.360000000000000000e+02 1.619000000000000000e+03
3.900000000000000000e+02 1.467000000000000000e+03
4.840000000000000000e+02 1.613000000000000000e+03
3.740000000000000000e+02 1.490000000000000000e+03
5.530000000000000000e+02 1.528000000000000000e+03
7.310000000000000000e+02 1.231000000000000000e+03
7.240000000000000000e+02 1.395000000000000000e+03
6.950000000000000000e+02 1.403000000000000000e+03
7.460000000000000000e+02 1.365000000000000000e+03
6.980000000000000000e+02 9.850000000000000000e+02
6.180000000000000000e+02 9.430000000000000000e+02
5.460000000000000000e+02 9.300000000000000000e+02
4.880000000000000000e+02 9.350000000000000000e+02
4.500000000000000000e+02 9.560000000000000000e+02
4.300000000000000000e+02 1.047000000000000000e+03
3.130000000000000000e+02 1.160000000000000000e+03
4.650000000000000000e+02 1.132000000000000000e+03
5.130000000000000000e+02 1.153000000000000000e+03
5.770000000000000000e+02 1.155000000000000000e+03
6.370000000000000000e+02 1.143000000000000000e+03
6.850000000000000000e+02 1.128000000000000000e+03
7.180000000000000000e+02 1.114000000000000000e+03
3.200000000000000000e+02 1.143000000000000000e+03
6.960000000000000000e+02 1.415000000000000000e+03
7.600000000000000000e+02 1.253000000000000000e+03
7.590000000000000000e+02 1.404000000000000000e+03
7.850000000000000000e+02 1.428000000000000000e+03
7.590000000000000000e+02 1.410000000000000000e+03
7.100000000000000000e+02 1.430000000000000000e+03
7.960000000000000000e+02 1.435000000000000000e+03
8.000000000000000000e+02 1.444000000000000000e+03
7.180000000000000000e+02 1.073000000000000000e+03
7.440000000000000000e+02 1.088000000000000000e+03
7.600000000000000000e+02 1.099000000000000000e+03
4.880000000000000000e+02 1.027000000000000000e+03
4.570000000000000000e+02 1.000000000000000000e+03
8.880000000000000000e+02 1.236000000000000000e+03
1.212000000000000000e+03 1.069000000000000000e+03
8.900000000000000000e+02 1.437000000000000000e+03
1.366000000000000000e+03 8.470000000000000000e+02
1.062000000000000000e+03 1.115000000000000000e+03
1.112000000000000000e+03 1.120000000000000000e+03
1.161000000000000000e+03 1.120000000000000000e+03
1.228000000000000000e+03 1.087000000000000000e+03
1.020000000000000000e+03 1.104000000000000000e+03
1.148000000000000000e+03 9.580000000000000000e+02
1.087000000000000000e+03 9.650000000000000000e+02
1.203000000000000000e+03 9.670000000000000000e+02
1.236000000000000000e+03 9.900000000000000000e+02
1.263000000000000000e+03 1.122000000000000000e+03
1.023000000000000000e+03 1.848000000000000000e+03
1.231000000000000000e+03 1.051000000000000000e+03
1.394000000000000000e+03 1.076000000000000000e+03
1.317000000000000000e+03 1.078000000000000000e+03
1.097000000000000000e+03 1.349000000000000000e+03
9.130000000000000000e+02 1.555000000000000000e+03
9.060000000000000000e+02 1.622000000000000000e+03
9.760000000000000000e+02 1.577000000000000000e+03
1.017000000000000000e+03 1.601000000000000000e+03
9.540000000000000000e+02 1.625000000000000000e+03
9.920000000000000000e+02 1.631000000000000000e+03
1.066000000000000000e+03 1.689000000000000000e+03
8.810000000000000000e+02 1.417000000000000000e+03
8.900000000000000000e+02 1.366000000000000000e+03
1.300000000000000000e+03 9.380000000000000000e+02
1.000000000000000000e+03 1.213000000000000000e+03
1.005000000000000000e+03 1.392000000000000000e+03
1.011000000000000000e+03 1.361000000000000000e+03
1.240000000000000000e+03 1.338000000000000000e+03
8.890000000000000000e+02 1.297000000000000000e+03
1.191000000000000000e+03 8.850000000000000000e+02
1.258000000000000000e+03 9.010000000000000000e+02
1.327000000000000000e+03 7.630000000000000000e+02
9.680000000000000000e+02 9.380000000000000000e+02
1.034000000000000000e+03 9.920000000000000000e+02
1.101000000000000000e+03 1.635000000000000000e+03
1.324000000000000000e+03 1.536000000000000000e+03
9.660000000000000000e+02 1.422000000000000000e+03
9.240000000000000000e+02 1.437000000000000000e+03
1.064000000000000000e+03 1.644000000000000000e+03
1.051000000000000000e+03 1.644000000000000000e+03
1.282000000000000000e+03 8.640000000000000000e+02
1.006000000000000000e+03 1.413000000000000000e+03
1.098000000000000000e+03 8.930000000000000000e+02
1.108000000000000000e+03 8.490000000000000000e+02
1.147000000000000000e+03 6.550000000000000000e+02
1.302000000000000000e+03 8.200000000000000000e+02
1.119000000000000000e+03 7.600000000000000000e+02
1.326000000000000000e+03 9.120000000000000000e+02
1.345000000000000000e+03 8.860000000000000000e+02
9.110000000000000000e+02 1.590000000000000000e+03
9.650000000000000000e+02 1.603000000000000000e+03
1.006000000000000000e+03 1.616000000000000000e+03
9.530000000000000000e+02 1.430000000000000000e+03
1.057000000000000000e+03 1.644000000000000000e+03
1.034000000000000000e+03 1.661000000000000000e+03
1.044000000000000000e+03 1.644000000000000000e+03
9.410000000000000000e+02 1.409000000000000000e+03
9.820000000000000000e+02 1.641000000000000000e+03
9.440000000000000000e+02 1.639000000000000000e+03
9.000000000000000000e+02 1.640000000000000000e+03
9.060000000000000000e+02 1.796000000000000000e+03
9.130000000000000000e+02 1.761000000000000000e+03
9.110000000000000000e+02 1.717000000000000000e+03
9.060000000000000000e+02 1.673000000000000000e+03
9.000000000000000000e+02 1.641000000000000000e+03
9.820000000000000000e+02 1.641000000000000000e+03
9.930000000000000000e+02 1.658000000000000000e+03
1.006000000000000000e+03 1.681000000000000000e+03
1.016000000000000000e+03 1.705000000000000000e+03
1.047000000000000000e+03 1.545000000000000000e+03
1.387000000000000000e+03 1.280000000000000000e+03
1.010000000000000000e+03 1.642000000000000000e+03
1.022000000000000000e+03 1.651000000000000000e+03
9.080000000000000000e+02 1.458000000000000000e+03
9.870000000000000000e+02 1.441000000000000000e+03
9.160000000000000000e+02 1.448000000000000000e+03
1.051000000000000000e+03 1.242000000000000000e+03
1.130000000000000000e+03 1.279000000000000000e+03
1.018000000000000000e+03 1.383000000000000000e+03
1.260000000000000000e+03 6.980000000000000000e+02
1.231000000000000000e+03 7.750000000000000000e+02
1.209000000000000000e+03 8.420000000000000000e+02
1.025000000000000000e+03 1.730000000000000000e+03
9.860000000000000000e+02 8.670000000000000000e+02
9.970000000000000000e+02 7.590000000000000000e+02
1.017000000000000000e+03 6.340000000000000000e+02
1.204000000000000000e+03 1.110000000000000000e+03
1.312000000000000000e+03 1.160000000000000000e+03
9.920000000000000000e+02 1.094000000000000000e+03
1.277000000000000000e+03 1.012000000000000000e+03
9.660000000000000000e+02 1.181000000000000000e+03
9.750000000000000000e+02 1.377000000000000000e+03
1.361000000000000000e+03 1.189000000000000000e+03
1.279000000000000000e+03 1.202000000000000000e+03
1.216000000000000000e+03 1.224000000000000000e+03
1.120000000000000000e+03 1.214000000000000000e+03
1.051000000000000000e+03 1.191000000000000000e+03
1.001000000000000000e+03 1.168000000000000000e+03
8.970000000000000000e+02 1.118000000000000000e+03
1.348000000000000000e+03 1.301000000000000000e+03
1.312000000000000000e+03 1.003000000000000000e+03
8.650000000000000000e+02 1.440000000000000000e+03
9.950000000000000000e+02 1.269000000000000000e+03
1.400000000000000000e+03 1.055000000000000000e+03
9.630000000000000000e+02 1.143000000000000000e+03
1.022000000000000000e+03 1.382000000000000000e+03
1.250000000000000000e+03 1.052000000000000000e+03
9.790000000000000000e+02 1.339000000000000000e+03
1.364000000000000000e+03 1.403000000000000000e+03
9.930000000000000000e+02 1.076000000000000000e+03
9.350000000000000000e+02 1.312000000000000000e+03
1.222000000000000000e+03 1.699000000000000000e+03
1.217000000000000000e+03 1.740000000000000000e+03
1.388000000000000000e+03 1.292000000000000000e+03
1.279000000000000000e+03 1.617000000000000000e+03
1.371000000000000000e+03 9.730000000000000000e+02
1.031000000000000000e+03 1.893000000000000000e+03
8.600000000000000000e+02 1.449000000000000000e+03
1.039000000000000000e+03 1.307000000000000000e+03
1.354000000000000000e+03 1.085000000000000000e+03
1.161000000000000000e+03 1.089000000000000000e+03
1.116000000000000000e+03 1.091000000000000000e+03
1.044000000000000000e+03 1.672000000000000000e+03
1.331000000000000000e+03 1.402000000000000000e+03
9.400000000000000000e+02 1.962000000000000000e+03
1.088000000000000000e+03 1.875000000000000000e+03
1.148000000000000000e+03 1.820000000000000000e+03
1.073000000000000000e+03 1.086000000000000000e+03
1.032000000000000000e+03 1.079000000000000000e+03
1.005000000000000000e+03 1.078000000000000000e+03
1.342000000000000000e+03 9.880000000000000000e+02
1.046000000000000000e+03 1.035000000000000000e+03
1.092000000000000000e+03 1.016000000000000000e+03
1.139000000000000000e+03 1.013000000000000000e+03
1.183000000000000000e+03 1.020000000000000000e+03
1.208000000000000000e+03 1.033000000000000000e+03
1.389000000000000000e+03 9.400000000000000000e+02
1.191000000000000000e+03 1.081000000000000000e+03
1.003000000000000000e+03 1.517000000000000000e+03
9.660000000000000000e+02 1.414000000000000000e+03
9.110000000000000000e+02 1.503000000000000000e+03
1.160000000000000000e+03 1.774000000000000000e+03
1.099000000000000000e+03 1.833000000000000000e+03
9.430000000000000000e+02 1.936000000000000000e+03
1.273000000000000000e+03 1.650000000000000000e+03
1.010000000000000000e+03 1.061000000000000000e+03
9.300000000000000000e+02 1.204000000000000000e+03
1.020000000000000000e+03 1.926000000000000000e+03
1.364000000000000000e+03 1.404000000000000000e+03
9.440000000000000000e+02 1.640000000000000000e+03
9.540000000000000000e+02 1.666000000000000000e+03
9.640000000000000000e+02 1.701000000000000000e+03
9.710000000000000000e+02 1.740000000000000000e+03
9.730000000000000000e+02 1.768000000000000000e+03
1.024000000000000000e+03 1.637000000000000000e+03
1.036000000000000000e+03 1.631000000000000000e+03
1.047000000000000000e+03 1.623000000000000000e+03
1.081000000000000000e+03 1.586000000000000000e+03
1.267000000000000000e+03 1.442000000000000000e+03
9.310000000000000000e+02 1.146000000000000000e+03
9.600000000000000000e+02 1.033000000000000000e+03
9.890000000000000000e+02 1.040000000000000000e+03
1.011000000000000000e+03 1.643000000000000000e+03
1.263000000000000000e+03 1.558000000000000000e+03
9.160000000000000000e+02 1.033000000000000000e+03
1.001000000000000000e+03 1.805000000000000000e+03
8.930000000000000000e+02 1.180000000000000000e+03
9.650000000000000000e+02 1.288000000000000000e+03
9.210000000000000000e+02 1.841000000000000000e+03
1.110000000000000000e+03 1.700000000000000000e+03
1.061000000000000000e+03 1.421000000000000000e+03
1.062000000000000000e+03 1.758000000000000000e+03
1.168000000000000000e+03 1.410000000000000000e+03
1.101000000000000000e+03 1.473000000000000000e+03
1.202000000000000000e+03 1.490000000000000000e+03
9.370000000000000000e+02 1.893000000000000000e+03
9.950000000000000000e+02 1.315000000000000000e+03
1.149000000000000000e+03 1.729000000000000000e+03
1.088000000000000000e+03 1.792000000000000000e+03
1.148000000000000000e+03 1.632000000000000000e+03
1.310000000000000000e+03 1.487000000000000000e+03
1.206000000000000000e+03 1.628000000000000000e+03
1.332000000000000000e+03 1.511000000000000000e+03
1.132000000000000000e+03 1.541000000000000000e+03
9.620000000000000000e+02 1.236000000000000000e+03
9.570000000000000000e+02 1.401000000000000000e+03
9.880000000000000000e+02 1.410000000000000000e+03
9.350000000000000000e+02 1.370000000000000000e+03
1.004000000000000000e+03 9.790000000000000000e+02
1.090000000000000000e+03 9.410000000000000000e+02
1.166000000000000000e+03 9.340000000000000000e+02
1.225000000000000000e+03 9.450000000000000000e+02
1.263000000000000000e+03 9.690000000000000000e+02
1.277000000000000000e+03 1.064000000000000000e+03
1.398000000000000000e+03 1.183000000000000000e+03
1.236000000000000000e+03 1.148000000000000000e+03
1.184000000000000000e+03 1.165000000000000000e+03
1.117000000000000000e+03 1.163000000000000000e+03
1.055000000000000000e+03 1.149000000000000000e+03
1.007000000000000000e+03 1.134000000000000000e+03
9.740000000000000000e+02 1.119000000000000000e+03
1.397000000000000000e+03 1.165000000000000000e+03
9.860000000000000000e+02 1.422000000000000000e+03
9.280000000000000000e+02 1.257000000000000000e+03
9.200000000000000000e+02 1.408000000000000000e+03
8.930000000000000000e+02 1.431000000000000000e+03
9.200000000000000000e+02 1.414000000000000000e+03
9.720000000000000000e+02 1.436000000000000000e+03
8.820000000000000000e+02 1.437000000000000000e+03
8.770000000000000000e+02 1.445000000000000000e+03
9.760000000000000000e+02 1.079000000000000000e+03
9.500000000000000000e+02 1.091000000000000000e+03
9.340000000000000000e+02 1.102000000000000000e+03
1.221000000000000000e+03 1.043000000000000000e+03
1.254000000000000000e+03 1.016000000000000000e+03
5.820000000000000000e+02 1.036000000000000000e+03
6.340000000000000000e+02 1.036000000000000000e+03
5.840000000000000000e+02 9.880000000000000000e+02
5.300000000000000000e+02 1.035000000000000000e+03
5.810000000000000000e+02 1.084000000000000000e+03
1.123000000000000000e+03 1.049000000000000000e+03
1.176000000000000000e+03 1.051000000000000000e+03
1.123000000000000000e+03 1.001000000000000000e+03
1.070000000000000000e+03 1.047000000000000000e+03
1.123000000000000000e+03 1.097000000000000000e+03
0.000000000000000000e+00 0.000000000000000000e+00
1.749000000000000000e+03 0.000000000000000000e+00
1.749000000000000000e+03 2.187000000000000000e+03
0.000000000000000000e+00 2.187000000000000000e+03
8.700000000000000000e+01 0.000000000000000000e+00
8.700000000000000000e+01 2.187000000000000000e+03
0.000000000000000000e+00 1.090000000000000000e+02
1.749000000000000000e+03 1.090000000000000000e+02
1.750000000000000000e+02 0.000000000000000000e+00
1.750000000000000000e+02 2.187000000000000000e+03
0.000000000000000000e+00 2.180000000000000000e+02
1.749000000000000000e+03 2.180000000000000000e+02
2.620000000000000000e+02 0.000000000000000000e+00
2.620000000000000000e+02 2.187000000000000000e+03
0.000000000000000000e+00 3.280000000000000000e+02
1.749000000000000000e+03 3.280000000000000000e+02
3.500000000000000000e+02 0.000000000000000000e+00
3.500000000000000000e+02 2.187000000000000000e+03
0.000000000000000000e+00 4.370000000000000000e+02
1.749000000000000000e+03 4.370000000000000000e+02
4.370000000000000000e+02 0.000000000000000000e+00
4.370000000000000000e+02 2.187000000000000000e+03
0.000000000000000000e+00 5.470000000000000000e+02
1.749000000000000000e+03 5.470000000000000000e+02
5.250000000000000000e+02 0.000000000000000000e+00
5.250000000000000000e+02 2.187000000000000000e+03
0.000000000000000000e+00 6.560000000000000000e+02
1.749000000000000000e+03 6.560000000000000000e+02
6.120000000000000000e+02 0.000000000000000000e+00
6.120000000000000000e+02 2.187000000000000000e+03
0.000000000000000000e+00 7.650000000000000000e+02
1.749000000000000000e+03 7.650000000000000000e+02
7.000000000000000000e+02 0.000000000000000000e+00
7.000000000000000000e+02 2.187000000000000000e+03
0.000000000000000000e+00 8.750000000000000000e+02
1.749000000000000000e+03 8.750000000000000000e+02
7.870000000000000000e+02 0.000000000000000000e+00
7.870000000000000000e+02 2.187000000000000000e+03
0.000000000000000000e+00 9.840000000000000000e+02
1.749000000000000000e+03 9.840000000000000000e+02
8.750000000000000000e+02 0.000000000000000000e+00
8.750000000000000000e+02 2.187000000000000000e+03
0.000000000000000000e+00 1.094000000000000000e+03
1.749000000000000000e+03 1.094000000000000000e+03
9.620000000000000000e+02 0.000000000000000000e+00
9.620000000000000000e+02 2.187000000000000000e+03
0.000000000000000000e+00 1.203000000000000000e+03
1.749000000000000000e+03 1.203000000000000000e+03
1.050000000000000000e+03 0.000000000000000000e+00
1.050000000000000000e+03 2.187000000000000000e+03
0.000000000000000000e+00 1.312000000000000000e+03
1.749000000000000000e+03 1.312000000000000000e+03
1.137000000000000000e+03 0.000000000000000000e+00
1.137000000000000000e+03 2.187000000000000000e+03
0.000000000000000000e+00 1.422000000000000000e+03
1.749000000000000000e+03 1.422000000000000000e+03
1.225000000000000000e+03 0.000000000000000000e+00
1.225000000000000000e+03 2.187000000000000000e+03
0.000000000000000000e+00 1.531000000000000000e+03
1.749000000000000000e+03 1.531000000000000000e+03
1.312000000000000000e+03 0.000000000000000000e+00
1.312000000000000000e+03 2.187000000000000000e+03
0.000000000000000000e+00 1.641000000000000000e+03
1.749000000000000000e+03 1.641000000000000000e+03
1.400000000000000000e+03 0.000000000000000000e+00
1.400000000000000000e+03 2.187000000000000000e+03
0.000000000000000000e+00 1.750000000000000000e+03
1.749000000000000000e+03 1.750000000000000000e+03
1.487000000000000000e+03 0.000000000000000000e+00
1.487000000000000000e+03 2.187000000000000000e+03
0.000000000000000000e+00 1.859000000000000000e+03
1.749000000000000000e+03 1.859000000000000000e+03
1.575000000000000000e+03 0.000000000000000000e+00
1.575000000000000000e+03 2.187000000000000000e+03
0.000000000000000000e+00 1.969000000000000000e+03
1.749000000000000000e+03 1.969000000000000000e+03
1.662000000000000000e+03 0.000000000000000000e+00
1.662000000000000000e+03 2.187000000000000000e+03
0.000000000000000000e+00 2.078000000000000000e+03
1.749000000000000000e+03 2.078000000000000000e+03
