8.360000000000000000e+02 1.487000000000000000e+03
8.190000000000000000e+02 1.352000000000000000e+03
8.190000000000000000e+02 1.382000000000000000e+03
7.830000000000000000e+02 1.189000000000000000e+03
8.190000000000000000e+02 1.305000000000000000e+03
8.190000000000000000e+02 1.239000000000000000e+03
8.200000000000000000e+02 1.078000000000000000e+03
5.350000000000000000e+02 1.053000000000000000e+03
8.210000000000000000e+02 9.620000000000000000e+02
8.210000000000000000e+02 9.030000000000000000e+02
8.210000000000000000e+02 6.870000000000000000e+02
8.360000000000000000e+02 1.496000000000000000e+03
8.350000000000000000e+02 1.504000000000000000e+03
8.340000000000000000e+02 1.508000000000000000e+03
8.350000000000000000e+02 1.507000000000000000e+03
8.360000000000000000e+02 1.518000000000000000e+03
8.370000000000000000e+02 1.532000000000000000e+03
8.360000000000000000e+02 1.547000000000000000e+03
8.180000000000000000e+02 1.609000000000000000e+03
8.200000000000000000e+02 1.373000000000000000e+03
7.700000000000000000e+02 1.366000000000000000e+03
3.760000000000000000e+02 8.810000000000000000e+02
6.470000000000000000e+02 1.077000000000000000e+03
6.080000000000000000e+02 1.083000000000000000e+03
5.690000000000000000e+02 1.085000000000000000e+03
5.160000000000000000e+02 1.070000000000000000e+03
6.800000000000000000e+02 1.068000000000000000e+03
5.790000000000000000e+02 9.790000000000000000e+02
6.240000000000000000e+02 9.800000000000000000e+02
5.380000000000000000e+02 9.890000000000000000e+02
5.110000000000000000e+02 1.006000000000000000e+03
4.800000000000000000e+02 1.097000000000000000e+03
6.610000000000000000e+02 1.687000000000000000e+03
5.180000000000000000e+02 1.047000000000000000e+03
3.600000000000000000e+02 1.071000000000000000e+03
4.290000000000000000e+02 1.072000000000000000e+03
6.020000000000000000e+02 1.276000000000000000e+03
7.800000000000000000e+02 1.479000000000000000e+03
7.840000000000000000e+02 1.501000000000000000e+03
7.260000000000000000e+02 1.487000000000000000e+03
6.870000000000000000e+02 1.495000000000000000e+03
7.380000000000000000e+02 1.501000000000000000e+03
7.000000000000000000e+02 1.503000000000000000e+03
6.170000000000000000e+02 1.530000000000000000e+03
7.810000000000000000e+02 1.351000000000000000e+03
7.760000000000000000e+02 1.304000000000000000e+03
4.500000000000000000e+02 9.770000000000000000e+02
6.930000000000000000e+02 1.168000000000000000e+03
6.730000000000000000e+02 1.317000000000000000e+03
6.720000000000000000e+02 1.289000000000000000e+03
4.800000000000000000e+02 1.263000000000000000e+03
7.790000000000000000e+02 1.243000000000000000e+03
5.470000000000000000e+02 9.310000000000000000e+02
4.890000000000000000e+02 9.470000000000000000e+02
4.120000000000000000e+02 8.070000000000000000e+02
7.300000000000000000e+02 9.650000000000000000e+02
6.650000000000000000e+02 9.930000000000000000e+02
5.800000000000000000e+02 1.491000000000000000e+03
4.010000000000000000e+02 1.477000000000000000e+03
7.030000000000000000e+02 1.344000000000000000e+03
7.390000000000000000e+02 1.358000000000000000e+03
6.320000000000000000e+02 1.506000000000000000e+03
6.420000000000000000e+02 1.506000000000000000e+03
4.650000000000000000e+02 9.190000000000000000e+02
6.690000000000000000e+02 1.330000000000000000e+03
6.270000000000000000e+02 9.350000000000000000e+02
6.180000000000000000e+02 8.990000000000000000e+02
5.760000000000000000e+02 7.100000000000000000e+02
4.390000000000000000e+02 8.570000000000000000e+02
5.990000000000000000e+02 7.960000000000000000e+02
4.240000000000000000e+02 9.560000000000000000e+02
4.010000000000000000e+02 9.160000000000000000e+02
7.810000000000000000e+02 1.492000000000000000e+03
7.320000000000000000e+02 1.495000000000000000e+03
6.930000000000000000e+02 1.499000000000000000e+03
7.120000000000000000e+02 1.350000000000000000e+03
6.370000000000000000e+02 1.506000000000000000e+03
6.630000000000000000e+02 1.512000000000000000e+03
6.480000000000000000e+02 1.506000000000000000e+03
7.280000000000000000e+02 1.342000000000000000e+03
7.050000000000000000e+02 1.506000000000000000e+03
7.430000000000000000e+02 1.506000000000000000e+03
7.860000000000000000e+02 1.507000000000000000e+03
7.610000000000000000e+02 1.607000000000000000e+03
7.830000000000000000e+02 1.546000000000000000e+03
7.840000000000000000e+02 1.530000000000000000e+03
7.850000000000000000e+02 1.517000000000000000e+03
7.880000000000000000e+02 1.506000000000000000e+03
7.060000000000000000e+02 1.506000000000000000e+03
7.000000000000000000e+02 1.511000000000000000e+03
6.930000000000000000e+02 1.518000000000000000e+03
6.880000000000000000e+02 1.528000000000000000e+03
6.270000000000000000e+02 1.433000000000000000e+03
3.660000000000000000e+02 1.256000000000000000e+03
8.190000000000000000e+02 1.379000000000000000e+03
6.770000000000000000e+02 1.507000000000000000e+03
6.700000000000000000e+02 1.509000000000000000e+03
7.550000000000000000e+02 1.375000000000000000e+03
6.830000000000000000e+02 1.352000000000000000e+03
7.470000000000000000e+02 1.367000000000000000e+03
6.490000000000000000e+02 1.191000000000000000e+03
5.800000000000000000e+02 1.217000000000000000e+03
6.640000000000000000e+02 1.305000000000000000e+03
4.740000000000000000e+02 7.480000000000000000e+02
5.010000000000000000e+02 8.150000000000000000e+02
5.310000000000000000e+02 8.960000000000000000e+02
6.550000000000000000e+02 1.561000000000000000e+03
7.150000000000000000e+02 9.080000000000000000e+02
7.020000000000000000e+02 7.940000000000000000e+02
6.870000000000000000e+02 6.920000000000000000e+02
5.360000000000000000e+02 1.081000000000000000e+03
4.370000000000000000e+02 1.127000000000000000e+03
7.010000000000000000e+02 1.059000000000000000e+03
4.710000000000000000e+02 1.025000000000000000e+03
7.240000000000000000e+02 1.142000000000000000e+03
7.020000000000000000e+02 1.310000000000000000e+03
3.900000000000000000e+02 1.156000000000000000e+03
4.690000000000000000e+02 1.155000000000000000e+03
5.230000000000000000e+02 1.168000000000000000e+03
6.010000000000000000e+02 1.160000000000000000e+03
6.570000000000000000e+02 1.141000000000000000e+03
6.980000000000000000e+02 1.121000000000000000e+03
7.790000000000000000e+02 1.088000000000000000e+03
3.920000000000000000e+02 1.245000000000000000e+03
4.370000000000000000e+02 1.020000000000000000e+03
7.940000000000000000e+02 1.371000000000000000e+03
6.930000000000000000e+02 1.215000000000000000e+03
3.550000000000000000e+02 1.060000000000000000e+03
7.290000000000000000e+02 1.099000000000000000e+03
6.610000000000000000e+02 1.303000000000000000e+03
4.980000000000000000e+02 1.050000000000000000e+03
7.020000000000000000e+02 1.275000000000000000e+03
3.780000000000000000e+02 1.364000000000000000e+03
6.980000000000000000e+02 1.045000000000000000e+03
7.400000000000000000e+02 1.255000000000000000e+03
4.740000000000000000e+02 1.588000000000000000e+03
4.820000000000000000e+02 1.638000000000000000e+03
3.610000000000000000e+02 1.256000000000000000e+03
4.250000000000000000e+02 1.527000000000000000e+03
3.790000000000000000e+02 9.870000000000000000e+02
6.500000000000000000e+02 1.736000000000000000e+03
7.980000000000000000e+02 1.377000000000000000e+03
6.530000000000000000e+02 1.244000000000000000e+03
3.940000000000000000e+02 1.079000000000000000e+03
5.740000000000000000e+02 1.058000000000000000e+03
6.070000000000000000e+02 1.056000000000000000e+03
6.560000000000000000e+02 1.517000000000000000e+03
3.950000000000000000e+02 1.334000000000000000e+03
7.290000000000000000e+02 1.795000000000000000e+03
6.000000000000000000e+02 1.739000000000000000e+03
5.450000000000000000e+02 1.698000000000000000e+03
8.200000000000000000e+02 7.950000000000000000e+02
8.180000000000000000e+02 1.802000000000000000e+03
6.390000000000000000e+02 1.052000000000000000e+03
6.690000000000000000e+02 1.047000000000000000e+03
6.890000000000000000e+02 1.046000000000000000e+03
4.060000000000000000e+02 1.009000000000000000e+03
6.590000000000000000e+02 1.023000000000000000e+03
6.230000000000000000e+02 1.016000000000000000e+03
5.900000000000000000e+02 1.016000000000000000e+03
5.580000000000000000e+02 1.024000000000000000e+03
5.380000000000000000e+02 1.034000000000000000e+03
3.580000000000000000e+02 9.600000000000000000e+02
5.510000000000000000e+02 1.056000000000000000e+03
8.190000000000000000e+02 1.410000000000000000e+03
6.700000000000000000e+02 1.414000000000000000e+03
7.040000000000000000e+02 1.341000000000000000e+03
7.540000000000000000e+02 1.409000000000000000e+03
8.200000000000000000e+02 1.019000000000000000e+03
5.330000000000000000e+02 1.646000000000000000e+03
5.890000000000000000e+02 1.693000000000000000e+03
7.270000000000000000e+02 1.764000000000000000e+03
4.370000000000000000e+02 1.569000000000000000e+03
6.850000000000000000e+02 1.035000000000000000e+03
7.510000000000000000e+02 1.162000000000000000e+03
8.180000000000000000e+02 1.769000000000000000e+03
6.590000000000000000e+02 1.773000000000000000e+03
3.720000000000000000e+02 1.353000000000000000e+03
7.440000000000000000e+02 1.505000000000000000e+03
7.380000000000000000e+02 1.514000000000000000e+03
7.350000000000000000e+02 1.525000000000000000e+03
7.320000000000000000e+02 1.539000000000000000e+03
7.020000000000000000e+02 1.589000000000000000e+03
6.690000000000000000e+02 1.505000000000000000e+03
6.610000000000000000e+02 1.503000000000000000e+03
6.560000000000000000e+02 1.500000000000000000e+03
5.940000000000000000e+02 1.459000000000000000e+03
4.430000000000000000e+02 1.358000000000000000e+03
7.520000000000000000e+02 1.112000000000000000e+03
7.280000000000000000e+02 1.018000000000000000e+03
7.020000000000000000e+02 1.021000000000000000e+03
6.770000000000000000e+02 1.506000000000000000e+03
4.370000000000000000e+02 1.464000000000000000e+03
7.650000000000000000e+02 1.020000000000000000e+03
6.810000000000000000e+02 1.637000000000000000e+03
8.200000000000000000e+02 1.183000000000000000e+03
7.810000000000000000e+02 1.141000000000000000e+03
8.200000000000000000e+02 1.132000000000000000e+03
7.180000000000000000e+02 1.232000000000000000e+03
8.180000000000000000e+02 1.721000000000000000e+03
8.180000000000000000e+02 1.661000000000000000e+03
7.490000000000000000e+02 1.659000000000000000e+03
5.800000000000000000e+02 1.554000000000000000e+03
6.270000000000000000e+02 1.335000000000000000e+03
6.270000000000000000e+02 1.602000000000000000e+03
5.320000000000000000e+02 1.325000000000000000e+03
5.870000000000000000e+02 1.376000000000000000e+03
4.940000000000000000e+02 1.392000000000000000e+03
7.350000000000000000e+02 1.716000000000000000e+03
6.900000000000000000e+02 1.252000000000000000e+03
5.460000000000000000e+02 1.592000000000000000e+03
6.030000000000000000e+02 1.643000000000000000e+03
5.410000000000000000e+02 1.500000000000000000e+03
4.030000000000000000e+02 1.410000000000000000e+03
4.880000000000000000e+02 1.510000000000000000e+03
3.890000000000000000e+02 1.444000000000000000e+03
5.520000000000000000e+02 1.426000000000000000e+03
7.230000000000000000e+02 1.188000000000000000e+03
7.150000000000000000e+02 1.334000000000000000e+03
6.850000000000000000e+02 1.335000000000000000e+03
7.360000000000000000e+02 1.307000000000000000e+03
6.950000000000000000e+02 9.870000000000000000e+02
6.270000000000000000e+02 9.650000000000000000e+02
5.670000000000000000e+02 9.620000000000000000e+02
5.190000000000000000e+02 9.730000000000000000e+02
4.850000000000000000e+02 9.930000000000000000e+02
4.680000000000000000e+02 1.061000000000000000e+03
3.560000000000000000e+02 1.163000000000000000e+03
5.050000000000000000e+02 1.113000000000000000e+03
5.490000000000000000e+02 1.122000000000000000e+03
6.030000000000000000e+02 1.119000000000000000e+03
6.530000000000000000e+02 1.107000000000000000e+03
6.910000000000000000e+02 1.093000000000000000e+03
7.170000000000000000e+02 1.080000000000000000e+03
3.610000000000000000e+02 1.156000000000000000e+03
6.850000000000000000e+02 1.341000000000000000e+03
7.490000000000000000e+02 1.207000000000000000e+03
7.470000000000000000e+02 1.342000000000000000e+03
7.680000000000000000e+02 1.362000000000000000e+03
7.460000000000000000e+02 1.348000000000000000e+03
6.960000000000000000e+02 1.351000000000000000e+03
7.790000000000000000e+02 1.367000000000000000e+03
7.820000000000000000e+02 1.373000000000000000e+03
7.130000000000000000e+02 1.047000000000000000e+03
7.360000000000000000e+02 1.058000000000000000e+03
7.500000000000000000e+02 1.067000000000000000e+03
5.270000000000000000e+02 1.041000000000000000e+03
4.950000000000000000e+02 1.025000000000000000e+03
8.560000000000000000e+02 1.188000000000000000e+03
1.104000000000000000e+03 1.042000000000000000e+03
8.690000000000000000e+02 1.365000000000000000e+03
1.265000000000000000e+03 8.690000000000000000e+02
9.960000000000000000e+02 1.071000000000000000e+03
1.033000000000000000e+03 1.075000000000000000e+03
1.071000000000000000e+03 1.076000000000000000e+03
1.122000000000000000e+03 1.060000000000000000e+03
9.650000000000000000e+02 1.064000000000000000e+03
1.056000000000000000e+03 9.700000000000000000e+02
1.013000000000000000e+03 9.740000000000000000e+02
1.097000000000000000e+03 9.760000000000000000e+02
1.122000000000000000e+03 9.920000000000000000e+02
1.158000000000000000e+03 1.088000000000000000e+03
9.780000000000000000e+02 1.684000000000000000e+03
1.119000000000000000e+03 1.035000000000000000e+03
1.282000000000000000e+03 1.061000000000000000e+03
1.204000000000000000e+03 1.062000000000000000e+03
1.038000000000000000e+03 1.272000000000000000e+03
8.900000000000000000e+02 1.478000000000000000e+03
8.840000000000000000e+02 1.500000000000000000e+03
9.370000000000000000e+02 1.484000000000000000e+03
9.700000000000000000e+02 1.490000000000000000e+03
9.240000000000000000e+02 1.499000000000000000e+03
9.570000000000000000e+02 1.499000000000000000e+03
1.027000000000000000e+03 1.527000000000000000e+03
8.580000000000000000e+02 1.350000000000000000e+03
8.620000000000000000e+02 1.303000000000000000e+03
1.178000000000000000e+03 9.610000000000000000e+02
9.480000000000000000e+02 1.165000000000000000e+03
9.670000000000000000e+02 1.314000000000000000e+03
9.680000000000000000e+02 1.286000000000000000e+03
1.160000000000000000e+03 1.256000000000000000e+03
8.600000000000000000e+02 1.242000000000000000e+03
1.082000000000000000e+03 9.200000000000000000e+02
1.138000000000000000e+03 9.320000000000000000e+02
1.228000000000000000e+03 7.960000000000000000e+02
9.080000000000000000e+02 9.690000000000000000e+02
9.750000000000000000e+02 9.900000000000000000e+02
1.064000000000000000e+03 1.488000000000000000e+03
1.249000000000000000e+03 1.468000000000000000e+03
9.370000000000000000e+02 1.342000000000000000e+03
9.010000000000000000e+02 1.357000000000000000e+03
1.018000000000000000e+03 1.499000000000000000e+03
1.009000000000000000e+03 1.499000000000000000e+03
1.160000000000000000e+03 9.030000000000000000e+02
9.710000000000000000e+02 1.327000000000000000e+03
1.006000000000000000e+03 9.310000000000000000e+02
1.012000000000000000e+03 8.950000000000000000e+02
1.066000000000000000e+03 7.030000000000000000e+02
1.202000000000000000e+03 8.450000000000000000e+02
1.042000000000000000e+03 7.900000000000000000e+02
1.202000000000000000e+03 9.410000000000000000e+02
1.240000000000000000e+03 9.030000000000000000e+02
8.880000000000000000e+02 1.491000000000000000e+03
9.310000000000000000e+02 1.492000000000000000e+03
9.640000000000000000e+02 1.495000000000000000e+03
9.270000000000000000e+02 1.348000000000000000e+03
1.013000000000000000e+03 1.499000000000000000e+03
9.900000000000000000e+02 1.506000000000000000e+03
1.003000000000000000e+03 1.500000000000000000e+03
9.120000000000000000e+02 1.340000000000000000e+03
9.510000000000000000e+02 1.502000000000000000e+03
9.180000000000000000e+02 1.503000000000000000e+03
8.790000000000000000e+02 1.506000000000000000e+03
8.760000000000000000e+02 1.607000000000000000e+03
8.880000000000000000e+02 1.545000000000000000e+03
8.860000000000000000e+02 1.529000000000000000e+03
8.840000000000000000e+02 1.516000000000000000e+03
8.800000000000000000e+02 1.505000000000000000e+03
9.510000000000000000e+02 1.502000000000000000e+03
9.580000000000000000e+02 1.507000000000000000e+03
9.650000000000000000e+02 1.514000000000000000e+03
9.700000000000000000e+02 1.523000000000000000e+03
1.016000000000000000e+03 1.430000000000000000e+03
1.284000000000000000e+03 1.248000000000000000e+03
9.750000000000000000e+02 1.501000000000000000e+03
9.830000000000000000e+02 1.503000000000000000e+03
8.840000000000000000e+02 1.374000000000000000e+03
9.570000000000000000e+02 1.350000000000000000e+03
8.920000000000000000e+02 1.366000000000000000e+03
9.910000000000000000e+02 1.187000000000000000e+03
1.060000000000000000e+03 1.212000000000000000e+03
9.760000000000000000e+02 1.301000000000000000e+03
1.167000000000000000e+03 7.390000000000000000e+02
1.139000000000000000e+03 8.050000000000000000e+02
1.095000000000000000e+03 8.850000000000000000e+02
9.870000000000000000e+02 1.559000000000000000e+03
9.210000000000000000e+02 9.130000000000000000e+02
9.390000000000000000e+02 7.910000000000000000e+02
9.550000000000000000e+02 6.880000000000000000e+02
1.103000000000000000e+03 1.072000000000000000e+03
1.202000000000000000e+03 1.118000000000000000e+03
9.440000000000000000e+02 1.057000000000000000e+03
1.162000000000000000e+03 1.011000000000000000e+03
9.180000000000000000e+02 1.139000000000000000e+03
9.370000000000000000e+02 1.307000000000000000e+03
1.251000000000000000e+03 1.147000000000000000e+03
1.173000000000000000e+03 1.147000000000000000e+03
1.120000000000000000e+03 1.162000000000000000e+03
1.043000000000000000e+03 1.155000000000000000e+03
9.880000000000000000e+02 1.137000000000000000e+03
9.480000000000000000e+02 1.119000000000000000e+03
8.600000000000000000e+02 1.087000000000000000e+03
1.250000000000000000e+03 1.236000000000000000e+03
1.194000000000000000e+03 1.007000000000000000e+03
8.450000000000000000e+02 1.370000000000000000e+03
9.480000000000000000e+02 1.212000000000000000e+03
1.291000000000000000e+03 1.050000000000000000e+03
9.170000000000000000e+02 1.099000000000000000e+03
9.800000000000000000e+02 1.299000000000000000e+03
1.138000000000000000e+03 1.038000000000000000e+03
9.380000000000000000e+02 1.273000000000000000e+03
1.273000000000000000e+03 1.356000000000000000e+03
9.460000000000000000e+02 1.043000000000000000e+03
8.990000000000000000e+02 1.253000000000000000e+03
1.170000000000000000e+03 1.580000000000000000e+03
1.164000000000000000e+03 1.630000000000000000e+03
1.284000000000000000e+03 1.247000000000000000e+03
1.221000000000000000e+03 1.518000000000000000e+03
1.262000000000000000e+03 9.750000000000000000e+02
9.880000000000000000e+02 1.733000000000000000e+03
8.400000000000000000e+02 1.377000000000000000e+03
9.870000000000000000e+02 1.240000000000000000e+03
1.240000000000000000e+03 1.070000000000000000e+03
1.066000000000000000e+03 1.047000000000000000e+03
1.034000000000000000e+03 1.047000000000000000e+03
9.970000000000000000e+02 1.511000000000000000e+03
1.248000000000000000e+03 1.325000000000000000e+03
9.090000000000000000e+02 1.794000000000000000e+03
1.041000000000000000e+03 1.734000000000000000e+03
1.099000000000000000e+03 1.691000000000000000e+03
1.004000000000000000e+03 1.044000000000000000e+03
9.750000000000000000e+02 1.042000000000000000e+03
9.550000000000000000e+02 1.043000000000000000e+03
1.223000000000000000e+03 9.970000000000000000e+02
9.850000000000000000e+02 1.020000000000000000e+03
1.018000000000000000e+03 1.010000000000000000e+03
1.050000000000000000e+03 1.008000000000000000e+03
1.080000000000000000e+03 1.013000000000000000e+03
1.100000000000000000e+03 1.022000000000000000e+03
1.284000000000000000e+03 9.490000000000000000e+02
1.087000000000000000e+03 1.045000000000000000e+03
9.720000000000000000e+02 1.411000000000000000e+03
9.360000000000000000e+02 1.338000000000000000e+03
8.860000000000000000e+02 1.408000000000000000e+03
1.110000000000000000e+03 1.640000000000000000e+03
1.052000000000000000e+03 1.688000000000000000e+03
9.100000000000000000e+02 1.762000000000000000e+03
1.211000000000000000e+03 1.559000000000000000e+03
9.590000000000000000e+02 1.034000000000000000e+03
8.890000000000000000e+02 1.160000000000000000e+03
9.800000000000000000e+02 1.770000000000000000e+03
1.275000000000000000e+03 1.345000000000000000e+03
9.180000000000000000e+02 1.503000000000000000e+03
9.260000000000000000e+02 1.511000000000000000e+03
9.300000000000000000e+02 1.522000000000000000e+03
9.330000000000000000e+02 1.536000000000000000e+03
9.370000000000000000e+02 1.587000000000000000e+03
9.840000000000000000e+02 1.499000000000000000e+03
9.910000000000000000e+02 1.497000000000000000e+03
9.970000000000000000e+02 1.495000000000000000e+03
1.050000000000000000e+03 1.455000000000000000e+03
1.199000000000000000e+03 1.350000000000000000e+03
8.880000000000000000e+02 1.110000000000000000e+03
9.140000000000000000e+02 1.019000000000000000e+03
9.410000000000000000e+02 1.020000000000000000e+03
9.760000000000000000e+02 1.501000000000000000e+03
1.207000000000000000e+03 1.455000000000000000e+03
8.760000000000000000e+02 1.023000000000000000e+03
9.580000000000000000e+02 1.634000000000000000e+03
8.590000000000000000e+02 1.139000000000000000e+03
9.220000000000000000e+02 1.229000000000000000e+03
8.880000000000000000e+02 1.658000000000000000e+03
1.063000000000000000e+03 1.550000000000000000e+03
1.015000000000000000e+03 1.331000000000000000e+03
1.015000000000000000e+03 1.598000000000000000e+03
1.108000000000000000e+03 1.319000000000000000e+03
1.055000000000000000e+03 1.372000000000000000e+03
1.148000000000000000e+03 1.386000000000000000e+03
9.020000000000000000e+02 1.715000000000000000e+03
9.500000000000000000e+02 1.249000000000000000e+03
1.098000000000000000e+03 1.587000000000000000e+03
1.038000000000000000e+03 1.639000000000000000e+03
1.103000000000000000e+03 1.496000000000000000e+03
1.242000000000000000e+03 1.401000000000000000e+03
1.155000000000000000e+03 1.504000000000000000e+03
1.257000000000000000e+03 1.435000000000000000e+03
1.092000000000000000e+03 1.422000000000000000e+03
9.170000000000000000e+02 1.186000000000000000e+03
9.250000000000000000e+02 1.331000000000000000e+03
9.550000000000000000e+02 1.332000000000000000e+03
9.020000000000000000e+02 1.305000000000000000e+03
9.450000000000000000e+02 9.870000000000000000e+02
1.008000000000000000e+03 9.600000000000000000e+02
1.065000000000000000e+03 9.520000000000000000e+02
1.112000000000000000e+03 9.590000000000000000e+02
1.146000000000000000e+03 9.790000000000000000e+02
1.167000000000000000e+03 1.050000000000000000e+03
1.287000000000000000e+03 1.153000000000000000e+03
1.134000000000000000e+03 1.105000000000000000e+03
1.092000000000000000e+03 1.115000000000000000e+03
1.040000000000000000e+03 1.113000000000000000e+03
9.910000000000000000e+02 1.102000000000000000e+03
9.540000000000000000e+02 1.091000000000000000e+03
9.280000000000000000e+02 1.080000000000000000e+03
1.287000000000000000e+03 1.148000000000000000e+03
9.550000000000000000e+02 1.339000000000000000e+03
8.900000000000000000e+02 1.205000000000000000e+03
8.920000000000000000e+02 1.341000000000000000e+03
8.710000000000000000e+02 1.361000000000000000e+03
8.940000000000000000e+02 1.346000000000000000e+03
9.440000000000000000e+02 1.349000000000000000e+03
8.600000000000000000e+02 1.367000000000000000e+03
8.570000000000000000e+02 1.372000000000000000e+03
9.310000000000000000e+02 1.046000000000000000e+03
9.080000000000000000e+02 1.058000000000000000e+03
8.930000000000000000e+02 1.068000000000000000e+03
1.111000000000000000e+03 1.029000000000000000e+03
1.139000000000000000e+03 1.012000000000000000e+03
5.990000000000000000e+02 1.033000000000000000e+03
6.420000000000000000e+02 1.030000000000000000e+03
5.970000000000000000e+02 9.980000000000000000e+02
5.570000000000000000e+02 1.036000000000000000e+03
6.010000000000000000e+02 1.068000000000000000e+03
1.046000000000000000e+03 1.029000000000000000e+03
1.086000000000000000e+03 1.028000000000000000e+03
1.046000000000000000e+03 9.970000000000000000e+02
1.005000000000000000e+03 1.029000000000000000e+03
1.046000000000000000e+03 1.061000000000000000e+03
0.000000000000000000e+00 0.000000000000000000e+00
1.749000000000000000e+03 0.000000000000000000e+00
1.749000000000000000e+03 2.187000000000000000e+03
0.000000000000000000e+00 2.187000000000000000e+03
8.700000000000000000e+01 0.000000000000000000e+00
8.700000000000000000e+01 2.187000000000000000e+03
0.000000000000000000e+00 1.090000000000000000e+02
1.749000000000000000e+03 1.090000000000000000e+02
1.750000000000000000e+02 0.000000000000000000e+00
1.750000000000000000e+02 2.187000000000000000e+03
0.000000000000000000e+00 2.180000000000000000e+02
1.749000000000000000e+03 2.180000000000000000e+02
2.620000000000000000e+02 0.000000000000000000e+00
2.620000000000000000e+02 2.187000000000000000e+03
0.000000000000000000e+00 3.280000000000000000e+02
1.749000000000000000e+03 3.280000000000000000e+02
3.500000000000000000e+02 0.000000000000000000e+00
3.500000000000000000e+02 2.187000000000000000e+03
0.000000000000000000e+00 4.370000000000000000e+02
1.749000000000000000e+03 4.370000000000000000e+02
4.370000000000000000e+02 0.000000000000000000e+00
4.370000000000000000e+02 2.187000000000000000e+03
0.000000000000000000e+00 5.470000000000000000e+02
1.749000000000000000e+03 5.470000000000000000e+02
5.250000000000000000e+02 0.000000000000000000e+00
5.250000000000000000e+02 2.187000000000000000e+03
0.000000000000000000e+00 6.560000000000000000e+02
1.749000000000000000e+03 6.560000000000000000e+02
6.120000000000000000e+02 0.000000000000000000e+00
6.120000000000000000e+02 2.187000000000000000e+03
0.000000000000000000e+00 7.650000000000000000e+02
1.749000000000000000e+03 7.650000000000000000e+02
7.000000000000000000e+02 0.000000000000000000e+00
7.000000000000000000e+02 2.187000000000000000e+03
0.000000000000000000e+00 8.750000000000000000e+02
1.749000000000000000e+03 8.750000000000000000e+02
7.870000000000000000e+02 0.000000000000000000e+00
7.870000000000000000e+02 2.187000000000000000e+03
0.000000000000000000e+00 9.840000000000000000e+02
1.749000000000000000e+03 9.840000000000000000e+02
8.750000000000000000e+02 0.000000000000000000e+00
8.750000000000000000e+02 2.187000000000000000e+03
0.000000000000000000e+00 1.094000000000000000e+03
1.749000000000000000e+03 1.094000000000000000e+03
9.620000000000000000e+02 0.000000000000000000e+00
9.620000000000000000e+02 2.187000000000000000e+03
0.000000000000000000e+00 1.203000000000000000e+03
1.749000000000000000e+03 1.203000000000000000e+03
1.050000000000000000e+03 0.000000000000000000e+00
1.050000000000000000e+03 2.187000000000000000e+03
0.000000000000000000e+00 1.312000000000000000e+03
1.749000000000000000e+03 1.312000000000000000e+03
1.137000000000000000e+03 0.000000000000000000e+00
1.137000000000000000e+03 2.187000000000000000e+03
0.000000000000000000e+00 1.422000000000000000e+03
1.749000000000000000e+03 1.422000000000000000e+03
1.225000000000000000e+03 0.000000000000000000e+00
1.225000000000000000e+03 2.187000000000000000e+03
0.000000000000000000e+00 1.531000000000000000e+03
1.749000000000000000e+03 1.531000000000000000e+03
1.312000000000000000e+03 0.000000000000000000e+00
1.312000000000000000e+03 2.187000000000000000e+03
0.000000000000000000e+00 1.641000000000000000e+03
1.749000000000000000e+03 1.641000000000000000e+03
1.400000000000000000e+03 0.000000000000000000e+00
1.400000000000000000e+03 2.187000000000000000e+03
0.000000000000000000e+00 1.750000000000000000e+03
1.749000000000000000e+03 1.750000000000000000e+03
1.487000000000000000e+03 0.000000000000000000e+00
1.487000000000000000e+03 2.187000000000000000e+03
0.000000000000000000e+00 1.859000000000000000e+03
1.749000000000000000e+03 1.859000000000000000e+03
1.575000000000000000e+03 0.000000000000000000e+00
1.575000000000000000e+03 2.187000000000000000e+03
0.000000000000000000e+00 1.969000000000000000e+03
1.749000000000000000e+03 1.969000000000000000e+03
1.662000000000000000e+03 0.000000000000000000e+00
1.662000000000000000e+03 2.187000000000000000e+03
0.000000000000000000e+00 2.078000000000000000e+03
1.749000000000000000e+03 2.078000000000000000e+03
