8.190000000000000000e+02 1.455000000000000000e+03
8.290000000000000000e+02 1.293000000000000000e+03
8.290000000000000000e+02 1.327000000000000000e+03
7.980000000000000000e+02 1.149000000000000000e+03
8.300000000000000000e+02 1.251000000000000000e+03
8.310000000000000000e+02 1.193000000000000000e+03
8.350000000000000000e+02 1.054000000000000000e+03
5.580000000000000000e+02 1.035000000000000000e+03
8.360000000000000000e+02 9.780000000000000000e+02
8.360000000000000000e+02 9.300000000000000000e+02
8.410000000000000000e+02 7.080000000000000000e+02
8.180000000000000000e+02 1.466000000000000000e+03
8.170000000000000000e+02 1.475000000000000000e+03
8.180000000000000000e+02 1.482000000000000000e+03
8.180000000000000000e+02 1.483000000000000000e+03
8.170000000000000000e+02 1.496000000000000000e+03
8.160000000000000000e+02 1.513000000000000000e+03
8.150000000000000000e+02 1.532000000000000000e+03
8.260000000000000000e+02 1.589000000000000000e+03
8.290000000000000000e+02 1.312000000000000000e+03
7.870000000000000000e+02 1.306000000000000000e+03
4.130000000000000000e+02 8.700000000000000000e+02
6.670000000000000000e+02 1.066000000000000000e+03
6.270000000000000000e+02 1.071000000000000000e+03
5.880000000000000000e+02 1.069000000000000000e+03
5.410000000000000000e+02 1.047000000000000000e+03
7.010000000000000000e+02 1.056000000000000000e+03
6.070000000000000000e+02 9.690000000000000000e+02
6.530000000000000000e+02 9.710000000000000000e+02
5.660000000000000000e+02 9.760000000000000000e+02
5.400000000000000000e+02 9.900000000000000000e+02
5.050000000000000000e+02 1.070000000000000000e+03
6.720000000000000000e+02 1.649000000000000000e+03
5.440000000000000000e+02 1.025000000000000000e+03
3.880000000000000000e+02 1.043000000000000000e+03
4.590000000000000000e+02 1.043000000000000000e+03
6.340000000000000000e+02 1.240000000000000000e+03
7.760000000000000000e+02 1.444000000000000000e+03
7.810000000000000000e+02 1.472000000000000000e+03
7.370000000000000000e+02 1.454000000000000000e+03
7.120000000000000000e+02 1.467000000000000000e+03
7.500000000000000000e+02 1.473000000000000000e+03
7.250000000000000000e+02 1.476000000000000000e+03
6.510000000000000000e+02 1.509000000000000000e+03
7.940000000000000000e+02 1.290000000000000000e+03
7.900000000000000000e+02 1.250000000000000000e+03
4.860000000000000000e+02 9.640000000000000000e+02
7.150000000000000000e+02 1.135000000000000000e+03
7.000000000000000000e+02 1.268000000000000000e+03
6.990000000000000000e+02 1.245000000000000000e+03
5.190000000000000000e+02 1.232000000000000000e+03
7.940000000000000000e+02 1.196000000000000000e+03
5.800000000000000000e+02 9.280000000000000000e+02
5.250000000000000000e+02 9.410000000000000000e+02
4.510000000000000000e+02 8.040000000000000000e+02
7.560000000000000000e+02 9.570000000000000000e+02
6.930000000000000000e+02 9.840000000000000000e+02
6.220000000000000000e+02 1.470000000000000000e+03
4.190000000000000000e+02 1.427000000000000000e+03
7.290000000000000000e+02 1.292000000000000000e+03
7.610000000000000000e+02 1.306000000000000000e+03
6.810000000000000000e+02 1.489000000000000000e+03
6.890000000000000000e+02 1.487000000000000000e+03
5.040000000000000000e+02 9.170000000000000000e+02
6.980000000000000000e+02 1.285000000000000000e+03
6.570000000000000000e+02 9.300000000000000000e+02
6.510000000000000000e+02 9.010000000000000000e+02
6.110000000000000000e+02 7.210000000000000000e+02
4.780000000000000000e+02 8.560000000000000000e+02
6.360000000000000000e+02 8.090000000000000000e+02
4.620000000000000000e+02 9.460000000000000000e+02
4.370000000000000000e+02 9.060000000000000000e+02
7.770000000000000000e+02 1.460000000000000000e+03
7.430000000000000000e+02 1.464000000000000000e+03
7.180000000000000000e+02 1.472000000000000000e+03
7.390000000000000000e+02 1.299000000000000000e+03
6.850000000000000000e+02 1.488000000000000000e+03
7.000000000000000000e+02 1.491000000000000000e+03
6.940000000000000000e+02 1.487000000000000000e+03
7.490000000000000000e+02 1.283000000000000000e+03
7.310000000000000000e+02 1.479000000000000000e+03
7.550000000000000000e+02 1.477000000000000000e+03
7.840000000000000000e+02 1.479000000000000000e+03
7.740000000000000000e+02 1.584000000000000000e+03
7.730000000000000000e+02 1.528000000000000000e+03
7.750000000000000000e+02 1.510000000000000000e+03
7.790000000000000000e+02 1.493000000000000000e+03
7.850000000000000000e+02 1.479000000000000000e+03
7.320000000000000000e+02 1.480000000000000000e+03
7.240000000000000000e+02 1.487000000000000000e+03
7.170000000000000000e+02 1.496000000000000000e+03
7.100000000000000000e+02 1.506000000000000000e+03
6.660000000000000000e+02 1.398000000000000000e+03
3.790000000000000000e+02 1.219000000000000000e+03
8.290000000000000000e+02 1.319000000000000000e+03
7.140000000000000000e+02 1.483000000000000000e+03
7.070000000000000000e+02 1.487000000000000000e+03
7.750000000000000000e+02 1.322000000000000000e+03
7.130000000000000000e+02 1.309000000000000000e+03
7.680000000000000000e+02 1.314000000000000000e+03
6.740000000000000000e+02 1.158000000000000000e+03
6.110000000000000000e+02 1.185000000000000000e+03
6.920000000000000000e+02 1.262000000000000000e+03
5.140000000000000000e+02 7.530000000000000000e+02
5.420000000000000000e+02 8.220000000000000000e+02
5.670000000000000000e+02 8.990000000000000000e+02
6.830000000000000000e+02 1.537000000000000000e+03
7.450000000000000000e+02 9.080000000000000000e+02
7.310000000000000000e+02 8.080000000000000000e+02
7.170000000000000000e+02 7.070000000000000000e+02
5.580000000000000000e+02 1.062000000000000000e+03
4.620000000000000000e+02 1.094000000000000000e+03
7.240000000000000000e+02 1.047000000000000000e+03
5.010000000000000000e+02 1.004000000000000000e+03
7.430000000000000000e+02 1.110000000000000000e+03
7.240000000000000000e+02 1.257000000000000000e+03
4.180000000000000000e+02 1.123000000000000000e+03
4.890000000000000000e+02 1.123000000000000000e+03
5.390000000000000000e+02 1.140000000000000000e+03
6.140000000000000000e+02 1.135000000000000000e+03
6.690000000000000000e+02 1.119000000000000000e+03
7.100000000000000000e+02 1.102000000000000000e+03
7.960000000000000000e+02 1.062000000000000000e+03
4.250000000000000000e+02 1.210000000000000000e+03
4.690000000000000000e+02 9.990000000000000000e+02
8.070000000000000000e+02 1.310000000000000000e+03
7.160000000000000000e+02 1.178000000000000000e+03
3.790000000000000000e+02 1.036000000000000000e+03
7.420000000000000000e+02 1.084000000000000000e+03
6.900000000000000000e+02 1.263000000000000000e+03
5.260000000000000000e+02 1.026000000000000000e+03
7.240000000000000000e+02 1.228000000000000000e+03
3.910000000000000000e+02 1.319000000000000000e+03
7.240000000000000000e+02 1.034000000000000000e+03
7.580000000000000000e+02 1.208000000000000000e+03
5.000000000000000000e+02 1.539000000000000000e+03
4.990000000000000000e+02 1.586000000000000000e+03
3.860000000000000000e+02 1.215000000000000000e+03
4.570000000000000000e+02 1.476000000000000000e+03
4.120000000000000000e+02 9.670000000000000000e+02
6.570000000000000000e+02 1.695000000000000000e+03
8.110000000000000000e+02 1.317000000000000000e+03
6.810000000000000000e+02 1.207000000000000000e+03
4.250000000000000000e+02 1.045000000000000000e+03
5.950000000000000000e+02 1.048000000000000000e+03
6.280000000000000000e+02 1.050000000000000000e+03
6.930000000000000000e+02 1.497000000000000000e+03
4.340000000000000000e+02 1.294000000000000000e+03
7.310000000000000000e+02 1.762000000000000000e+03
6.050000000000000000e+02 1.696000000000000000e+03
5.540000000000000000e+02 1.650000000000000000e+03
8.390000000000000000e+02 8.120000000000000000e+02
8.230000000000000000e+02 1.773000000000000000e+03
6.610000000000000000e+02 1.046000000000000000e+03
6.940000000000000000e+02 1.040000000000000000e+03
7.140000000000000000e+02 1.036000000000000000e+03
4.410000000000000000e+02 9.870000000000000000e+02
6.870000000000000000e+02 1.010000000000000000e+03
6.510000000000000000e+02 1.003000000000000000e+03
6.170000000000000000e+02 1.003000000000000000e+03
5.840000000000000000e+02 1.008000000000000000e+03
5.640000000000000000e+02 1.015000000000000000e+03
3.910000000000000000e+02 9.430000000000000000e+02
5.730000000000000000e+02 1.041000000000000000e+03
8.290000000000000000e+02 1.362000000000000000e+03
7.010000000000000000e+02 1.373000000000000000e+03
7.290000000000000000e+02 1.286000000000000000e+03
7.740000000000000000e+02 1.362000000000000000e+03
8.360000000000000000e+02 1.012000000000000000e+03
5.480000000000000000e+02 1.600000000000000000e+03
5.990000000000000000e+02 1.649000000000000000e+03
7.320000000000000000e+02 1.728000000000000000e+03
4.570000000000000000e+02 1.516000000000000000e+03
7.120000000000000000e+02 1.024000000000000000e+03
7.690000000000000000e+02 1.126000000000000000e+03
8.230000000000000000e+02 1.739000000000000000e+03
6.620000000000000000e+02 1.735000000000000000e+03
3.980000000000000000e+02 1.307000000000000000e+03
7.560000000000000000e+02 1.478000000000000000e+03
7.480000000000000000e+02 1.489000000000000000e+03
7.420000000000000000e+02 1.502000000000000000e+03
7.370000000000000000e+02 1.519000000000000000e+03
7.220000000000000000e+02 1.564000000000000000e+03
7.070000000000000000e+02 1.482000000000000000e+03
6.990000000000000000e+02 1.480000000000000000e+03
6.940000000000000000e+02 1.478000000000000000e+03
6.380000000000000000e+02 1.431000000000000000e+03
4.880000000000000000e+02 1.320000000000000000e+03
7.710000000000000000e+02 1.083000000000000000e+03
7.520000000000000000e+02 1.009000000000000000e+03
7.280000000000000000e+02 1.011000000000000000e+03
7.140000000000000000e+02 1.483000000000000000e+03
4.790000000000000000e+02 1.419000000000000000e+03
7.840000000000000000e+02 1.012000000000000000e+03
6.970000000000000000e+02 1.604000000000000000e+03
8.330000000000000000e+02 1.145000000000000000e+03
7.960000000000000000e+02 1.107000000000000000e+03
8.340000000000000000e+02 1.100000000000000000e+03
7.390000000000000000e+02 1.191000000000000000e+03
8.240000000000000000e+02 1.691000000000000000e+03
8.250000000000000000e+02 1.635000000000000000e+03
7.590000000000000000e+02 1.629000000000000000e+03
6.060000000000000000e+02 1.523000000000000000e+03
6.580000000000000000e+02 1.296000000000000000e+03
6.470000000000000000e+02 1.569000000000000000e+03
5.730000000000000000e+02 1.288000000000000000e+03
6.240000000000000000e+02 1.339000000000000000e+03
5.400000000000000000e+02 1.355000000000000000e+03
7.420000000000000000e+02 1.681000000000000000e+03
7.140000000000000000e+02 1.212000000000000000e+03
5.670000000000000000e+02 1.553000000000000000e+03
6.180000000000000000e+02 1.604000000000000000e+03
5.770000000000000000e+02 1.470000000000000000e+03
4.430000000000000000e+02 1.365000000000000000e+03
5.260000000000000000e+02 1.471000000000000000e+03
4.180000000000000000e+02 1.393000000000000000e+03
5.950000000000000000e+02 1.395000000000000000e+03
7.430000000000000000e+02 1.151000000000000000e+03
7.360000000000000000e+02 1.276000000000000000e+03
7.120000000000000000e+02 1.283000000000000000e+03
7.540000000000000000e+02 1.252000000000000000e+03
7.220000000000000000e+02 9.780000000000000000e+02
6.550000000000000000e+02 9.580000000000000000e+02
5.970000000000000000e+02 9.550000000000000000e+02
5.500000000000000000e+02 9.630000000000000000e+02
5.180000000000000000e+02 9.790000000000000000e+02
4.970000000000000000e+02 1.035000000000000000e+03
3.800000000000000000e+02 1.128000000000000000e+03
5.270000000000000000e+02 1.087000000000000000e+03
5.660000000000000000e+02 1.099000000000000000e+03
6.190000000000000000e+02 1.099000000000000000e+03
6.680000000000000000e+02 1.090000000000000000e+03
7.080000000000000000e+02 1.077000000000000000e+03
7.350000000000000000e+02 1.066000000000000000e+03
3.770000000000000000e+02 1.127000000000000000e+03
7.120000000000000000e+02 1.292000000000000000e+03
7.670000000000000000e+02 1.166000000000000000e+03
7.640000000000000000e+02 1.282000000000000000e+03
7.850000000000000000e+02 1.301000000000000000e+03
7.640000000000000000e+02 1.287000000000000000e+03
7.240000000000000000e+02 1.304000000000000000e+03
7.930000000000000000e+02 1.306000000000000000e+03
7.970000000000000000e+02 1.313000000000000000e+03
7.370000000000000000e+02 1.036000000000000000e+03
7.560000000000000000e+02 1.047000000000000000e+03
7.670000000000000000e+02 1.056000000000000000e+03
5.530000000000000000e+02 1.020000000000000000e+03
5.240000000000000000e+02 1.005000000000000000e+03
8.670000000000000000e+02 1.151000000000000000e+03
1.115000000000000000e+03 1.045000000000000000e+03
8.710000000000000000e+02 1.308000000000000000e+03
1.265000000000000000e+03 8.930000000000000000e+02
1.004000000000000000e+03 1.070000000000000000e+03
1.042000000000000000e+03 1.076000000000000000e+03
1.080000000000000000e+03 1.077000000000000000e+03
1.131000000000000000e+03 1.059000000000000000e+03
9.710000000000000000e+02 1.060000000000000000e+03
1.069000000000000000e+03 9.810000000000000000e+02
1.023000000000000000e+03 9.810000000000000000e+02
1.109000000000000000e+03 9.900000000000000000e+02
1.134000000000000000e+03 1.004000000000000000e+03
1.166000000000000000e+03 1.085000000000000000e+03
9.790000000000000000e+02 1.658000000000000000e+03
1.131000000000000000e+03 1.037000000000000000e+03
1.287000000000000000e+03 1.068000000000000000e+03
1.214000000000000000e+03 1.062000000000000000e+03
1.030000000000000000e+03 1.249000000000000000e+03
8.640000000000000000e+02 1.445000000000000000e+03
8.570000000000000000e+02 1.473000000000000000e+03
9.040000000000000000e+02 1.457000000000000000e+03
9.310000000000000000e+02 1.470000000000000000e+03
8.900000000000000000e+02 1.475000000000000000e+03
9.170000000000000000e+02 1.479000000000000000e+03
1.008000000000000000e+03 1.518000000000000000e+03
8.640000000000000000e+02 1.292000000000000000e+03
8.700000000000000000e+02 1.252000000000000000e+03
1.192000000000000000e+03 9.850000000000000000e+02
9.520000000000000000e+02 1.140000000000000000e+03
9.620000000000000000e+02 1.274000000000000000e+03
9.640000000000000000e+02 1.251000000000000000e+03
1.145000000000000000e+03 1.248000000000000000e+03
8.690000000000000000e+02 1.198000000000000000e+03
1.096000000000000000e+03 9.440000000000000000e+02
1.153000000000000000e+03 9.600000000000000000e+02
1.227000000000000000e+03 8.250000000000000000e+02
9.160000000000000000e+02 9.610000000000000000e+02
9.830000000000000000e+02 9.910000000000000000e+02
1.039000000000000000e+03 1.481000000000000000e+03
1.250000000000000000e+03 1.452000000000000000e+03
9.310000000000000000e+02 1.297000000000000000e+03
8.980000000000000000e+02 1.309000000000000000e+03
9.660000000000000000e+02 1.493000000000000000e+03
9.580000000000000000e+02 1.492000000000000000e+03
1.176000000000000000e+03 9.380000000000000000e+02
9.630000000000000000e+02 1.291000000000000000e+03
1.018000000000000000e+03 9.410000000000000000e+02
1.027000000000000000e+03 9.130000000000000000e+02
1.070000000000000000e+03 7.340000000000000000e+02
1.197000000000000000e+03 8.760000000000000000e+02
1.041000000000000000e+03 8.210000000000000000e+02
1.217000000000000000e+03 9.670000000000000000e+02
1.238000000000000000e+03 9.290000000000000000e+02
8.610000000000000000e+02 1.461000000000000000e+03
8.970000000000000000e+02 1.467000000000000000e+03
9.240000000000000000e+02 1.475000000000000000e+03
9.210000000000000000e+02 1.304000000000000000e+03
9.610000000000000000e+02 1.493000000000000000e+03
9.440000000000000000e+02 1.496000000000000000e+03
9.530000000000000000e+02 1.491000000000000000e+03
9.110000000000000000e+02 1.287000000000000000e+03
9.110000000000000000e+02 1.482000000000000000e+03
8.850000000000000000e+02 1.479000000000000000e+03
8.530000000000000000e+02 1.480000000000000000e+03
8.780000000000000000e+02 1.588000000000000000e+03
8.590000000000000000e+02 1.530000000000000000e+03
8.580000000000000000e+02 1.511000000000000000e+03
8.560000000000000000e+02 1.495000000000000000e+03
8.540000000000000000e+02 1.481000000000000000e+03
9.120000000000000000e+02 1.483000000000000000e+03
9.180000000000000000e+02 1.490000000000000000e+03
9.240000000000000000e+02 1.500000000000000000e+03
9.300000000000000000e+02 1.511000000000000000e+03
9.940000000000000000e+02 1.406000000000000000e+03
1.293000000000000000e+03 1.245000000000000000e+03
9.320000000000000000e+02 1.486000000000000000e+03
9.380000000000000000e+02 1.491000000000000000e+03
8.840000000000000000e+02 1.325000000000000000e+03
9.470000000000000000e+02 1.315000000000000000e+03
8.910000000000000000e+02 1.317000000000000000e+03
9.920000000000000000e+02 1.165000000000000000e+03
1.055000000000000000e+03 1.197000000000000000e+03
9.700000000000000000e+02 1.268000000000000000e+03
1.166000000000000000e+03 7.700000000000000000e+02
1.133000000000000000e+03 8.390000000000000000e+02
1.112000000000000000e+03 9.170000000000000000e+02
9.740000000000000000e+02 1.545000000000000000e+03
9.310000000000000000e+02 9.140000000000000000e+02
9.460000000000000000e+02 8.130000000000000000e+02
9.660000000000000000e+02 7.140000000000000000e+02
1.112000000000000000e+03 1.072000000000000000e+03
1.208000000000000000e+03 1.113000000000000000e+03
9.500000000000000000e+02 1.051000000000000000e+03
1.173000000000000000e+03 1.021000000000000000e+03
9.250000000000000000e+02 1.114000000000000000e+03
9.370000000000000000e+02 1.262000000000000000e+03
1.252000000000000000e+03 1.146000000000000000e+03
1.180000000000000000e+03 1.140000000000000000e+03
1.127000000000000000e+03 1.153000000000000000e+03
1.050000000000000000e+03 1.144000000000000000e+03
9.950000000000000000e+02 1.125000000000000000e+03
9.540000000000000000e+02 1.107000000000000000e+03
8.740000000000000000e+02 1.063000000000000000e+03
1.243000000000000000e+03 1.233000000000000000e+03
1.206000000000000000e+03 1.018000000000000000e+03
8.510000000000000000e+02 1.311000000000000000e+03
9.490000000000000000e+02 1.183000000000000000e+03
1.297000000000000000e+03 1.061000000000000000e+03
9.240000000000000000e+02 1.087000000000000000e+03
9.720000000000000000e+02 1.269000000000000000e+03
1.148000000000000000e+03 1.040000000000000000e+03
9.380000000000000000e+02 1.233000000000000000e+03
1.279000000000000000e+03 1.346000000000000000e+03
9.520000000000000000e+02 1.038000000000000000e+03
9.050000000000000000e+02 1.211000000000000000e+03
1.162000000000000000e+03 1.559000000000000000e+03
1.163000000000000000e+03 1.606000000000000000e+03
1.285000000000000000e+03 1.242000000000000000e+03
1.208000000000000000e+03 1.499000000000000000e+03
1.264000000000000000e+03 9.900000000000000000e+02
9.920000000000000000e+02 1.705000000000000000e+03
8.470000000000000000e+02 1.317000000000000000e+03
9.840000000000000000e+02 1.215000000000000000e+03
1.247000000000000000e+03 1.068000000000000000e+03
1.076000000000000000e+03 1.054000000000000000e+03
1.043000000000000000e+03 1.054000000000000000e+03
9.510000000000000000e+02 1.501000000000000000e+03
1.233000000000000000e+03 1.317000000000000000e+03
9.150000000000000000e+02 1.767000000000000000e+03
1.047000000000000000e+03 1.708000000000000000e+03
1.103000000000000000e+03 1.666000000000000000e+03
1.011000000000000000e+03 1.050000000000000000e+03
9.810000000000000000e+02 1.043000000000000000e+03
9.620000000000000000e+02 1.041000000000000000e+03
1.235000000000000000e+03 1.009000000000000000e+03
9.890000000000000000e+02 1.016000000000000000e+03
1.024000000000000000e+03 1.009000000000000000e+03
1.058000000000000000e+03 1.010000000000000000e+03
1.091000000000000000e+03 1.017000000000000000e+03
1.111000000000000000e+03 1.026000000000000000e+03
1.286000000000000000e+03 9.670000000000000000e+02
1.099000000000000000e+03 1.050000000000000000e+03
9.590000000000000000e+02 1.380000000000000000e+03
9.310000000000000000e+02 1.291000000000000000e+03
8.850000000000000000e+02 1.365000000000000000e+03
1.109000000000000000e+03 1.617000000000000000e+03
1.054000000000000000e+03 1.663000000000000000e+03
9.150000000000000000e+02 1.733000000000000000e+03
1.208000000000000000e+03 1.539000000000000000e+03
9.640000000000000000e+02 1.029000000000000000e+03
8.990000000000000000e+02 1.129000000000000000e+03
9.870000000000000000e+02 1.743000000000000000e+03
1.271000000000000000e+03 1.333000000000000000e+03
8.850000000000000000e+02 1.480000000000000000e+03
8.910000000000000000e+02 1.492000000000000000e+03
8.950000000000000000e+02 1.505000000000000000e+03
8.980000000000000000e+02 1.522000000000000000e+03
9.320000000000000000e+02 1.570000000000000000e+03
9.390000000000000000e+02 1.485000000000000000e+03
9.450000000000000000e+02 1.484000000000000000e+03
9.510000000000000000e+02 1.482000000000000000e+03
1.023000000000000000e+03 1.441000000000000000e+03
1.176000000000000000e+03 1.339000000000000000e+03
8.990000000000000000e+02 1.086000000000000000e+03
9.200000000000000000e+02 1.012000000000000000e+03
9.470000000000000000e+02 1.016000000000000000e+03
9.320000000000000000e+02 1.486000000000000000e+03
1.185000000000000000e+03 1.439000000000000000e+03
8.830000000000000000e+02 1.013000000000000000e+03
9.560000000000000000e+02 1.611000000000000000e+03
8.710000000000000000e+02 1.109000000000000000e+03
9.260000000000000000e+02 1.195000000000000000e+03
8.910000000000000000e+02 1.633000000000000000e+03
1.052000000000000000e+03 1.536000000000000000e+03
1.004000000000000000e+03 1.304000000000000000e+03
1.009000000000000000e+03 1.579000000000000000e+03
1.090000000000000000e+03 1.301000000000000000e+03
1.037000000000000000e+03 1.349000000000000000e+03
1.123000000000000000e+03 1.371000000000000000e+03
9.060000000000000000e+02 1.686000000000000000e+03
9.500000000000000000e+02 1.217000000000000000e+03
1.091000000000000000e+03 1.569000000000000000e+03
1.037000000000000000e+03 1.617000000000000000e+03
1.083000000000000000e+03 1.485000000000000000e+03
1.223000000000000000e+03 1.388000000000000000e+03
1.136000000000000000e+03 1.489000000000000000e+03
1.249000000000000000e+03 1.419000000000000000e+03
1.067000000000000000e+03 1.408000000000000000e+03
9.230000000000000000e+02 1.155000000000000000e+03
9.240000000000000000e+02 1.280000000000000000e+03
9.490000000000000000e+02 1.288000000000000000e+03
9.060000000000000000e+02 1.255000000000000000e+03
9.520000000000000000e+02 9.840000000000000000e+02
1.020000000000000000e+03 9.680000000000000000e+02
1.079000000000000000e+03 9.690000000000000000e+02
1.126000000000000000e+03 9.790000000000000000e+02
1.158000000000000000e+03 9.960000000000000000e+02
1.176000000000000000e+03 1.051000000000000000e+03
1.292000000000000000e+03 1.153000000000000000e+03
1.143000000000000000e+03 1.100000000000000000e+03
1.101000000000000000e+03 1.110000000000000000e+03
1.048000000000000000e+03 1.107000000000000000e+03
9.980000000000000000e+02 1.095000000000000000e+03
9.610000000000000000e+02 1.082000000000000000e+03
9.340000000000000000e+02 1.070000000000000000e+03
1.297000000000000000e+03 1.152000000000000000e+03
9.480000000000000000e+02 1.298000000000000000e+03
8.980000000000000000e+02 1.169000000000000000e+03
8.940000000000000000e+02 1.285000000000000000e+03
8.740000000000000000e+02 1.303000000000000000e+03
8.950000000000000000e+02 1.290000000000000000e+03
9.350000000000000000e+02 1.309000000000000000e+03
8.650000000000000000e+02 1.308000000000000000e+03
8.610000000000000000e+02 1.314000000000000000e+03
9.370000000000000000e+02 1.040000000000000000e+03
9.140000000000000000e+02 1.049000000000000000e+03
9.000000000000000000e+02 1.058000000000000000e+03
1.122000000000000000e+03 1.032000000000000000e+03
1.150000000000000000e+03 1.020000000000000000e+03
6.190000000000000000e+02 1.019000000000000000e+03
6.590000000000000000e+02 1.018000000000000000e+03
6.190000000000000000e+02 9.850000000000000000e+02
5.790000000000000000e+02 1.020000000000000000e+03
6.190000000000000000e+02 1.054000000000000000e+03
1.049000000000000000e+03 1.028000000000000000e+03
1.090000000000000000e+03 1.030000000000000000e+03
1.050000000000000000e+03 9.950000000000000000e+02
1.009000000000000000e+03 1.026000000000000000e+03
1.048000000000000000e+03 1.062000000000000000e+03
0.000000000000000000e+00 0.000000000000000000e+00
1.749000000000000000e+03 0.000000000000000000e+00
1.749000000000000000e+03 2.187000000000000000e+03
0.000000000000000000e+00 2.187000000000000000e+03
8.700000000000000000e+01 0.000000000000000000e+00
8.700000000000000000e+01 2.187000000000000000e+03
0.000000000000000000e+00 1.090000000000000000e+02
1.749000000000000000e+03 1.090000000000000000e+02
1.750000000000000000e+02 0.000000000000000000e+00
1.750000000000000000e+02 2.187000000000000000e+03
0.000000000000000000e+00 2.180000000000000000e+02
1.749000000000000000e+03 2.180000000000000000e+02
2.620000000000000000e+02 0.000000000000000000e+00
2.620000000000000000e+02 2.187000000000000000e+03
0.000000000000000000e+00 3.280000000000000000e+02
1.749000000000000000e+03 3.280000000000000000e+02
3.500000000000000000e+02 0.000000000000000000e+00
3.500000000000000000e+02 2.187000000000000000e+03
0.000000000000000000e+00 4.370000000000000000e+02
1.749000000000000000e+03 4.370000000000000000e+02
4.370000000000000000e+02 0.000000000000000000e+00
4.370000000000000000e+02 2.187000000000000000e+03
0.000000000000000000e+00 5.470000000000000000e+02
1.749000000000000000e+03 5.470000000000000000e+02
5.250000000000000000e+02 0.000000000000000000e+00
5.250000000000000000e+02 2.187000000000000000e+03
0.000000000000000000e+00 6.560000000000000000e+02
1.749000000000000000e+03 6.560000000000000000e+02
6.120000000000000000e+02 0.000000000000000000e+00
6.120000000000000000e+02 2.187000000000000000e+03
0.000000000000000000e+00 7.650000000000000000e+02
1.749000000000000000e+03 7.650000000000000000e+02
7.000000000000000000e+02 0.000000000000000000e+00
7.000000000000000000e+02 2.187000000000000000e+03
0.000000000000000000e+00 8.750000000000000000e+02
1.749000000000000000e+03 8.750000000000000000e+02
7.870000000000000000e+02 0.000000000000000000e+00
7.870000000000000000e+02 2.187000000000000000e+03
0.000000000000000000e+00 9.840000000000000000e+02
1.749000000000000000e+03 9.840000000000000000e+02
8.750000000000000000e+02 0.000000000000000000e+00
8.750000000000000000e+02 2.187000000000000000e+03
0.000000000000000000e+00 1.094000000000000000e+03
1.749000000000000000e+03 1.094000000000000000e+03
9.620000000000000000e+02 0.000000000000000000e+00
9.620000000000000000e+02 2.187000000000000000e+03
0.000000000000000000e+00 1.203000000000000000e+03
1.749000000000000000e+03 1.203000000000000000e+03
1.050000000000000000e+03 0.000000000000000000e+00
1.050000000000000000e+03 2.187000000000000000e+03
0.000000000000000000e+00 1.312000000000000000e+03
1.749000000000000000e+03 1.312000000000000000e+03
1.137000000000000000e+03 0.000000000000000000e+00
1.137000000000000000e+03 2.187000000000000000e+03
0.000000000000000000e+00 1.422000000000000000e+03
1.749000000000000000e+03 1.422000000000000000e+03
1.225000000000000000e+03 0.000000000000000000e+00
1.225000000000000000e+03 2.187000000000000000e+03
0.000000000000000000e+00 1.531000000000000000e+03
1.749000000000000000e+03 1.531000000000000000e+03
1.312000000000000000e+03 0.000000000000000000e+00
1.312000000000000000e+03 2.187000000000000000e+03
0.000000000000000000e+00 1.641000000000000000e+03
1.749000000000000000e+03 1.641000000000000000e+03
1.400000000000000000e+03 0.000000000000000000e+00
1.400000000000000000e+03 2.187000000000000000e+03
0.000000000000000000e+00 1.750000000000000000e+03
1.749000000000000000e+03 1.750000000000000000e+03
1.487000000000000000e+03 0.000000000000000000e+00
1.487000000000000000e+03 2.187000000000000000e+03
0.000000000000000000e+00 1.859000000000000000e+03
1.749000000000000000e+03 1.859000000000000000e+03
1.575000000000000000e+03 0.000000000000000000e+00
1.575000000000000000e+03 2.187000000000000000e+03
0.000000000000000000e+00 1.969000000000000000e+03
1.749000000000000000e+03 1.969000000000000000e+03
1.662000000000000000e+03 0.000000000000000000e+00
1.662000000000000000e+03 2.187000000000000000e+03
0.000000000000000000e+00 2.078000000000000000e+03
1.749000000000000000e+03 2.078000000000000000e+03
