8.060000000000000000e+02 1.548000000000000000e+03
7.900000000000000000e+02 1.391000000000000000e+03
7.900000000000000000e+02 1.444000000000000000e+03
7.500000000000000000e+02 1.210000000000000000e+03
7.910000000000000000e+02 1.334000000000000000e+03
7.920000000000000000e+02 1.261000000000000000e+03
7.960000000000000000e+02 1.090000000000000000e+03
4.410000000000000000e+02 1.086000000000000000e+03
7.980000000000000000e+02 9.680000000000000000e+02
7.990000000000000000e+02 8.970000000000000000e+02
8.060000000000000000e+02 6.280000000000000000e+02
8.060000000000000000e+02 1.580000000000000000e+03
8.050000000000000000e+02 1.621000000000000000e+03
8.040000000000000000e+02 1.652000000000000000e+03
8.040000000000000000e+02 1.654000000000000000e+03
8.040000000000000000e+02 1.684000000000000000e+03
8.040000000000000000e+02 1.720000000000000000e+03
8.030000000000000000e+02 1.759000000000000000e+03
7.900000000000000000e+02 1.824000000000000000e+03
7.900000000000000000e+02 1.420000000000000000e+03
7.400000000000000000e+02 1.418000000000000000e+03
2.680000000000000000e+02 8.900000000000000000e+02
5.830000000000000000e+02 1.129000000000000000e+03
5.310000000000000000e+02 1.133000000000000000e+03
4.820000000000000000e+02 1.130000000000000000e+03
4.210000000000000000e+02 1.105000000000000000e+03
6.290000000000000000e+02 1.117000000000000000e+03
5.050000000000000000e+02 9.790000000000000000e+02
5.660000000000000000e+02 9.850000000000000000e+02
4.490000000000000000e+02 9.890000000000000000e+02
4.150000000000000000e+02 1.012000000000000000e+03
3.800000000000000000e+02 1.137000000000000000e+03
6.020000000000000000e+02 1.887000000000000000e+03
4.250000000000000000e+02 1.074000000000000000e+03
2.430000000000000000e+02 1.122000000000000000e+03
3.280000000000000000e+02 1.101000000000000000e+03
5.400000000000000000e+02 1.344000000000000000e+03
7.370000000000000000e+02 1.540000000000000000e+03
7.440000000000000000e+02 1.625000000000000000e+03
6.620000000000000000e+02 1.578000000000000000e+03
6.160000000000000000e+02 1.618000000000000000e+03
6.900000000000000000e+02 1.637000000000000000e+03
6.490000000000000000e+02 1.653000000000000000e+03
5.610000000000000000e+02 1.700000000000000000e+03
7.470000000000000000e+02 1.389000000000000000e+03
7.410000000000000000e+02 1.334000000000000000e+03
3.430000000000000000e+02 9.610000000000000000e+02
6.440000000000000000e+02 1.210000000000000000e+03
6.210000000000000000e+02 1.371000000000000000e+03
6.190000000000000000e+02 1.342000000000000000e+03
3.960000000000000000e+02 1.339000000000000000e+03
7.450000000000000000e+02 1.267000000000000000e+03
4.550000000000000000e+02 8.980000000000000000e+02
3.870000000000000000e+02 9.190000000000000000e+02
3.110000000000000000e+02 7.890000000000000000e+02
6.840000000000000000e+02 9.450000000000000000e+02
6.190000000000000000e+02 1.008000000000000000e+03
5.250000000000000000e+02 1.643000000000000000e+03
2.840000000000000000e+02 1.640000000000000000e+03
6.600000000000000000e+02 1.402000000000000000e+03
7.030000000000000000e+02 1.419000000000000000e+03
5.750000000000000000e+02 1.681000000000000000e+03
5.890000000000000000e+02 1.680000000000000000e+03
3.610000000000000000e+02 8.870000000000000000e+02
6.180000000000000000e+02 1.395000000000000000e+03
5.510000000000000000e+02 9.010000000000000000e+02
5.410000000000000000e+02 8.590000000000000000e+02
5.100000000000000000e+02 6.560000000000000000e+02
3.420000000000000000e+02 8.390000000000000000e+02
5.370000000000000000e+02 7.570000000000000000e+02
3.180000000000000000e+02 9.400000000000000000e+02
2.960000000000000000e+02 9.190000000000000000e+02
7.380000000000000000e+02 1.582000000000000000e+03
6.750000000000000000e+02 1.608000000000000000e+03
6.320000000000000000e+02 1.635000000000000000e+03
6.720000000000000000e+02 1.412000000000000000e+03
5.820000000000000000e+02 1.681000000000000000e+03
6.080000000000000000e+02 1.687000000000000000e+03
5.970000000000000000e+02 1.678000000000000000e+03
6.870000000000000000e+02 1.386000000000000000e+03
6.610000000000000000e+02 1.664000000000000000e+03
7.010000000000000000e+02 1.657000000000000000e+03
7.490000000000000000e+02 1.653000000000000000e+03
7.190000000000000000e+02 1.818000000000000000e+03
7.330000000000000000e+02 1.754000000000000000e+03
7.370000000000000000e+02 1.716000000000000000e+03
7.430000000000000000e+02 1.680000000000000000e+03
7.490000000000000000e+02 1.654000000000000000e+03
6.620000000000000000e+02 1.664000000000000000e+03
6.510000000000000000e+02 1.678000000000000000e+03
6.370000000000000000e+02 1.695000000000000000e+03
6.260000000000000000e+02 1.715000000000000000e+03
5.760000000000000000e+02 1.543000000000000000e+03
2.400000000000000000e+02 1.370000000000000000e+03
7.900000000000000000e+02 1.432000000000000000e+03
6.310000000000000000e+02 1.671000000000000000e+03
6.200000000000000000e+02 1.679000000000000000e+03
7.200000000000000000e+02 1.440000000000000000e+03
6.370000000000000000e+02 1.427000000000000000e+03
7.120000000000000000e+02 1.430000000000000000e+03
5.900000000000000000e+02 1.241000000000000000e+03
5.110000000000000000e+02 1.276000000000000000e+03
6.100000000000000000e+02 1.366000000000000000e+03
3.870000000000000000e+02 7.080000000000000000e+02
4.180000000000000000e+02 7.820000000000000000e+02
4.370000000000000000e+02 8.570000000000000000e+02
6.000000000000000000e+02 1.744000000000000000e+03
6.650000000000000000e+02 8.740000000000000000e+02
6.610000000000000000e+02 7.540000000000000000e+02
6.450000000000000000e+02 6.320000000000000000e+02
4.430000000000000000e+02 1.122000000000000000e+03
3.290000000000000000e+02 1.171000000000000000e+03
6.590000000000000000e+02 1.104000000000000000e+03
3.690000000000000000e+02 1.035000000000000000e+03
6.810000000000000000e+02 1.175000000000000000e+03
6.550000000000000000e+02 1.352000000000000000e+03
2.780000000000000000e+02 1.216000000000000000e+03
3.580000000000000000e+02 1.206000000000000000e+03
4.180000000000000000e+02 1.224000000000000000e+03
5.150000000000000000e+02 1.218000000000000000e+03
5.890000000000000000e+02 1.198000000000000000e+03
6.450000000000000000e+02 1.175000000000000000e+03
7.480000000000000000e+02 1.103000000000000000e+03
2.830000000000000000e+02 1.328000000000000000e+03
3.330000000000000000e+02 1.027000000000000000e+03
7.630000000000000000e+02 1.418000000000000000e+03
6.440000000000000000e+02 1.261000000000000000e+03
2.360000000000000000e+02 1.125000000000000000e+03
6.850000000000000000e+02 1.146000000000000000e+03
6.070000000000000000e+02 1.370000000000000000e+03
4.020000000000000000e+02 1.076000000000000000e+03
6.550000000000000000e+02 1.316000000000000000e+03
2.510000000000000000e+02 1.501000000000000000e+03
6.610000000000000000e+02 1.086000000000000000e+03
7.000000000000000000e+02 1.286000000000000000e+03
3.880000000000000000e+02 1.760000000000000000e+03
3.900000000000000000e+02 1.829000000000000000e+03
2.400000000000000000e+02 1.352000000000000000e+03
3.290000000000000000e+02 1.688000000000000000e+03
2.690000000000000000e+02 1.013000000000000000e+03
5.880000000000000000e+02 1.946000000000000000e+03
7.690000000000000000e+02 1.430000000000000000e+03
5.970000000000000000e+02 1.301000000000000000e+03
2.920000000000000000e+02 1.111000000000000000e+03
4.870000000000000000e+02 1.099000000000000000e+03
5.290000000000000000e+02 1.103000000000000000e+03
5.960000000000000000e+02 1.697000000000000000e+03
2.900000000000000000e+02 1.439000000000000000e+03
6.800000000000000000e+02 2.029000000000000000e+03
5.250000000000000000e+02 1.952000000000000000e+03
4.610000000000000000e+02 1.901000000000000000e+03
8.020000000000000000e+02 7.570000000000000000e+02
7.890000000000000000e+02 2.040000000000000000e+03
5.740000000000000000e+02 1.100000000000000000e+03
6.170000000000000000e+02 1.094000000000000000e+03
6.460000000000000000e+02 1.091000000000000000e+03
3.030000000000000000e+02 1.018000000000000000e+03
6.100000000000000000e+02 1.054000000000000000e+03
5.630000000000000000e+02 1.041000000000000000e+03
5.190000000000000000e+02 1.039000000000000000e+03
4.750000000000000000e+02 1.046000000000000000e+03
4.490000000000000000e+02 1.058000000000000000e+03
2.460000000000000000e+02 9.950000000000000000e+02
4.600000000000000000e+02 1.093000000000000000e+03
7.900000000000000000e+02 1.486000000000000000e+03
6.200000000000000000e+02 1.508000000000000000e+03
6.610000000000000000e+02 1.393000000000000000e+03
7.160000000000000000e+02 1.488000000000000000e+03
7.970000000000000000e+02 1.029000000000000000e+03
4.520000000000000000e+02 1.832000000000000000e+03
5.170000000000000000e+02 1.889000000000000000e+03
6.790000000000000000e+02 1.985000000000000000e+03
3.340000000000000000e+02 1.750000000000000000e+03
6.440000000000000000e+02 1.073000000000000000e+03
7.130000000000000000e+02 1.187000000000000000e+03
7.890000000000000000e+02 1.996000000000000000e+03
5.960000000000000000e+02 1.997000000000000000e+03
2.520000000000000000e+02 1.474000000000000000e+03
7.010000000000000000e+02 1.657000000000000000e+03
6.910000000000000000e+02 1.678000000000000000e+03
6.800000000000000000e+02 1.705000000000000000e+03
6.730000000000000000e+02 1.737000000000000000e+03
6.500000000000000000e+02 1.786000000000000000e+03
6.170000000000000000e+02 1.667000000000000000e+03
6.010000000000000000e+02 1.660000000000000000e+03
5.870000000000000000e+02 1.652000000000000000e+03
5.420000000000000000e+02 1.589000000000000000e+03
3.560000000000000000e+02 1.462000000000000000e+03
7.150000000000000000e+02 1.135000000000000000e+03
6.940000000000000000e+02 1.042000000000000000e+03
6.650000000000000000e+02 1.051000000000000000e+03
6.320000000000000000e+02 1.671000000000000000e+03
3.500000000000000000e+02 1.601000000000000000e+03
7.340000000000000000e+02 1.037000000000000000e+03
6.260000000000000000e+02 1.832000000000000000e+03
7.930000000000000000e+02 1.202000000000000000e+03
7.480000000000000000e+02 1.159000000000000000e+03
7.940000000000000000e+02 1.147000000000000000e+03
6.730000000000000000e+02 1.271000000000000000e+03
7.890000000000000000e+02 1.938000000000000000e+03
7.890000000000000000e+02 1.875000000000000000e+03
7.050000000000000000e+02 1.868000000000000000e+03
5.140000000000000000e+02 1.721000000000000000e+03
5.700000000000000000e+02 1.415000000000000000e+03
5.640000000000000000e+02 1.783000000000000000e+03
4.650000000000000000e+02 1.409000000000000000e+03
5.300000000000000000e+02 1.472000000000000000e+03
4.240000000000000000e+02 1.500000000000000000e+03
6.880000000000000000e+02 1.929000000000000000e+03
6.400000000000000000e+02 1.301000000000000000e+03
4.700000000000000000e+02 1.765000000000000000e+03
5.350000000000000000e+02 1.829000000000000000e+03
4.750000000000000000e+02 1.649000000000000000e+03
3.030000000000000000e+02 1.536000000000000000e+03
4.120000000000000000e+02 1.660000000000000000e+03
2.780000000000000000e+02 1.587000000000000000e+03
4.940000000000000000e+02 1.545000000000000000e+03
6.800000000000000000e+02 1.223000000000000000e+03
6.720000000000000000e+02 1.376000000000000000e+03
6.370000000000000000e+02 1.389000000000000000e+03
6.960000000000000000e+02 1.341000000000000000e+03
6.490000000000000000e+02 9.900000000000000000e+02
5.600000000000000000e+02 9.540000000000000000e+02
4.830000000000000000e+02 9.480000000000000000e+02
4.220000000000000000e+02 9.620000000000000000e+02
3.830000000000000000e+02 9.900000000000000000e+02
3.690000000000000000e+02 1.087000000000000000e+03
2.350000000000000000e+02 1.236000000000000000e+03
4.050000000000000000e+02 1.158000000000000000e+03
4.550000000000000000e+02 1.171000000000000000e+03
5.220000000000000000e+02 1.172000000000000000e+03
5.880000000000000000e+02 1.161000000000000000e+03
6.400000000000000000e+02 1.145000000000000000e+03
6.760000000000000000e+02 1.127000000000000000e+03
2.370000000000000000e+02 1.247000000000000000e+03
6.380000000000000000e+02 1.403000000000000000e+03
7.110000000000000000e+02 1.235000000000000000e+03
7.090000000000000000e+02 1.381000000000000000e+03
7.370000000000000000e+02 1.409000000000000000e+03
7.090000000000000000e+02 1.390000000000000000e+03
6.520000000000000000e+02 1.419000000000000000e+03
7.470000000000000000e+02 1.414000000000000000e+03
7.520000000000000000e+02 1.426000000000000000e+03
6.780000000000000000e+02 1.087000000000000000e+03
7.030000000000000000e+02 1.098000000000000000e+03
7.150000000000000000e+02 1.105000000000000000e+03
4.350000000000000000e+02 1.067000000000000000e+03
3.960000000000000000e+02 1.039000000000000000e+03
8.360000000000000000e+02 1.211000000000000000e+03
1.158000000000000000e+03 1.092000000000000000e+03
8.410000000000000000e+02 1.418000000000000000e+03
1.346000000000000000e+03 9.000000000000000000e+02
1.019000000000000000e+03 1.129000000000000000e+03
1.068000000000000000e+03 1.134000000000000000e+03
1.115000000000000000e+03 1.134000000000000000e+03
1.178000000000000000e+03 1.113000000000000000e+03
9.750000000000000000e+02 1.118000000000000000e+03
1.098000000000000000e+03 9.920000000000000000e+02
1.039000000000000000e+03 9.950000000000000000e+02
1.152000000000000000e+03 1.003000000000000000e+03
1.185000000000000000e+03 1.025000000000000000e+03
1.218000000000000000e+03 1.145000000000000000e+03
9.780000000000000000e+02 1.892000000000000000e+03
1.177000000000000000e+03 1.082000000000000000e+03
1.363000000000000000e+03 1.135000000000000000e+03
1.275000000000000000e+03 1.111000000000000000e+03
1.048000000000000000e+03 1.349000000000000000e+03
8.740000000000000000e+02 1.540000000000000000e+03
8.620000000000000000e+02 1.626000000000000000e+03
9.440000000000000000e+02 1.579000000000000000e+03
9.830000000000000000e+02 1.621000000000000000e+03
9.120000000000000000e+02 1.639000000000000000e+03
9.480000000000000000e+02 1.656000000000000000e+03
1.026000000000000000e+03 1.704000000000000000e+03
8.340000000000000000e+02 1.390000000000000000e+03
8.400000000000000000e+02 1.335000000000000000e+03
1.259000000000000000e+03 9.820000000000000000e+02
9.460000000000000000e+02 1.212000000000000000e+03
9.610000000000000000e+02 1.373000000000000000e+03
9.650000000000000000e+02 1.344000000000000000e+03
1.195000000000000000e+03 1.348000000000000000e+03
8.380000000000000000e+02 1.268000000000000000e+03
1.143000000000000000e+03 9.200000000000000000e+02
1.214000000000000000e+03 9.430000000000000000e+02
1.303000000000000000e+03 7.990000000000000000e+02
9.100000000000000000e+02 9.560000000000000000e+02
9.870000000000000000e+02 1.015000000000000000e+03
1.064000000000000000e+03 1.647000000000000000e+03
1.315000000000000000e+03 1.655000000000000000e+03
9.220000000000000000e+02 1.404000000000000000e+03
8.780000000000000000e+02 1.421000000000000000e+03
1.016000000000000000e+03 1.692000000000000000e+03
1.001000000000000000e+03 1.689000000000000000e+03
1.242000000000000000e+03 9.100000000000000000e+02
9.650000000000000000e+02 1.397000000000000000e+03
1.044000000000000000e+03 9.200000000000000000e+02
1.054000000000000000e+03 8.780000000000000000e+02
1.102000000000000000e+03 6.610000000000000000e+02
1.266000000000000000e+03 8.500000000000000000e+02
1.067000000000000000e+03 7.630000000000000000e+02
1.288000000000000000e+03 9.600000000000000000e+02
1.312000000000000000e+03 9.320000000000000000e+02
8.700000000000000000e+02 1.583000000000000000e+03
9.290000000000000000e+02 1.610000000000000000e+03
9.660000000000000000e+02 1.638000000000000000e+03
9.090000000000000000e+02 1.414000000000000000e+03
1.008000000000000000e+03 1.690000000000000000e+03
9.860000000000000000e+02 1.695000000000000000e+03
9.940000000000000000e+02 1.687000000000000000e+03
8.940000000000000000e+02 1.388000000000000000e+03
9.340000000000000000e+02 1.667000000000000000e+03
8.990000000000000000e+02 1.659000000000000000e+03
8.550000000000000000e+02 1.654000000000000000e+03
8.610000000000000000e+02 1.820000000000000000e+03
8.700000000000000000e+02 1.756000000000000000e+03
8.680000000000000000e+02 1.718000000000000000e+03
8.630000000000000000e+02 1.682000000000000000e+03
8.550000000000000000e+02 1.655000000000000000e+03
9.350000000000000000e+02 1.668000000000000000e+03
9.470000000000000000e+02 1.683000000000000000e+03
9.610000000000000000e+02 1.701000000000000000e+03
9.720000000000000000e+02 1.721000000000000000e+03
1.010000000000000000e+03 1.546000000000000000e+03
1.365000000000000000e+03 1.384000000000000000e+03
9.620000000000000000e+02 1.677000000000000000e+03
9.740000000000000000e+02 1.686000000000000000e+03
8.620000000000000000e+02 1.442000000000000000e+03
9.460000000000000000e+02 1.429000000000000000e+03
8.700000000000000000e+02 1.432000000000000000e+03
9.990000000000000000e+02 1.245000000000000000e+03
1.079000000000000000e+03 1.282000000000000000e+03
9.750000000000000000e+02 1.369000000000000000e+03
1.227000000000000000e+03 7.160000000000000000e+02
1.189000000000000000e+03 7.910000000000000000e+02
1.161000000000000000e+03 8.790000000000000000e+02
9.840000000000000000e+02 1.747000000000000000e+03
9.290000000000000000e+02 8.860000000000000000e+02
9.430000000000000000e+02 7.570000000000000000e+02
9.660000000000000000e+02 6.340000000000000000e+02
1.155000000000000000e+03 1.128000000000000000e+03
1.270000000000000000e+03 1.181000000000000000e+03
9.470000000000000000e+02 1.107000000000000000e+03
1.232000000000000000e+03 1.048000000000000000e+03
9.100000000000000000e+02 1.176000000000000000e+03
9.270000000000000000e+02 1.354000000000000000e+03
1.320000000000000000e+03 1.228000000000000000e+03
1.237000000000000000e+03 1.215000000000000000e+03
1.174000000000000000e+03 1.232000000000000000e+03
1.078000000000000000e+03 1.222000000000000000e+03
1.007000000000000000e+03 1.200000000000000000e+03
9.530000000000000000e+02 1.176000000000000000e+03
8.440000000000000000e+02 1.104000000000000000e+03
1.313000000000000000e+03 1.340000000000000000e+03
1.270000000000000000e+03 1.042000000000000000e+03
8.170000000000000000e+02 1.418000000000000000e+03
9.440000000000000000e+02 1.263000000000000000e+03
1.374000000000000000e+03 1.137000000000000000e+03
9.130000000000000000e+02 1.148000000000000000e+03
9.780000000000000000e+02 1.373000000000000000e+03
1.200000000000000000e+03 1.085000000000000000e+03
9.290000000000000000e+02 1.318000000000000000e+03
1.351000000000000000e+03 1.516000000000000000e+03
9.460000000000000000e+02 1.089000000000000000e+03
8.830000000000000000e+02 1.287000000000000000e+03
1.202000000000000000e+03 1.770000000000000000e+03
1.202000000000000000e+03 1.840000000000000000e+03
1.361000000000000000e+03 1.365000000000000000e+03
1.265000000000000000e+03 1.700000000000000000e+03
1.339000000000000000e+03 1.025000000000000000e+03
9.910000000000000000e+02 1.951000000000000000e+03
8.120000000000000000e+02 1.430000000000000000e+03
9.900000000000000000e+02 1.304000000000000000e+03
1.316000000000000000e+03 1.121000000000000000e+03
1.112000000000000000e+03 1.103000000000000000e+03
1.071000000000000000e+03 1.104000000000000000e+03
9.980000000000000000e+02 1.706000000000000000e+03
1.305000000000000000e+03 1.452000000000000000e+03
8.990000000000000000e+02 2.031000000000000000e+03
1.058000000000000000e+03 1.958000000000000000e+03
1.127000000000000000e+03 1.909000000000000000e+03
1.029000000000000000e+03 1.100000000000000000e+03
9.880000000000000000e+02 1.094000000000000000e+03
9.600000000000000000e+02 1.092000000000000000e+03
1.303000000000000000e+03 1.031000000000000000e+03
9.970000000000000000e+02 1.058000000000000000e+03
1.042000000000000000e+03 1.046000000000000000e+03
1.085000000000000000e+03 1.044000000000000000e+03
1.127000000000000000e+03 1.053000000000000000e+03
1.152000000000000000e+03 1.065000000000000000e+03
1.367000000000000000e+03 1.006000000000000000e+03
1.139000000000000000e+03 1.098000000000000000e+03
9.640000000000000000e+02 1.511000000000000000e+03
9.210000000000000000e+02 1.396000000000000000e+03
8.660000000000000000e+02 1.490000000000000000e+03
1.134000000000000000e+03 1.841000000000000000e+03
1.065000000000000000e+03 1.896000000000000000e+03
8.980000000000000000e+02 1.988000000000000000e+03
1.262000000000000000e+03 1.763000000000000000e+03
9.620000000000000000e+02 1.076000000000000000e+03
8.750000000000000000e+02 1.188000000000000000e+03
9.850000000000000000e+02 2.001000000000000000e+03
1.347000000000000000e+03 1.488000000000000000e+03
9.000000000000000000e+02 1.660000000000000000e+03
9.110000000000000000e+02 1.681000000000000000e+03
9.210000000000000000e+02 1.709000000000000000e+03
9.280000000000000000e+02 1.742000000000000000e+03
9.310000000000000000e+02 1.789000000000000000e+03
9.770000000000000000e+02 1.673000000000000000e+03
9.930000000000000000e+02 1.667000000000000000e+03
1.007000000000000000e+03 1.658000000000000000e+03
1.045000000000000000e+03 1.592000000000000000e+03
1.236000000000000000e+03 1.472000000000000000e+03
8.750000000000000000e+02 1.136000000000000000e+03
9.100000000000000000e+02 1.046000000000000000e+03
9.410000000000000000e+02 1.055000000000000000e+03
9.610000000000000000e+02 1.677000000000000000e+03
1.243000000000000000e+03 1.612000000000000000e+03
8.630000000000000000e+02 1.041000000000000000e+03
9.550000000000000000e+02 1.836000000000000000e+03
8.400000000000000000e+02 1.159000000000000000e+03
9.130000000000000000e+02 1.273000000000000000e+03
8.740000000000000000e+02 1.870000000000000000e+03
1.072000000000000000e+03 1.726000000000000000e+03
1.016000000000000000e+03 1.418000000000000000e+03
1.019000000000000000e+03 1.788000000000000000e+03
1.124000000000000000e+03 1.416000000000000000e+03
1.058000000000000000e+03 1.477000000000000000e+03
1.165000000000000000e+03 1.508000000000000000e+03
8.890000000000000000e+02 1.931000000000000000e+03
9.460000000000000000e+02 1.303000000000000000e+03
1.116000000000000000e+03 1.772000000000000000e+03
1.049000000000000000e+03 1.835000000000000000e+03
1.113000000000000000e+03 1.655000000000000000e+03
1.293000000000000000e+03 1.548000000000000000e+03
1.178000000000000000e+03 1.669000000000000000e+03
1.319000000000000000e+03 1.601000000000000000e+03
1.095000000000000000e+03 1.550000000000000000e+03
9.080000000000000000e+02 1.225000000000000000e+03
9.100000000000000000e+02 1.378000000000000000e+03
9.450000000000000000e+02 1.391000000000000000e+03
8.850000000000000000e+02 1.342000000000000000e+03
9.530000000000000000e+02 1.000000000000000000e+03
1.040000000000000000e+03 9.690000000000000000e+02
1.116000000000000000e+03 9.660000000000000000e+02
1.177000000000000000e+03 9.800000000000000000e+02
1.216000000000000000e+03 1.007000000000000000e+03
1.232000000000000000e+03 1.098000000000000000e+03
1.368000000000000000e+03 1.249000000000000000e+03
1.191000000000000000e+03 1.166000000000000000e+03
1.140000000000000000e+03 1.177000000000000000e+03
1.074000000000000000e+03 1.175000000000000000e+03
1.011000000000000000e+03 1.162000000000000000e+03
9.610000000000000000e+02 1.146000000000000000e+03
9.260000000000000000e+02 1.129000000000000000e+03
1.370000000000000000e+03 1.260000000000000000e+03
9.440000000000000000e+02 1.406000000000000000e+03
8.750000000000000000e+02 1.236000000000000000e+03
8.710000000000000000e+02 1.382000000000000000e+03
8.440000000000000000e+02 1.410000000000000000e+03
8.720000000000000000e+02 1.392000000000000000e+03
9.300000000000000000e+02 1.421000000000000000e+03
8.340000000000000000e+02 1.415000000000000000e+03
8.280000000000000000e+02 1.427000000000000000e+03
9.280000000000000000e+02 1.090000000000000000e+03
9.000000000000000000e+02 1.099000000000000000e+03
8.830000000000000000e+02 1.107000000000000000e+03
1.166000000000000000e+03 1.074000000000000000e+03
1.204000000000000000e+03 1.051000000000000000e+03
5.370000000000000000e+02 1.069000000000000000e+03
5.890000000000000000e+02 1.068000000000000000e+03
5.350000000000000000e+02 1.025000000000000000e+03
4.830000000000000000e+02 1.069000000000000000e+03
5.380000000000000000e+02 1.112000000000000000e+03
1.072000000000000000e+03 1.070000000000000000e+03
1.125000000000000000e+03 1.071000000000000000e+03
1.073000000000000000e+03 1.026000000000000000e+03
1.020000000000000000e+03 1.068000000000000000e+03
1.072000000000000000e+03 1.113000000000000000e+03
0.000000000000000000e+00 0.000000000000000000e+00
1.749000000000000000e+03 0.000000000000000000e+00
1.749000000000000000e+03 2.187000000000000000e+03
0.000000000000000000e+00 2.187000000000000000e+03
8.700000000000000000e+01 0.000000000000000000e+00
8.700000000000000000e+01 2.187000000000000000e+03
0.000000000000000000e+00 1.090000000000000000e+02
1.749000000000000000e+03 1.090000000000000000e+02
1.750000000000000000e+02 0.000000000000000000e+00
1.750000000000000000e+02 2.187000000000000000e+03
0.000000000000000000e+00 2.180000000000000000e+02
1.749000000000000000e+03 2.180000000000000000e+02
2.620000000000000000e+02 0.000000000000000000e+00
2.620000000000000000e+02 2.187000000000000000e+03
0.000000000000000000e+00 3.280000000000000000e+02
1.749000000000000000e+03 3.280000000000000000e+02
3.500000000000000000e+02 0.000000000000000000e+00
3.500000000000000000e+02 2.187000000000000000e+03
0.000000000000000000e+00 4.370000000000000000e+02
1.749000000000000000e+03 4.370000000000000000e+02
4.370000000000000000e+02 0.000000000000000000e+00
4.370000000000000000e+02 2.187000000000000000e+03
0.000000000000000000e+00 5.470000000000000000e+02
1.749000000000000000e+03 5.470000000000000000e+02
5.250000000000000000e+02 0.000000000000000000e+00
5.250000000000000000e+02 2.187000000000000000e+03
0.000000000000000000e+00 6.560000000000000000e+02
1.749000000000000000e+03 6.560000000000000000e+02
6.120000000000000000e+02 0.000000000000000000e+00
6.120000000000000000e+02 2.187000000000000000e+03
0.000000000000000000e+00 7.650000000000000000e+02
1.749000000000000000e+03 7.650000000000000000e+02
7.000000000000000000e+02 0.000000000000000000e+00
7.000000000000000000e+02 2.187000000000000000e+03
0.000000000000000000e+00 8.750000000000000000e+02
1.749000000000000000e+03 8.750000000000000000e+02
7.870000000000000000e+02 0.000000000000000000e+00
7.870000000000000000e+02 2.187000000000000000e+03
0.000000000000000000e+00 9.840000000000000000e+02
1.749000000000000000e+03 9.840000000000000000e+02
8.750000000000000000e+02 0.000000000000000000e+00
8.750000000000000000e+02 2.187000000000000000e+03
0.000000000000000000e+00 1.094000000000000000e+03
1.749000000000000000e+03 1.094000000000000000e+03
9.620000000000000000e+02 0.000000000000000000e+00
9.620000000000000000e+02 2.187000000000000000e+03
0.000000000000000000e+00 1.203000000000000000e+03
1.749000000000000000e+03 1.203000000000000000e+03
1.050000000000000000e+03 0.000000000000000000e+00
1.050000000000000000e+03 2.187000000000000000e+03
0.000000000000000000e+00 1.312000000000000000e+03
1.749000000000000000e+03 1.312000000000000000e+03
1.137000000000000000e+03 0.000000000000000000e+00
1.137000000000000000e+03 2.187000000000000000e+03
0.000000000000000000e+00 1.422000000000000000e+03
1.749000000000000000e+03 1.422000000000000000e+03
1.225000000000000000e+03 0.000000000000000000e+00
1.225000000000000000e+03 2.187000000000000000e+03
0.000000000000000000e+00 1.531000000000000000e+03
1.749000000000000000e+03 1.531000000000000000e+03
1.312000000000000000e+03 0.000000000000000000e+00
1.312000000000000000e+03 2.187000000000000000e+03
0.000000000000000000e+00 1.641000000000000000e+03
1.749000000000000000e+03 1.641000000000000000e+03
1.400000000000000000e+03 0.000000000000000000e+00
1.400000000000000000e+03 2.187000000000000000e+03
0.000000000000000000e+00 1.750000000000000000e+03
1.749000000000000000e+03 1.750000000000000000e+03
1.487000000000000000e+03 0.000000000000000000e+00
1.487000000000000000e+03 2.187000000000000000e+03
0.000000000000000000e+00 1.859000000000000000e+03
1.749000000000000000e+03 1.859000000000000000e+03
1.575000000000000000e+03 0.000000000000000000e+00
1.575000000000000000e+03 2.187000000000000000e+03
0.000000000000000000e+00 1.969000000000000000e+03
1.749000000000000000e+03 1.969000000000000000e+03
1.662000000000000000e+03 0.000000000000000000e+00
1.662000000000000000e+03 2.187000000000000000e+03
0.000000000000000000e+00 2.078000000000000000e+03
1.749000000000000000e+03 2.078000000000000000e+03
