8.360000000000000000e+02 1.495000000000000000e+03
8.360000000000000000e+02 1.370000000000000000e+03
8.370000000000000000e+02 1.407000000000000000e+03
7.990000000000000000e+02 1.201000000000000000e+03
8.360000000000000000e+02 1.321000000000000000e+03
8.370000000000000000e+02 1.253000000000000000e+03
8.380000000000000000e+02 1.082000000000000000e+03
5.130000000000000000e+02 1.032000000000000000e+03
8.380000000000000000e+02 9.580000000000000000e+02
8.370000000000000000e+02 8.940000000000000000e+02
8.380000000000000000e+02 6.240000000000000000e+02
8.360000000000000000e+02 1.516000000000000000e+03
8.360000000000000000e+02 1.539000000000000000e+03
8.360000000000000000e+02 1.555000000000000000e+03
8.350000000000000000e+02 1.554000000000000000e+03
8.350000000000000000e+02 1.577000000000000000e+03
8.340000000000000000e+02 1.605000000000000000e+03
8.340000000000000000e+02 1.634000000000000000e+03
8.400000000000000000e+02 1.687000000000000000e+03
8.360000000000000000e+02 1.392000000000000000e+03
7.930000000000000000e+02 1.386000000000000000e+03
3.470000000000000000e+02 8.200000000000000000e+02
6.470000000000000000e+02 1.076000000000000000e+03
6.020000000000000000e+02 1.081000000000000000e+03
5.580000000000000000e+02 1.080000000000000000e+03
4.980000000000000000e+02 1.045000000000000000e+03
6.830000000000000000e+02 1.068000000000000000e+03
5.640000000000000000e+02 9.400000000000000000e+02
6.190000000000000000e+02 9.460000000000000000e+02
5.160000000000000000e+02 9.480000000000000000e+02
4.870000000000000000e+02 9.660000000000000000e+02
4.640000000000000000e+02 1.076000000000000000e+03
6.730000000000000000e+02 1.752000000000000000e+03
4.950000000000000000e+02 1.014000000000000000e+03
3.300000000000000000e+02 1.037000000000000000e+03
4.130000000000000000e+02 1.033000000000000000e+03
6.120000000000000000e+02 1.298000000000000000e+03
7.770000000000000000e+02 1.486000000000000000e+03
7.830000000000000000e+02 1.538000000000000000e+03
7.170000000000000000e+02 1.503000000000000000e+03
6.780000000000000000e+02 1.522000000000000000e+03
7.370000000000000000e+02 1.540000000000000000e+03
7.010000000000000000e+02 1.545000000000000000e+03
6.390000000000000000e+02 1.597000000000000000e+03
7.990000000000000000e+02 1.368000000000000000e+03
7.930000000000000000e+02 1.321000000000000000e+03
4.250000000000000000e+02 9.260000000000000000e+02
7.040000000000000000e+02 1.176000000000000000e+03
7.010000000000000000e+02 1.341000000000000000e+03
6.980000000000000000e+02 1.313000000000000000e+03
4.770000000000000000e+02 1.285000000000000000e+03
7.950000000000000000e+02 1.257000000000000000e+03
5.210000000000000000e+02 8.870000000000000000e+02
4.610000000000000000e+02 8.980000000000000000e+02
3.900000000000000000e+02 7.420000000000000000e+02
7.280000000000000000e+02 9.320000000000000000e+02
6.670000000000000000e+02 9.680000000000000000e+02
6.050000000000000000e+02 1.550000000000000000e+03
3.880000000000000000e+02 1.488000000000000000e+03
7.330000000000000000e+02 1.370000000000000000e+03
7.670000000000000000e+02 1.384000000000000000e+03
6.350000000000000000e+02 1.554000000000000000e+03
6.470000000000000000e+02 1.554000000000000000e+03
4.370000000000000000e+02 8.650000000000000000e+02
7.000000000000000000e+02 1.359000000000000000e+03
6.070000000000000000e+02 8.930000000000000000e+02
5.970000000000000000e+02 8.560000000000000000e+02
5.700000000000000000e+02 6.440000000000000000e+02
4.240000000000000000e+02 8.060000000000000000e+02
6.010000000000000000e+02 7.530000000000000000e+02
4.000000000000000000e+02 8.980000000000000000e+02
3.770000000000000000e+02 8.650000000000000000e+02
7.780000000000000000e+02 1.513000000000000000e+03
7.260000000000000000e+02 1.523000000000000000e+03
6.890000000000000000e+02 1.534000000000000000e+03
7.440000000000000000e+02 1.378000000000000000e+03
6.410000000000000000e+02 1.554000000000000000e+03
6.630000000000000000e+02 1.565000000000000000e+03
6.530000000000000000e+02 1.554000000000000000e+03
7.510000000000000000e+02 1.361000000000000000e+03
7.110000000000000000e+02 1.552000000000000000e+03
7.460000000000000000e+02 1.552000000000000000e+03
7.890000000000000000e+02 1.553000000000000000e+03
7.810000000000000000e+02 1.684000000000000000e+03
7.750000000000000000e+02 1.631000000000000000e+03
7.780000000000000000e+02 1.601000000000000000e+03
7.820000000000000000e+02 1.574000000000000000e+03
7.880000000000000000e+02 1.553000000000000000e+03
7.110000000000000000e+02 1.552000000000000000e+03
7.010000000000000000e+02 1.563000000000000000e+03
6.900000000000000000e+02 1.577000000000000000e+03
6.810000000000000000e+02 1.594000000000000000e+03
6.540000000000000000e+02 1.475000000000000000e+03
3.330000000000000000e+02 1.237000000000000000e+03
8.370000000000000000e+02 1.399000000000000000e+03
6.840000000000000000e+02 1.553000000000000000e+03
6.740000000000000000e+02 1.559000000000000000e+03
7.810000000000000000e+02 1.402000000000000000e+03
7.140000000000000000e+02 1.385000000000000000e+03
7.740000000000000000e+02 1.394000000000000000e+03
6.580000000000000000e+02 1.201000000000000000e+03
5.820000000000000000e+02 1.232000000000000000e+03
6.910000000000000000e+02 1.331000000000000000e+03
4.610000000000000000e+02 6.820000000000000000e+02
4.950000000000000000e+02 7.670000000000000000e+02
5.030000000000000000e+02 8.490000000000000000e+02
6.760000000000000000e+02 1.631000000000000000e+03
7.110000000000000000e+02 8.710000000000000000e+02
7.110000000000000000e+02 7.530000000000000000e+02
6.920000000000000000e+02 6.260000000000000000e+02
5.200000000000000000e+02 1.068000000000000000e+03
4.180000000000000000e+02 1.109000000000000000e+03
7.060000000000000000e+02 1.059000000000000000e+03
4.500000000000000000e+02 9.820000000000000000e+02
7.350000000000000000e+02 1.147000000000000000e+03
7.240000000000000000e+02 1.329000000000000000e+03
3.660000000000000000e+02 1.144000000000000000e+03
4.480000000000000000e+02 1.151000000000000000e+03
5.070000000000000000e+02 1.177000000000000000e+03
5.940000000000000000e+02 1.171000000000000000e+03
6.570000000000000000e+02 1.151000000000000000e+03
7.000000000000000000e+02 1.132000000000000000e+03
7.940000000000000000e+02 1.091000000000000000e+03
3.760000000000000000e+02 1.251000000000000000e+03
4.160000000000000000e+02 9.720000000000000000e+02
8.130000000000000000e+02 1.389000000000000000e+03
7.090000000000000000e+02 1.229000000000000000e+03
3.170000000000000000e+02 1.018000000000000000e+03
7.340000000000000000e+02 1.111000000000000000e+03
6.860000000000000000e+02 1.330000000000000000e+03
4.770000000000000000e+02 1.013000000000000000e+03
7.230000000000000000e+02 1.294000000000000000e+03
3.550000000000000000e+02 1.359000000000000000e+03
7.030000000000000000e+02 1.041000000000000000e+03
7.570000000000000000e+02 1.270000000000000000e+03
4.840000000000000000e+02 1.628000000000000000e+03
4.880000000000000000e+02 1.674000000000000000e+03
3.380000000000000000e+02 1.246000000000000000e+03
4.280000000000000000e+02 1.556000000000000000e+03
3.510000000000000000e+02 9.430000000000000000e+02
6.660000000000000000e+02 1.795000000000000000e+03
8.180000000000000000e+02 1.397000000000000000e+03
6.690000000000000000e+02 1.262000000000000000e+03
3.800000000000000000e+02 1.035000000000000000e+03
5.590000000000000000e+02 1.053000000000000000e+03
5.990000000000000000e+02 1.055000000000000000e+03
6.540000000000000000e+02 1.573000000000000000e+03
3.880000000000000000e+02 1.349000000000000000e+03
7.470000000000000000e+02 1.856000000000000000e+03
6.160000000000000000e+02 1.788000000000000000e+03
5.580000000000000000e+02 1.742000000000000000e+03
8.380000000000000000e+02 7.550000000000000000e+02
8.400000000000000000e+02 1.867000000000000000e+03
6.360000000000000000e+02 1.051000000000000000e+03
6.710000000000000000e+02 1.044000000000000000e+03
6.940000000000000000e+02 1.043000000000000000e+03
3.870000000000000000e+02 9.550000000000000000e+02
6.600000000000000000e+02 1.002000000000000000e+03
6.180000000000000000e+02 9.840000000000000000e+02
5.760000000000000000e+02 9.810000000000000000e+02
5.370000000000000000e+02 9.880000000000000000e+02
5.150000000000000000e+02 9.990000000000000000e+02
3.250000000000000000e+02 9.080000000000000000e+02
5.320000000000000000e+02 1.044000000000000000e+03
8.380000000000000000e+02 1.441000000000000000e+03
6.970000000000000000e+02 1.452000000000000000e+03
7.330000000000000000e+02 1.364000000000000000e+03
7.780000000000000000e+02 1.442000000000000000e+03
8.380000000000000000e+02 1.016000000000000000e+03
5.460000000000000000e+02 1.694000000000000000e+03
6.030000000000000000e+02 1.745000000000000000e+03
7.450000000000000000e+02 1.831000000000000000e+03
4.340000000000000000e+02 1.594000000000000000e+03
6.890000000000000000e+02 1.026000000000000000e+03
7.650000000000000000e+02 1.171000000000000000e+03
8.400000000000000000e+02 1.842000000000000000e+03
6.770000000000000000e+02 1.828000000000000000e+03
3.560000000000000000e+02 1.355000000000000000e+03
7.460000000000000000e+02 1.552000000000000000e+03
7.370000000000000000e+02 1.569000000000000000e+03
7.290000000000000000e+02 1.590000000000000000e+03
7.230000000000000000e+02 1.616000000000000000e+03
7.230000000000000000e+02 1.662000000000000000e+03
6.720000000000000000e+02 1.549000000000000000e+03
6.610000000000000000e+02 1.544000000000000000e+03
6.510000000000000000e+02 1.539000000000000000e+03
6.220000000000000000e+02 1.509000000000000000e+03
4.460000000000000000e+02 1.385000000000000000e+03
7.650000000000000000e+02 1.116000000000000000e+03
7.360000000000000000e+02 1.010000000000000000e+03
7.070000000000000000e+02 1.011000000000000000e+03
6.840000000000000000e+02 1.553000000000000000e+03
4.460000000000000000e+02 1.496000000000000000e+03
7.760000000000000000e+02 1.017000000000000000e+03
6.950000000000000000e+02 1.706000000000000000e+03
8.370000000000000000e+02 1.195000000000000000e+03
7.960000000000000000e+02 1.149000000000000000e+03
8.380000000000000000e+02 1.141000000000000000e+03
7.340000000000000000e+02 1.247000000000000000e+03
8.400000000000000000e+02 1.798000000000000000e+03
8.400000000000000000e+02 1.739000000000000000e+03
7.650000000000000000e+02 1.734000000000000000e+03
5.960000000000000000e+02 1.614000000000000000e+03
6.470000000000000000e+02 1.366000000000000000e+03
6.410000000000000000e+02 1.666000000000000000e+03
5.410000000000000000e+02 1.353000000000000000e+03
6.050000000000000000e+02 1.412000000000000000e+03
5.070000000000000000e+02 1.428000000000000000e+03
7.500000000000000000e+02 1.789000000000000000e+03
7.100000000000000000e+02 1.271000000000000000e+03
5.580000000000000000e+02 1.646000000000000000e+03
6.150000000000000000e+02 1.702000000000000000e+03
5.590000000000000000e+02 1.553000000000000000e+03
4.040000000000000000e+02 1.431000000000000000e+03
5.030000000000000000e+02 1.556000000000000000e+03
3.820000000000000000e+02 1.458000000000000000e+03
5.730000000000000000e+02 1.471000000000000000e+03
7.370000000000000000e+02 1.199000000000000000e+03
7.380000000000000000e+02 1.353000000000000000e+03
7.140000000000000000e+02 1.359000000000000000e+03
7.550000000000000000e+02 1.323000000000000000e+03
6.950000000000000000e+02 9.630000000000000000e+02
6.150000000000000000e+02 9.300000000000000000e+02
5.460000000000000000e+02 9.240000000000000000e+02
4.940000000000000000e+02 9.320000000000000000e+02
4.610000000000000000e+02 9.510000000000000000e+02
4.510000000000000000e+02 1.024000000000000000e+03
3.280000000000000000e+02 1.140000000000000000e+03
4.890000000000000000e+02 1.102000000000000000e+03
5.360000000000000000e+02 1.121000000000000000e+03
5.980000000000000000e+02 1.121000000000000000e+03
6.530000000000000000e+02 1.109000000000000000e+03
6.940000000000000000e+02 1.096000000000000000e+03
7.230000000000000000e+02 1.085000000000000000e+03
3.230000000000000000e+02 1.125000000000000000e+03
7.160000000000000000e+02 1.369000000000000000e+03
7.640000000000000000e+02 1.220000000000000000e+03
7.670000000000000000e+02 1.359000000000000000e+03
7.890000000000000000e+02 1.380000000000000000e+03
7.670000000000000000e+02 1.365000000000000000e+03
7.270000000000000000e+02 1.382000000000000000e+03
7.990000000000000000e+02 1.386000000000000000e+03
8.030000000000000000e+02 1.393000000000000000e+03
7.190000000000000000e+02 1.046000000000000000e+03
7.440000000000000000e+02 1.062000000000000000e+03
7.590000000000000000e+02 1.077000000000000000e+03
5.040000000000000000e+02 1.007000000000000000e+03
4.730000000000000000e+02 9.850000000000000000e+02
8.760000000000000000e+02 1.201000000000000000e+03
1.173000000000000000e+03 1.038000000000000000e+03
8.810000000000000000e+02 1.387000000000000000e+03
1.331000000000000000e+03 8.260000000000000000e+02
1.031000000000000000e+03 1.076000000000000000e+03
1.077000000000000000e+03 1.082000000000000000e+03
1.123000000000000000e+03 1.083000000000000000e+03
1.187000000000000000e+03 1.052000000000000000e+03
9.940000000000000000e+02 1.067000000000000000e+03
1.119000000000000000e+03 9.470000000000000000e+02
1.063000000000000000e+03 9.510000000000000000e+02
1.169000000000000000e+03 9.560000000000000000e+02
1.198000000000000000e+03 9.740000000000000000e+02
1.219000000000000000e+03 1.082000000000000000e+03
1.009000000000000000e+03 1.754000000000000000e+03
1.192000000000000000e+03 1.022000000000000000e+03
1.356000000000000000e+03 1.046000000000000000e+03
1.270000000000000000e+03 1.040000000000000000e+03
1.068000000000000000e+03 1.301000000000000000e+03
8.970000000000000000e+02 1.486000000000000000e+03
8.910000000000000000e+02 1.539000000000000000e+03
9.600000000000000000e+02 1.504000000000000000e+03
1.001000000000000000e+03 1.524000000000000000e+03
9.390000000000000000e+02 1.541000000000000000e+03
9.770000000000000000e+02 1.547000000000000000e+03
1.044000000000000000e+03 1.598000000000000000e+03
8.740000000000000000e+02 1.369000000000000000e+03
8.800000000000000000e+02 1.321000000000000000e+03
1.259000000000000000e+03 9.360000000000000000e+02
9.750000000000000000e+02 1.177000000000000000e+03
9.760000000000000000e+02 1.342000000000000000e+03
9.800000000000000000e+02 1.314000000000000000e+03
1.206000000000000000e+03 1.290000000000000000e+03
8.780000000000000000e+02 1.257000000000000000e+03
1.162000000000000000e+03 8.930000000000000000e+02
1.222000000000000000e+03 9.080000000000000000e+02
1.288000000000000000e+03 7.470000000000000000e+02
9.490000000000000000e+02 9.280000000000000000e+02
1.013000000000000000e+03 9.710000000000000000e+02
1.078000000000000000e+03 1.553000000000000000e+03
1.308000000000000000e+03 1.498000000000000000e+03
9.420000000000000000e+02 1.371000000000000000e+03
9.080000000000000000e+02 1.385000000000000000e+03
1.045000000000000000e+03 1.558000000000000000e+03
1.033000000000000000e+03 1.557000000000000000e+03
1.246000000000000000e+03 8.760000000000000000e+02
9.770000000000000000e+02 1.360000000000000000e+03
1.075000000000000000e+03 8.940000000000000000e+02
1.086000000000000000e+03 8.570000000000000000e+02
1.105000000000000000e+03 6.470000000000000000e+02
1.256000000000000000e+03 8.100000000000000000e+02
1.075000000000000000e+03 7.550000000000000000e+02
1.283000000000000000e+03 9.090000000000000000e+02
1.304000000000000000e+03 8.710000000000000000e+02
8.960000000000000000e+02 1.514000000000000000e+03
9.500000000000000000e+02 1.524000000000000000e+03
9.890000000000000000e+02 1.536000000000000000e+03
9.320000000000000000e+02 1.378000000000000000e+03
1.039000000000000000e+03 1.558000000000000000e+03
1.014000000000000000e+03 1.567000000000000000e+03
1.026000000000000000e+03 1.557000000000000000e+03
9.230000000000000000e+02 1.362000000000000000e+03
9.670000000000000000e+02 1.554000000000000000e+03
9.300000000000000000e+02 1.553000000000000000e+03
8.860000000000000000e+02 1.553000000000000000e+03
8.990000000000000000e+02 1.684000000000000000e+03
8.940000000000000000e+02 1.630000000000000000e+03
8.920000000000000000e+02 1.601000000000000000e+03
8.890000000000000000e+02 1.574000000000000000e+03
8.850000000000000000e+02 1.553000000000000000e+03
9.660000000000000000e+02 1.554000000000000000e+03
9.750000000000000000e+02 1.564000000000000000e+03
9.840000000000000000e+02 1.578000000000000000e+03
9.920000000000000000e+02 1.594000000000000000e+03
1.027000000000000000e+03 1.477000000000000000e+03
1.358000000000000000e+03 1.247000000000000000e+03
9.940000000000000000e+02 1.555000000000000000e+03
1.004000000000000000e+03 1.561000000000000000e+03
8.940000000000000000e+02 1.403000000000000000e+03
9.630000000000000000e+02 1.385000000000000000e+03
9.010000000000000000e+02 1.394000000000000000e+03
1.022000000000000000e+03 1.203000000000000000e+03
1.099000000000000000e+03 1.235000000000000000e+03
9.870000000000000000e+02 1.332000000000000000e+03
1.216000000000000000e+03 6.860000000000000000e+02
1.183000000000000000e+03 7.700000000000000000e+02
1.180000000000000000e+03 8.560000000000000000e+02
1.006000000000000000e+03 1.633000000000000000e+03
9.680000000000000000e+02 8.660000000000000000e+02
9.650000000000000000e+02 7.540000000000000000e+02
9.830000000000000000e+02 6.280000000000000000e+02
1.163000000000000000e+03 1.073000000000000000e+03
1.265000000000000000e+03 1.114000000000000000e+03
9.700000000000000000e+02 1.057000000000000000e+03
1.236000000000000000e+03 9.900000000000000000e+02
9.440000000000000000e+02 1.148000000000000000e+03
9.510000000000000000e+02 1.331000000000000000e+03
1.320000000000000000e+03 1.153000000000000000e+03
1.233000000000000000e+03 1.155000000000000000e+03
1.174000000000000000e+03 1.180000000000000000e+03
1.084000000000000000e+03 1.173000000000000000e+03
1.020000000000000000e+03 1.151000000000000000e+03
9.750000000000000000e+02 1.132000000000000000e+03
8.830000000000000000e+02 1.092000000000000000e+03
1.311000000000000000e+03 1.259000000000000000e+03
1.269000000000000000e+03 9.810000000000000000e+02
8.600000000000000000e+02 1.390000000000000000e+03
9.700000000000000000e+02 1.230000000000000000e+03
1.367000000000000000e+03 1.026000000000000000e+03
9.410000000000000000e+02 1.110000000000000000e+03
9.920000000000000000e+02 1.331000000000000000e+03
1.209000000000000000e+03 1.022000000000000000e+03
9.540000000000000000e+02 1.295000000000000000e+03
1.340000000000000000e+03 1.369000000000000000e+03
9.730000000000000000e+02 1.040000000000000000e+03
9.180000000000000000e+02 1.271000000000000000e+03
1.206000000000000000e+03 1.637000000000000000e+03
1.206000000000000000e+03 1.683000000000000000e+03
1.352000000000000000e+03 1.256000000000000000e+03
1.264000000000000000e+03 1.566000000000000000e+03
1.331000000000000000e+03 9.500000000000000000e+02
1.017000000000000000e+03 1.798000000000000000e+03
8.550000000000000000e+02 1.397000000000000000e+03
1.010000000000000000e+03 1.263000000000000000e+03
1.304000000000000000e+03 1.042000000000000000e+03
1.122000000000000000e+03 1.056000000000000000e+03
1.081000000000000000e+03 1.056000000000000000e+03
1.023000000000000000e+03 1.575000000000000000e+03
1.300000000000000000e+03 1.357000000000000000e+03
9.330000000000000000e+02 1.857000000000000000e+03
1.071000000000000000e+03 1.791000000000000000e+03
1.133000000000000000e+03 1.748000000000000000e+03
1.042000000000000000e+03 1.050000000000000000e+03
1.006000000000000000e+03 1.043000000000000000e+03
9.830000000000000000e+02 1.042000000000000000e+03
1.297000000000000000e+03 9.640000000000000000e+02
1.018000000000000000e+03 1.007000000000000000e+03
1.062000000000000000e+03 9.940000000000000000e+02
1.106000000000000000e+03 9.930000000000000000e+02
1.147000000000000000e+03 1.000000000000000000e+03
1.170000000000000000e+03 1.010000000000000000e+03
1.356000000000000000e+03 9.140000000000000000e+02
1.151000000000000000e+03 1.048000000000000000e+03
9.830000000000000000e+02 1.453000000000000000e+03
9.430000000000000000e+02 1.365000000000000000e+03
8.990000000000000000e+02 1.443000000000000000e+03
1.142000000000000000e+03 1.701000000000000000e+03
1.083000000000000000e+03 1.750000000000000000e+03
9.370000000000000000e+02 1.833000000000000000e+03
1.262000000000000000e+03 1.604000000000000000e+03
9.870000000000000000e+02 1.027000000000000000e+03
9.120000000000000000e+02 1.171000000000000000e+03
1.006000000000000000e+03 1.830000000000000000e+03
1.335000000000000000e+03 1.366000000000000000e+03
9.290000000000000000e+02 1.552000000000000000e+03
9.360000000000000000e+02 1.568000000000000000e+03
9.430000000000000000e+02 1.590000000000000000e+03
9.480000000000000000e+02 1.615000000000000000e+03
9.580000000000000000e+02 1.663000000000000000e+03
1.007000000000000000e+03 1.552000000000000000e+03
1.018000000000000000e+03 1.547000000000000000e+03
1.028000000000000000e+03 1.542000000000000000e+03
1.060000000000000000e+03 1.511000000000000000e+03
1.239000000000000000e+03 1.392000000000000000e+03
9.130000000000000000e+02 1.117000000000000000e+03
9.410000000000000000e+02 1.007000000000000000e+03
9.690000000000000000e+02 1.010000000000000000e+03
9.950000000000000000e+02 1.555000000000000000e+03
1.243000000000000000e+03 1.504000000000000000e+03
9.000000000000000000e+02 1.012000000000000000e+03
9.870000000000000000e+02 1.708000000000000000e+03
8.800000000000000000e+02 1.150000000000000000e+03
9.420000000000000000e+02 1.249000000000000000e+03
9.160000000000000000e+02 1.735000000000000000e+03
1.088000000000000000e+03 1.618000000000000000e+03
1.032000000000000000e+03 1.367000000000000000e+03
1.042000000000000000e+03 1.669000000000000000e+03
1.141000000000000000e+03 1.358000000000000000e+03
1.076000000000000000e+03 1.415000000000000000e+03
1.177000000000000000e+03 1.433000000000000000e+03
9.310000000000000000e+02 1.790000000000000000e+03
9.680000000000000000e+02 1.272000000000000000e+03
1.127000000000000000e+03 1.652000000000000000e+03
1.070000000000000000e+03 1.706000000000000000e+03
1.125000000000000000e+03 1.558000000000000000e+03
1.286000000000000000e+03 1.440000000000000000e+03
1.184000000000000000e+03 1.563000000000000000e+03
1.311000000000000000e+03 1.469000000000000000e+03
1.110000000000000000e+03 1.475000000000000000e+03
9.400000000000000000e+02 1.200000000000000000e+03
9.360000000000000000e+02 1.354000000000000000e+03
9.620000000000000000e+02 1.360000000000000000e+03
9.180000000000000000e+02 1.325000000000000000e+03
9.840000000000000000e+02 9.610000000000000000e+02
1.066000000000000000e+03 9.330000000000000000e+02
1.137000000000000000e+03 9.300000000000000000e+02
1.191000000000000000e+03 9.400000000000000000e+02
1.224000000000000000e+03 9.590000000000000000e+02
1.234000000000000000e+03 1.031000000000000000e+03
1.361000000000000000e+03 1.150000000000000000e+03
1.193000000000000000e+03 1.107000000000000000e+03
1.144000000000000000e+03 1.124000000000000000e+03
1.082000000000000000e+03 1.123000000000000000e+03
1.024000000000000000e+03 1.110000000000000000e+03
9.820000000000000000e+02 1.096000000000000000e+03
9.530000000000000000e+02 1.084000000000000000e+03
1.365000000000000000e+03 1.134000000000000000e+03
9.600000000000000000e+02 1.370000000000000000e+03
9.110000000000000000e+02 1.220000000000000000e+03
9.060000000000000000e+02 1.361000000000000000e+03
8.840000000000000000e+02 1.381000000000000000e+03
9.060000000000000000e+02 1.367000000000000000e+03
9.490000000000000000e+02 1.382000000000000000e+03
8.750000000000000000e+02 1.386000000000000000e+03
8.700000000000000000e+02 1.394000000000000000e+03
9.560000000000000000e+02 1.044000000000000000e+03
9.300000000000000000e+02 1.059000000000000000e+03
9.160000000000000000e+02 1.074000000000000000e+03
1.183000000000000000e+03 1.017000000000000000e+03
1.214000000000000000e+03 9.940000000000000000e+02
5.970000000000000000e+02 1.016000000000000000e+03
6.480000000000000000e+02 1.014000000000000000e+03
5.960000000000000000e+02 9.700000000000000000e+02
5.470000000000000000e+02 1.018000000000000000e+03
5.980000000000000000e+02 1.062000000000000000e+03
1.089000000000000000e+03 1.021000000000000000e+03
1.141000000000000000e+03 1.022000000000000000e+03
1.089000000000000000e+03 9.770000000000000000e+02
1.038000000000000000e+03 1.019000000000000000e+03
1.090000000000000000e+03 1.065000000000000000e+03
0.000000000000000000e+00 0.000000000000000000e+00
1.749000000000000000e+03 0.000000000000000000e+00
1.749000000000000000e+03 2.187000000000000000e+03
0.000000000000000000e+00 2.187000000000000000e+03
8.700000000000000000e+01 0.000000000000000000e+00
8.700000000000000000e+01 2.187000000000000000e+03
0.000000000000000000e+00 1.090000000000000000e+02
1.749000000000000000e+03 1.090000000000000000e+02
1.750000000000000000e+02 0.000000000000000000e+00
1.750000000000000000e+02 2.187000000000000000e+03
0.000000000000000000e+00 2.180000000000000000e+02
1.749000000000000000e+03 2.180000000000000000e+02
2.620000000000000000e+02 0.000000000000000000e+00
2.620000000000000000e+02 2.187000000000000000e+03
0.000000000000000000e+00 3.280000000000000000e+02
1.749000000000000000e+03 3.280000000000000000e+02
3.500000000000000000e+02 0.000000000000000000e+00
3.500000000000000000e+02 2.187000000000000000e+03
0.000000000000000000e+00 4.370000000000000000e+02
1.749000000000000000e+03 4.370000000000000000e+02
4.370000000000000000e+02 0.000000000000000000e+00
4.370000000000000000e+02 2.187000000000000000e+03
0.000000000000000000e+00 5.470000000000000000e+02
1.749000000000000000e+03 5.470000000000000000e+02
5.250000000000000000e+02 0.000000000000000000e+00
5.250000000000000000e+02 2.187000000000000000e+03
0.000000000000000000e+00 6.560000000000000000e+02
1.749000000000000000e+03 6.560000000000000000e+02
6.120000000000000000e+02 0.000000000000000000e+00
6.120000000000000000e+02 2.187000000000000000e+03
0.000000000000000000e+00 7.650000000000000000e+02
1.749000000000000000e+03 7.650000000000000000e+02
7.000000000000000000e+02 0.000000000000000000e+00
7.000000000000000000e+02 2.187000000000000000e+03
0.000000000000000000e+00 8.750000000000000000e+02
1.749000000000000000e+03 8.750000000000000000e+02
7.870000000000000000e+02 0.000000000000000000e+00
7.870000000000000000e+02 2.187000000000000000e+03
0.000000000000000000e+00 9.840000000000000000e+02
1.749000000000000000e+03 9.840000000000000000e+02
8.750000000000000000e+02 0.000000000000000000e+00
8.750000000000000000e+02 2.187000000000000000e+03
0.000000000000000000e+00 1.094000000000000000e+03
1.749000000000000000e+03 1.094000000000000000e+03
9.620000000000000000e+02 0.000000000000000000e+00
9.620000000000000000e+02 2.187000000000000000e+03
0.000000000000000000e+00 1.203000000000000000e+03
1.749000000000000000e+03 1.203000000000000000e+03
1.050000000000000000e+03 0.000000000000000000e+00
1.050000000000000000e+03 2.187000000000000000e+03
0.000000000000000000e+00 1.312000000000000000e+03
1.749000000000000000e+03 1.312000000000000000e+03
1.137000000000000000e+03 0.000000000000000000e+00
1.137000000000000000e+03 2.187000000000000000e+03
0.000000000000000000e+00 1.422000000000000000e+03
1.749000000000000000e+03 1.422000000000000000e+03
1.225000000000000000e+03 0.000000000000000000e+00
1.225000000000000000e+03 2.187000000000000000e+03
0.000000000000000000e+00 1.531000000000000000e+03
1.749000000000000000e+03 1.531000000000000000e+03
1.312000000000000000e+03 0.000000000000000000e+00
1.312000000000000000e+03 2.187000000000000000e+03
0.000000000000000000e+00 1.641000000000000000e+03
1.749000000000000000e+03 1.641000000000000000e+03
1.400000000000000000e+03 0.000000000000000000e+00
1.400000000000000000e+03 2.187000000000000000e+03
0.000000000000000000e+00 1.750000000000000000e+03
1.749000000000000000e+03 1.750000000000000000e+03
1.487000000000000000e+03 0.000000000000000000e+00
1.487000000000000000e+03 2.187000000000000000e+03
0.000000000000000000e+00 1.859000000000000000e+03
1.749000000000000000e+03 1.859000000000000000e+03
1.575000000000000000e+03 0.000000000000000000e+00
1.575000000000000000e+03 2.187000000000000000e+03
0.000000000000000000e+00 1.969000000000000000e+03
1.749000000000000000e+03 1.969000000000000000e+03
1.662000000000000000e+03 0.000000000000000000e+00
1.662000000000000000e+03 2.187000000000000000e+03
0.000000000000000000e+00 2.078000000000000000e+03
1.749000000000000000e+03 2.078000000000000000e+03
