8.670000000000000000e+02 1.491000000000000000e+03
8.610000000000000000e+02 1.362000000000000000e+03
8.610000000000000000e+02 1.398000000000000000e+03
8.270000000000000000e+02 1.218000000000000000e+03
8.620000000000000000e+02 1.318000000000000000e+03
8.630000000000000000e+02 1.260000000000000000e+03
8.660000000000000000e+02 1.119000000000000000e+03
5.410000000000000000e+02 1.100000000000000000e+03
8.680000000000000000e+02 1.004000000000000000e+03
8.700000000000000000e+02 9.420000000000000000e+02
8.760000000000000000e+02 7.150000000000000000e+02
8.670000000000000000e+02 1.509000000000000000e+03
8.660000000000000000e+02 1.526000000000000000e+03
8.650000000000000000e+02 1.538000000000000000e+03
8.650000000000000000e+02 1.538000000000000000e+03
8.650000000000000000e+02 1.558000000000000000e+03
8.640000000000000000e+02 1.583000000000000000e+03
8.640000000000000000e+02 1.610000000000000000e+03
8.610000000000000000e+02 1.659000000000000000e+03
8.610000000000000000e+02 1.382000000000000000e+03
8.230000000000000000e+02 1.378000000000000000e+03
3.840000000000000000e+02 9.080000000000000000e+02
6.690000000000000000e+02 1.148000000000000000e+03
6.220000000000000000e+02 1.152000000000000000e+03
5.800000000000000000e+02 1.146000000000000000e+03
5.260000000000000000e+02 1.112000000000000000e+03
7.100000000000000000e+02 1.136000000000000000e+03
6.050000000000000000e+02 1.004000000000000000e+03
6.580000000000000000e+02 1.013000000000000000e+03
5.550000000000000000e+02 1.011000000000000000e+03
5.240000000000000000e+02 1.028000000000000000e+03
4.940000000000000000e+02 1.134000000000000000e+03
7.090000000000000000e+02 1.709000000000000000e+03
5.270000000000000000e+02 1.083000000000000000e+03
3.770000000000000000e+02 1.099000000000000000e+03
4.470000000000000000e+02 1.094000000000000000e+03
6.470000000000000000e+02 1.313000000000000000e+03
8.190000000000000000e+02 1.480000000000000000e+03
8.230000000000000000e+02 1.523000000000000000e+03
7.710000000000000000e+02 1.495000000000000000e+03
7.380000000000000000e+02 1.511000000000000000e+03
7.850000000000000000e+02 1.524000000000000000e+03
7.540000000000000000e+02 1.527000000000000000e+03
6.760000000000000000e+02 1.570000000000000000e+03
8.260000000000000000e+02 1.359000000000000000e+03
8.210000000000000000e+02 1.318000000000000000e+03
4.650000000000000000e+02 9.770000000000000000e+02
7.350000000000000000e+02 1.210000000000000000e+03
7.320000000000000000e+02 1.341000000000000000e+03
7.290000000000000000e+02 1.318000000000000000e+03
5.160000000000000000e+02 1.303000000000000000e+03
8.240000000000000000e+02 1.264000000000000000e+03
5.670000000000000000e+02 9.370000000000000000e+02
5.060000000000000000e+02 9.470000000000000000e+02
4.220000000000000000e+02 8.300000000000000000e+02
7.690000000000000000e+02 9.940000000000000000e+02
7.040000000000000000e+02 1.037000000000000000e+03
6.450000000000000000e+02 1.527000000000000000e+03
4.540000000000000000e+02 1.490000000000000000e+03
7.640000000000000000e+02 1.366000000000000000e+03
7.980000000000000000e+02 1.379000000000000000e+03
6.960000000000000000e+02 1.534000000000000000e+03
7.050000000000000000e+02 1.534000000000000000e+03
4.840000000000000000e+02 9.130000000000000000e+02
7.310000000000000000e+02 1.358000000000000000e+03
6.530000000000000000e+02 9.500000000000000000e+02
6.470000000000000000e+02 9.110000000000000000e+02
6.060000000000000000e+02 7.300000000000000000e+02
4.530000000000000000e+02 8.750000000000000000e+02
6.310000000000000000e+02 8.190000000000000000e+02
4.420000000000000000e+02 9.510000000000000000e+02
4.110000000000000000e+02 9.370000000000000000e+02
8.200000000000000000e+02 1.504000000000000000e+03
7.780000000000000000e+02 1.511000000000000000e+03
7.460000000000000000e+02 1.519000000000000000e+03
7.740000000000000000e+02 1.373000000000000000e+03
7.010000000000000000e+02 1.534000000000000000e+03
7.210000000000000000e+02 1.543000000000000000e+03
7.100000000000000000e+02 1.534000000000000000e+03
7.820000000000000000e+02 1.355000000000000000e+03
7.600000000000000000e+02 1.533000000000000000e+03
7.900000000000000000e+02 1.532000000000000000e+03
8.250000000000000000e+02 1.534000000000000000e+03
8.050000000000000000e+02 1.654000000000000000e+03
8.140000000000000000e+02 1.604000000000000000e+03
8.160000000000000000e+02 1.578000000000000000e+03
8.200000000000000000e+02 1.554000000000000000e+03
8.250000000000000000e+02 1.534000000000000000e+03
7.600000000000000000e+02 1.533000000000000000e+03
7.520000000000000000e+02 1.541000000000000000e+03
7.440000000000000000e+02 1.553000000000000000e+03
7.370000000000000000e+02 1.568000000000000000e+03
6.870000000000000000e+02 1.461000000000000000e+03
3.930000000000000000e+02 1.282000000000000000e+03
8.610000000000000000e+02 1.390000000000000000e+03
7.370000000000000000e+02 1.533000000000000000e+03
7.290000000000000000e+02 1.538000000000000000e+03
8.100000000000000000e+02 1.395000000000000000e+03
7.460000000000000000e+02 1.382000000000000000e+03
8.040000000000000000e+02 1.387000000000000000e+03
6.880000000000000000e+02 1.233000000000000000e+03
6.150000000000000000e+02 1.259000000000000000e+03
7.230000000000000000e+02 1.336000000000000000e+03
4.930000000000000000e+02 7.690000000000000000e+02
5.220000000000000000e+02 8.330000000000000000e+02
5.540000000000000000e+02 8.980000000000000000e+02
7.080000000000000000e+02 1.602000000000000000e+03
7.570000000000000000e+02 9.330000000000000000e+02
7.440000000000000000e+02 8.220000000000000000e+02
7.300000000000000000e+02 7.150000000000000000e+02
5.440000000000000000e+02 1.133000000000000000e+03
4.490000000000000000e+02 1.160000000000000000e+03
7.370000000000000000e+02 1.125000000000000000e+03
4.850000000000000000e+02 1.043000000000000000e+03
7.660000000000000000e+02 1.183000000000000000e+03
7.560000000000000000e+02 1.328000000000000000e+03
4.140000000000000000e+02 1.188000000000000000e+03
4.760000000000000000e+02 1.196000000000000000e+03
5.300000000000000000e+02 1.218000000000000000e+03
6.120000000000000000e+02 1.217000000000000000e+03
6.750000000000000000e+02 1.201000000000000000e+03
7.230000000000000000e+02 1.182000000000000000e+03
8.240000000000000000e+02 1.129000000000000000e+03
4.260000000000000000e+02 1.279000000000000000e+03
4.540000000000000000e+02 1.031000000000000000e+03
8.400000000000000000e+02 1.380000000000000000e+03
7.400000000000000000e+02 1.252000000000000000e+03
3.660000000000000000e+02 1.090000000000000000e+03
7.600000000000000000e+02 1.161000000000000000e+03
7.190000000000000000e+02 1.337000000000000000e+03
5.090000000000000000e+02 1.081000000000000000e+03
7.550000000000000000e+02 1.300000000000000000e+03
4.180000000000000000e+02 1.384000000000000000e+03
7.380000000000000000e+02 1.109000000000000000e+03
7.880000000000000000e+02 1.277000000000000000e+03
5.430000000000000000e+02 1.598000000000000000e+03
5.500000000000000000e+02 1.639000000000000000e+03
3.960000000000000000e+02 1.281000000000000000e+03
4.920000000000000000e+02 1.540000000000000000e+03
3.920000000000000000e+02 1.012000000000000000e+03
7.040000000000000000e+02 1.747000000000000000e+03
8.450000000000000000e+02 1.388000000000000000e+03
7.010000000000000000e+02 1.281000000000000000e+03
4.130000000000000000e+02 1.097000000000000000e+03
5.820000000000000000e+02 1.125000000000000000e+03
6.210000000000000000e+02 1.131000000000000000e+03
7.140000000000000000e+02 1.550000000000000000e+03
4.410000000000000000e+02 1.363000000000000000e+03
7.770000000000000000e+02 1.803000000000000000e+03
6.600000000000000000e+02 1.738000000000000000e+03
6.100000000000000000e+02 1.697000000000000000e+03
8.720000000000000000e+02 8.270000000000000000e+02
8.600000000000000000e+02 1.814000000000000000e+03
6.610000000000000000e+02 1.126000000000000000e+03
7.000000000000000000e+02 1.118000000000000000e+03
7.260000000000000000e+02 1.113000000000000000e+03
4.270000000000000000e+02 1.015000000000000000e+03
6.940000000000000000e+02 1.072000000000000000e+03
6.520000000000000000e+02 1.057000000000000000e+03
6.120000000000000000e+02 1.053000000000000000e+03
5.730000000000000000e+02 1.059000000000000000e+03
5.500000000000000000e+02 1.068000000000000000e+03
3.670000000000000000e+02 9.900000000000000000e+02
5.560000000000000000e+02 1.113000000000000000e+03
8.610000000000000000e+02 1.429000000000000000e+03
7.290000000000000000e+02 1.440000000000000000e+03
7.640000000000000000e+02 1.360000000000000000e+03
8.050000000000000000e+02 1.430000000000000000e+03
8.670000000000000000e+02 1.062000000000000000e+03
5.980000000000000000e+02 1.655000000000000000e+03
6.500000000000000000e+02 1.700000000000000000e+03
7.740000000000000000e+02 1.780000000000000000e+03
5.000000000000000000e+02 1.575000000000000000e+03
7.240000000000000000e+02 1.095000000000000000e+03
7.950000000000000000e+02 1.197000000000000000e+03
8.610000000000000000e+02 1.791000000000000000e+03
7.140000000000000000e+02 1.776000000000000000e+03
4.180000000000000000e+02 1.374000000000000000e+03
7.900000000000000000e+02 1.532000000000000000e+03
7.820000000000000000e+02 1.547000000000000000e+03
7.760000000000000000e+02 1.566000000000000000e+03
7.710000000000000000e+02 1.589000000000000000e+03
7.510000000000000000e+02 1.632000000000000000e+03
7.280000000000000000e+02 1.531000000000000000e+03
7.200000000000000000e+02 1.527000000000000000e+03
7.140000000000000000e+02 1.523000000000000000e+03
6.580000000000000000e+02 1.491000000000000000e+03
4.920000000000000000e+02 1.391000000000000000e+03
7.960000000000000000e+02 1.153000000000000000e+03
7.690000000000000000e+02 1.072000000000000000e+03
7.430000000000000000e+02 1.078000000000000000e+03
7.360000000000000000e+02 1.534000000000000000e+03
4.990000000000000000e+02 1.487000000000000000e+03
8.080000000000000000e+02 1.072000000000000000e+03
7.280000000000000000e+02 1.670000000000000000e+03
8.640000000000000000e+02 1.213000000000000000e+03
8.250000000000000000e+02 1.176000000000000000e+03
8.650000000000000000e+02 1.168000000000000000e+03
7.660000000000000000e+02 1.263000000000000000e+03
8.610000000000000000e+02 1.754000000000000000e+03
8.610000000000000000e+02 1.704000000000000000e+03
7.910000000000000000e+02 1.697000000000000000e+03
6.380000000000000000e+02 1.585000000000000000e+03
6.820000000000000000e+02 1.369000000000000000e+03
6.790000000000000000e+02 1.633000000000000000e+03
5.790000000000000000e+02 1.360000000000000000e+03
6.410000000000000000e+02 1.408000000000000000e+03
5.480000000000000000e+02 1.425000000000000000e+03
7.780000000000000000e+02 1.744000000000000000e+03
7.420000000000000000e+02 1.285000000000000000e+03
6.050000000000000000e+02 1.614000000000000000e+03
6.580000000000000000e+02 1.664000000000000000e+03
6.030000000000000000e+02 1.532000000000000000e+03
4.590000000000000000e+02 1.433000000000000000e+03
5.530000000000000000e+02 1.536000000000000000e+03
4.470000000000000000e+02 1.460000000000000000e+03
6.100000000000000000e+02 1.460000000000000000e+03
7.690000000000000000e+02 1.224000000000000000e+03
7.690000000000000000e+02 1.347000000000000000e+03
7.450000000000000000e+02 1.356000000000000000e+03
7.860000000000000000e+02 1.321000000000000000e+03
7.320000000000000000e+02 1.027000000000000000e+03
6.570000000000000000e+02 9.910000000000000000e+02
5.900000000000000000e+02 9.810000000000000000e+02
5.360000000000000000e+02 9.880000000000000000e+02
5.000000000000000000e+02 1.008000000000000000e+03
4.830000000000000000e+02 1.088000000000000000e+03
3.800000000000000000e+02 1.190000000000000000e+03
5.150000000000000000e+02 1.157000000000000000e+03
5.590000000000000000e+02 1.175000000000000000e+03
6.170000000000000000e+02 1.180000000000000000e+03
6.730000000000000000e+02 1.171000000000000000e+03
7.190000000000000000e+02 1.157000000000000000e+03
7.500000000000000000e+02 1.144000000000000000e+03
3.770000000000000000e+02 1.186000000000000000e+03
7.470000000000000000e+02 1.366000000000000000e+03
7.950000000000000000e+02 1.236000000000000000e+03
7.980000000000000000e+02 1.352000000000000000e+03
8.200000000000000000e+02 1.372000000000000000e+03
7.990000000000000000e+02 1.358000000000000000e+03
7.580000000000000000e+02 1.377000000000000000e+03
8.280000000000000000e+02 1.376000000000000000e+03
8.320000000000000000e+02 1.384000000000000000e+03
7.540000000000000000e+02 1.111000000000000000e+03
7.750000000000000000e+02 1.120000000000000000e+03
7.870000000000000000e+02 1.128000000000000000e+03
5.370000000000000000e+02 1.076000000000000000e+03
5.070000000000000000e+02 1.050000000000000000e+03
9.010000000000000000e+02 1.220000000000000000e+03
1.190000000000000000e+03 1.122000000000000000e+03
8.980000000000000000e+02 1.379000000000000000e+03
1.355000000000000000e+03 9.350000000000000000e+02
1.061000000000000000e+03 1.159000000000000000e+03
1.106000000000000000e+03 1.164000000000000000e+03
1.148000000000000000e+03 1.162000000000000000e+03
1.205000000000000000e+03 1.134000000000000000e+03
1.023000000000000000e+03 1.146000000000000000e+03
1.134000000000000000e+03 1.021000000000000000e+03
1.081000000000000000e+03 1.027000000000000000e+03
1.183000000000000000e+03 1.030000000000000000e+03
1.212000000000000000e+03 1.050000000000000000e+03
1.236000000000000000e+03 1.159000000000000000e+03
1.012000000000000000e+03 1.717000000000000000e+03
1.206000000000000000e+03 1.106000000000000000e+03
1.355000000000000000e+03 1.127000000000000000e+03
1.286000000000000000e+03 1.122000000000000000e+03
1.080000000000000000e+03 1.324000000000000000e+03
9.140000000000000000e+02 1.483000000000000000e+03
9.080000000000000000e+02 1.526000000000000000e+03
9.590000000000000000e+02 1.500000000000000000e+03
9.890000000000000000e+02 1.517000000000000000e+03
9.440000000000000000e+02 1.529000000000000000e+03
9.730000000000000000e+02 1.533000000000000000e+03
1.046000000000000000e+03 1.577000000000000000e+03
8.960000000000000000e+02 1.361000000000000000e+03
9.020000000000000000e+02 1.319000000000000000e+03
1.278000000000000000e+03 1.000000000000000000e+03
9.950000000000000000e+02 1.216000000000000000e+03
9.910000000000000000e+02 1.347000000000000000e+03
9.950000000000000000e+02 1.324000000000000000e+03
1.212000000000000000e+03 1.321000000000000000e+03
9.020000000000000000e+02 1.266000000000000000e+03
1.178000000000000000e+03 9.500000000000000000e+02
1.239000000000000000e+03 9.660000000000000000e+02
1.321000000000000000e+03 8.560000000000000000e+02
9.730000000000000000e+02 9.950000000000000000e+02
1.035000000000000000e+03 1.048000000000000000e+03
1.078000000000000000e+03 1.536000000000000000e+03
1.268000000000000000e+03 1.511000000000000000e+03
9.580000000000000000e+02 1.370000000000000000e+03
9.250000000000000000e+02 1.381000000000000000e+03
1.026000000000000000e+03 1.542000000000000000e+03
1.017000000000000000e+03 1.541000000000000000e+03
1.265000000000000000e+03 9.340000000000000000e+02
9.910000000000000000e+02 1.364000000000000000e+03
1.092000000000000000e+03 9.570000000000000000e+02
1.101000000000000000e+03 9.190000000000000000e+02
1.144000000000000000e+03 7.460000000000000000e+02
1.288000000000000000e+03 9.000000000000000000e+02
1.113000000000000000e+03 8.340000000000000000e+02
1.304000000000000000e+03 9.780000000000000000e+02
1.327000000000000000e+03 9.640000000000000000e+02
9.120000000000000000e+02 1.507000000000000000e+03
9.520000000000000000e+02 1.516000000000000000e+03
9.810000000000000000e+02 1.525000000000000000e+03
9.480000000000000000e+02 1.377000000000000000e+03
1.022000000000000000e+03 1.542000000000000000e+03
1.003000000000000000e+03 1.550000000000000000e+03
1.012000000000000000e+03 1.541000000000000000e+03
9.400000000000000000e+02 1.358000000000000000e+03
9.660000000000000000e+02 1.538000000000000000e+03
9.370000000000000000e+02 1.537000000000000000e+03
9.040000000000000000e+02 1.537000000000000000e+03
9.170000000000000000e+02 1.657000000000000000e+03
9.130000000000000000e+02 1.607000000000000000e+03
9.110000000000000000e+02 1.581000000000000000e+03
9.080000000000000000e+02 1.556000000000000000e+03
9.040000000000000000e+02 1.537000000000000000e+03
9.660000000000000000e+02 1.538000000000000000e+03
9.740000000000000000e+02 1.547000000000000000e+03
9.820000000000000000e+02 1.560000000000000000e+03
9.880000000000000000e+02 1.574000000000000000e+03
1.035000000000000000e+03 1.468000000000000000e+03
1.332000000000000000e+03 1.308000000000000000e+03
9.870000000000000000e+02 1.540000000000000000e+03
9.950000000000000000e+02 1.545000000000000000e+03
9.120000000000000000e+02 1.397000000000000000e+03
9.760000000000000000e+02 1.387000000000000000e+03
9.180000000000000000e+02 1.389000000000000000e+03
1.041000000000000000e+03 1.242000000000000000e+03
1.114000000000000000e+03 1.272000000000000000e+03
1.001000000000000000e+03 1.342000000000000000e+03
1.255000000000000000e+03 7.910000000000000000e+02
1.221000000000000000e+03 8.540000000000000000e+02
1.196000000000000000e+03 9.130000000000000000e+02
1.014000000000000000e+03 1.608000000000000000e+03
9.890000000000000000e+02 9.350000000000000000e+02
1.001000000000000000e+03 8.290000000000000000e+02
1.022000000000000000e+03 7.230000000000000000e+02
1.184000000000000000e+03 1.153000000000000000e+03
1.279000000000000000e+03 1.188000000000000000e+03
9.980000000000000000e+02 1.134000000000000000e+03
1.251000000000000000e+03 1.067000000000000000e+03
9.650000000000000000e+02 1.188000000000000000e+03
9.670000000000000000e+02 1.333000000000000000e+03
1.316000000000000000e+03 1.212000000000000000e+03
1.248000000000000000e+03 1.221000000000000000e+03
1.192000000000000000e+03 1.237000000000000000e+03
1.109000000000000000e+03 1.230000000000000000e+03
1.048000000000000000e+03 1.211000000000000000e+03
1.002000000000000000e+03 1.191000000000000000e+03
9.080000000000000000e+02 1.131000000000000000e+03
1.302000000000000000e+03 1.302000000000000000e+03
1.284000000000000000e+03 1.057000000000000000e+03
8.810000000000000000e+02 1.381000000000000000e+03
9.870000000000000000e+02 1.258000000000000000e+03
1.366000000000000000e+03 1.118000000000000000e+03
9.680000000000000000e+02 1.167000000000000000e+03
1.005000000000000000e+03 1.343000000000000000e+03
1.224000000000000000e+03 1.106000000000000000e+03
9.700000000000000000e+02 1.304000000000000000e+03
1.306000000000000000e+03 1.408000000000000000e+03
9.970000000000000000e+02 1.119000000000000000e+03
9.370000000000000000e+02 1.281000000000000000e+03
1.181000000000000000e+03 1.615000000000000000e+03
1.173000000000000000e+03 1.654000000000000000e+03
1.331000000000000000e+03 1.307000000000000000e+03
1.232000000000000000e+03 1.558000000000000000e+03
1.343000000000000000e+03 1.040000000000000000e+03
1.018000000000000000e+03 1.754000000000000000e+03
8.770000000000000000e+02 1.388000000000000000e+03
1.026000000000000000e+03 1.289000000000000000e+03
1.320000000000000000e+03 1.128000000000000000e+03
1.147000000000000000e+03 1.141000000000000000e+03
1.109000000000000000e+03 1.143000000000000000e+03
1.010000000000000000e+03 1.558000000000000000e+03
1.285000000000000000e+03 1.385000000000000000e+03
9.430000000000000000e+02 1.807000000000000000e+03
1.061000000000000000e+03 1.747000000000000000e+03
1.112000000000000000e+03 1.708000000000000000e+03
1.071000000000000000e+03 1.138000000000000000e+03
1.034000000000000000e+03 1.128000000000000000e+03
1.010000000000000000e+03 1.124000000000000000e+03
1.314000000000000000e+03 1.045000000000000000e+03
1.044000000000000000e+03 1.086000000000000000e+03
1.085000000000000000e+03 1.072000000000000000e+03
1.124000000000000000e+03 1.070000000000000000e+03
1.161000000000000000e+03 1.078000000000000000e+03
1.184000000000000000e+03 1.089000000000000000e+03
1.368000000000000000e+03 1.018000000000000000e+03
1.173000000000000000e+03 1.132000000000000000e+03
9.940000000000000000e+02 1.445000000000000000e+03
9.580000000000000000e+02 1.364000000000000000e+03
9.180000000000000000e+02 1.432000000000000000e+03
1.126000000000000000e+03 1.669000000000000000e+03
1.073000000000000000e+03 1.711000000000000000e+03
9.470000000000000000e+02 1.784000000000000000e+03
1.222000000000000000e+03 1.592000000000000000e+03
1.012000000000000000e+03 1.106000000000000000e+03
9.340000000000000000e+02 1.200000000000000000e+03
1.007000000000000000e+03 1.782000000000000000e+03
1.306000000000000000e+03 1.398000000000000000e+03
9.370000000000000000e+02 1.537000000000000000e+03
9.450000000000000000e+02 1.552000000000000000e+03
9.510000000000000000e+02 1.571000000000000000e+03
9.550000000000000000e+02 1.594000000000000000e+03
9.710000000000000000e+02 1.636000000000000000e+03
9.960000000000000000e+02 1.537000000000000000e+03
1.004000000000000000e+03 1.534000000000000000e+03
1.011000000000000000e+03 1.530000000000000000e+03
1.064000000000000000e+03 1.499000000000000000e+03
1.234000000000000000e+03 1.410000000000000000e+03
9.360000000000000000e+02 1.156000000000000000e+03
9.690000000000000000e+02 1.079000000000000000e+03
9.950000000000000000e+02 1.088000000000000000e+03
9.870000000000000000e+02 1.540000000000000000e+03
1.226000000000000000e+03 1.505000000000000000e+03
9.270000000000000000e+02 1.075000000000000000e+03
9.940000000000000000e+02 1.675000000000000000e+03
9.050000000000000000e+02 1.178000000000000000e+03
9.610000000000000000e+02 1.267000000000000000e+03
9.300000000000000000e+02 1.701000000000000000e+03
1.085000000000000000e+03 1.595000000000000000e+03
1.042000000000000000e+03 1.377000000000000000e+03
1.043000000000000000e+03 1.641000000000000000e+03
1.147000000000000000e+03 1.374000000000000000e+03
1.083000000000000000e+03 1.419000000000000000e+03
1.177000000000000000e+03 1.440000000000000000e+03
9.430000000000000000e+02 1.748000000000000000e+03
9.840000000000000000e+02 1.291000000000000000e+03
1.118000000000000000e+03 1.627000000000000000e+03
1.065000000000000000e+03 1.673000000000000000e+03
1.120000000000000000e+03 1.544000000000000000e+03
1.266000000000000000e+03 1.454000000000000000e+03
1.171000000000000000e+03 1.551000000000000000e+03
1.277000000000000000e+03 1.481000000000000000e+03
1.113000000000000000e+03 1.471000000000000000e+03
9.600000000000000000e+02 1.228000000000000000e+03
9.530000000000000000e+02 1.351000000000000000e+03
9.770000000000000000e+02 1.361000000000000000e+03
9.370000000000000000e+02 1.324000000000000000e+03
1.008000000000000000e+03 1.034000000000000000e+03
1.084000000000000000e+03 1.002000000000000000e+03
1.151000000000000000e+03 9.970000000000000000e+02
1.204000000000000000e+03 1.007000000000000000e+03
1.239000000000000000e+03 1.030000000000000000e+03
1.250000000000000000e+03 1.113000000000000000e+03
1.348000000000000000e+03 1.217000000000000000e+03
1.211000000000000000e+03 1.180000000000000000e+03
1.166000000000000000e+03 1.193000000000000000e+03
1.108000000000000000e+03 1.193000000000000000e+03
1.054000000000000000e+03 1.182000000000000000e+03
1.011000000000000000e+03 1.166000000000000000e+03
9.810000000000000000e+02 1.151000000000000000e+03
1.352000000000000000e+03 1.213000000000000000e+03
9.750000000000000000e+02 1.371000000000000000e+03
9.330000000000000000e+02 1.239000000000000000e+03
9.240000000000000000e+02 1.354000000000000000e+03
9.020000000000000000e+02 1.373000000000000000e+03
9.240000000000000000e+02 1.360000000000000000e+03
9.640000000000000000e+02 1.382000000000000000e+03
8.940000000000000000e+02 1.378000000000000000e+03
8.890000000000000000e+02 1.385000000000000000e+03
9.820000000000000000e+02 1.119000000000000000e+03
9.580000000000000000e+02 1.126000000000000000e+03
9.430000000000000000e+02 1.133000000000000000e+03
1.196000000000000000e+03 1.098000000000000000e+03
1.229000000000000000e+03 1.073000000000000000e+03
6.260000000000000000e+02 1.088000000000000000e+03
6.720000000000000000e+02 1.088000000000000000e+03
6.270000000000000000e+02 1.046000000000000000e+03
5.800000000000000000e+02 1.088000000000000000e+03
6.260000000000000000e+02 1.130000000000000000e+03
1.113000000000000000e+03 1.104000000000000000e+03
1.158000000000000000e+03 1.105000000000000000e+03
1.113000000000000000e+03 1.064000000000000000e+03
1.067000000000000000e+03 1.102000000000000000e+03
1.113000000000000000e+03 1.143000000000000000e+03
0.000000000000000000e+00 0.000000000000000000e+00
1.749000000000000000e+03 0.000000000000000000e+00
1.749000000000000000e+03 2.187000000000000000e+03
0.000000000000000000e+00 2.187000000000000000e+03
8.700000000000000000e+01 0.000000000000000000e+00
8.700000000000000000e+01 2.187000000000000000e+03
0.000000000000000000e+00 1.090000000000000000e+02
1.749000000000000000e+03 1.090000000000000000e+02
1.750000000000000000e+02 0.000000000000000000e+00
1.750000000000000000e+02 2.187000000000000000e+03
0.000000000000000000e+00 2.180000000000000000e+02
1.749000000000000000e+03 2.180000000000000000e+02
2.620000000000000000e+02 0.000000000000000000e+00
2.620000000000000000e+02 2.187000000000000000e+03
0.000000000000000000e+00 3.280000000000000000e+02
1.749000000000000000e+03 3.280000000000000000e+02
3.500000000000000000e+02 0.000000000000000000e+00
3.500000000000000000e+02 2.187000000000000000e+03
0.000000000000000000e+00 4.370000000000000000e+02
1.749000000000000000e+03 4.370000000000000000e+02
4.370000000000000000e+02 0.000000000000000000e+00
4.370000000000000000e+02 2.187000000000000000e+03
0.000000000000000000e+00 5.470000000000000000e+02
1.749000000000000000e+03 5.470000000000000000e+02
5.250000000000000000e+02 0.000000000000000000e+00
5.250000000000000000e+02 2.187000000000000000e+03
0.000000000000000000e+00 6.560000000000000000e+02
1.749000000000000000e+03 6.560000000000000000e+02
6.120000000000000000e+02 0.000000000000000000e+00
6.120000000000000000e+02 2.187000000000000000e+03
0.000000000000000000e+00 7.650000000000000000e+02
1.749000000000000000e+03 7.650000000000000000e+02
7.000000000000000000e+02 0.000000000000000000e+00
7.000000000000000000e+02 2.187000000000000000e+03
0.000000000000000000e+00 8.750000000000000000e+02
1.749000000000000000e+03 8.750000000000000000e+02
7.870000000000000000e+02 0.000000000000000000e+00
7.870000000000000000e+02 2.187000000000000000e+03
0.000000000000000000e+00 9.840000000000000000e+02
1.749000000000000000e+03 9.840000000000000000e+02
8.750000000000000000e+02 0.000000000000000000e+00
8.750000000000000000e+02 2.187000000000000000e+03
0.000000000000000000e+00 1.094000000000000000e+03
1.749000000000000000e+03 1.094000000000000000e+03
9.620000000000000000e+02 0.000000000000000000e+00
9.620000000000000000e+02 2.187000000000000000e+03
0.000000000000000000e+00 1.203000000000000000e+03
1.749000000000000000e+03 1.203000000000000000e+03
1.050000000000000000e+03 0.000000000000000000e+00
1.050000000000000000e+03 2.187000000000000000e+03
0.000000000000000000e+00 1.312000000000000000e+03
1.749000000000000000e+03 1.312000000000000000e+03
1.137000000000000000e+03 0.000000000000000000e+00
1.137000000000000000e+03 2.187000000000000000e+03
0.000000000000000000e+00 1.422000000000000000e+03
1.749000000000000000e+03 1.422000000000000000e+03
1.225000000000000000e+03 0.000000000000000000e+00
1.225000000000000000e+03 2.187000000000000000e+03
0.000000000000000000e+00 1.531000000000000000e+03
1.749000000000000000e+03 1.531000000000000000e+03
1.312000000000000000e+03 0.000000000000000000e+00
1.312000000000000000e+03 2.187000000000000000e+03
0.000000000000000000e+00 1.641000000000000000e+03
1.749000000000000000e+03 1.641000000000000000e+03
1.400000000000000000e+03 0.000000000000000000e+00
1.400000000000000000e+03 2.187000000000000000e+03
0.000000000000000000e+00 1.750000000000000000e+03
1.749000000000000000e+03 1.750000000000000000e+03
1.487000000000000000e+03 0.000000000000000000e+00
1.487000000000000000e+03 2.187000000000000000e+03
0.000000000000000000e+00 1.859000000000000000e+03
1.749000000000000000e+03 1.859000000000000000e+03
1.575000000000000000e+03 0.000000000000000000e+00
1.575000000000000000e+03 2.187000000000000000e+03
0.000000000000000000e+00 1.969000000000000000e+03
1.749000000000000000e+03 1.969000000000000000e+03
1.662000000000000000e+03 0.000000000000000000e+00
1.662000000000000000e+03 2.187000000000000000e+03
0.000000000000000000e+00 2.078000000000000000e+03
1.749000000000000000e+03 2.078000000000000000e+03
