8.000000000000000000e+02 1.479000000000000000e+03
8.090000000000000000e+02 1.334000000000000000e+03
8.070000000000000000e+02 1.366000000000000000e+03
7.810000000000000000e+02 1.199000000000000000e+03
8.100000000000000000e+02 1.294000000000000000e+03
8.100000000000000000e+02 1.240000000000000000e+03
8.120000000000000000e+02 1.107000000000000000e+03
5.550000000000000000e+02 1.064000000000000000e+03
8.130000000000000000e+02 1.013000000000000000e+03
8.140000000000000000e+02 9.650000000000000000e+02
8.170000000000000000e+02 7.700000000000000000e+02
8.000000000000000000e+02 1.492000000000000000e+03
7.990000000000000000e+02 1.504000000000000000e+03
7.990000000000000000e+02 1.512000000000000000e+03
7.980000000000000000e+02 1.516000000000000000e+03
7.970000000000000000e+02 1.533000000000000000e+03
7.960000000000000000e+02 1.554000000000000000e+03
7.950000000000000000e+02 1.577000000000000000e+03
8.000000000000000000e+02 1.633000000000000000e+03
8.080000000000000000e+02 1.353000000000000000e+03
7.720000000000000000e+02 1.348000000000000000e+03
4.530000000000000000e+02 9.100000000000000000e+02
6.600000000000000000e+02 1.101000000000000000e+03
6.220000000000000000e+02 1.105000000000000000e+03
5.860000000000000000e+02 1.103000000000000000e+03
5.430000000000000000e+02 1.077000000000000000e+03
6.920000000000000000e+02 1.093000000000000000e+03
6.050000000000000000e+02 9.930000000000000000e+02
6.500000000000000000e+02 9.990000000000000000e+02
5.660000000000000000e+02 9.970000000000000000e+02
5.420000000000000000e+02 1.011000000000000000e+03
5.160000000000000000e+02 1.103000000000000000e+03
6.650000000000000000e+02 1.670000000000000000e+03
5.430000000000000000e+02 1.051000000000000000e+03
4.270000000000000000e+02 1.077000000000000000e+03
4.840000000000000000e+02 1.074000000000000000e+03
6.330000000000000000e+02 1.277000000000000000e+03
7.600000000000000000e+02 1.470000000000000000e+03
7.640000000000000000e+02 1.500000000000000000e+03
7.230000000000000000e+02 1.480000000000000000e+03
6.960000000000000000e+02 1.490000000000000000e+03
7.330000000000000000e+02 1.500000000000000000e+03
7.080000000000000000e+02 1.502000000000000000e+03
6.360000000000000000e+02 1.536000000000000000e+03
7.790000000000000000e+02 1.332000000000000000e+03
7.750000000000000000e+02 1.294000000000000000e+03
5.000000000000000000e+02 9.850000000000000000e+02
7.070000000000000000e+02 1.180000000000000000e+03
6.960000000000000000e+02 1.310000000000000000e+03
6.930000000000000000e+02 1.288000000000000000e+03
5.340000000000000000e+02 1.265000000000000000e+03
7.780000000000000000e+02 1.243000000000000000e+03
5.770000000000000000e+02 9.530000000000000000e+02
5.290000000000000000e+02 9.610000000000000000e+02
4.920000000000000000e+02 8.500000000000000000e+02
7.370000000000000000e+02 9.960000000000000000e+02
6.880000000000000000e+02 1.016000000000000000e+03
6.120000000000000000e+02 1.491000000000000000e+03
4.490000000000000000e+02 1.440000000000000000e+03
7.210000000000000000e+02 1.334000000000000000e+03
7.480000000000000000e+02 1.347000000000000000e+03
6.610000000000000000e+02 1.507000000000000000e+03
6.690000000000000000e+02 1.507000000000000000e+03
5.170000000000000000e+02 9.380000000000000000e+02
6.930000000000000000e+02 1.326000000000000000e+03
6.440000000000000000e+02 9.620000000000000000e+02
6.390000000000000000e+02 9.330000000000000000e+02
6.290000000000000000e+02 7.800000000000000000e+02
5.140000000000000000e+02 8.960000000000000000e+02
6.470000000000000000e+02 8.580000000000000000e+02
4.870000000000000000e+02 9.680000000000000000e+02
4.750000000000000000e+02 9.430000000000000000e+02
7.610000000000000000e+02 1.488000000000000000e+03
7.280000000000000000e+02 1.491000000000000000e+03
7.020000000000000000e+02 1.496000000000000000e+03
7.280000000000000000e+02 1.341000000000000000e+03
6.650000000000000000e+02 1.507000000000000000e+03
6.800000000000000000e+02 1.516000000000000000e+03
6.730000000000000000e+02 1.507000000000000000e+03
7.390000000000000000e+02 1.326000000000000000e+03
7.120000000000000000e+02 1.507000000000000000e+03
7.370000000000000000e+02 1.506000000000000000e+03
7.660000000000000000e+02 1.508000000000000000e+03
7.490000000000000000e+02 1.627000000000000000e+03
7.530000000000000000e+02 1.572000000000000000e+03
7.560000000000000000e+02 1.549000000000000000e+03
7.600000000000000000e+02 1.528000000000000000e+03
7.650000000000000000e+02 1.512000000000000000e+03
7.110000000000000000e+02 1.509000000000000000e+03
7.050000000000000000e+02 1.516000000000000000e+03
6.980000000000000000e+02 1.526000000000000000e+03
6.920000000000000000e+02 1.539000000000000000e+03
6.540000000000000000e+02 1.425000000000000000e+03
4.150000000000000000e+02 1.237000000000000000e+03
8.080000000000000000e+02 1.359000000000000000e+03
6.930000000000000000e+02 1.508000000000000000e+03
6.870000000000000000e+02 1.511000000000000000e+03
7.590000000000000000e+02 1.362000000000000000e+03
7.030000000000000000e+02 1.348000000000000000e+03
7.540000000000000000e+02 1.355000000000000000e+03
6.710000000000000000e+02 1.200000000000000000e+03
6.150000000000000000e+02 1.224000000000000000e+03
6.860000000000000000e+02 1.304000000000000000e+03
5.480000000000000000e+02 8.060000000000000000e+02
5.690000000000000000e+02 8.670000000000000000e+02
5.690000000000000000e+02 9.250000000000000000e+02
6.640000000000000000e+02 1.571000000000000000e+03
7.260000000000000000e+02 9.480000000000000000e+02
7.260000000000000000e+02 8.600000000000000000e+02
7.150000000000000000e+02 7.690000000000000000e+02
5.580000000000000000e+02 1.094000000000000000e+03
4.800000000000000000e+02 1.129000000000000000e+03
7.130000000000000000e+02 1.084000000000000000e+03
5.130000000000000000e+02 1.028000000000000000e+03
7.320000000000000000e+02 1.158000000000000000e+03
7.180000000000000000e+02 1.300000000000000000e+03
4.510000000000000000e+02 1.157000000000000000e+03
4.950000000000000000e+02 1.159000000000000000e+03
5.350000000000000000e+02 1.176000000000000000e+03
6.050000000000000000e+02 1.173000000000000000e+03
6.580000000000000000e+02 1.158000000000000000e+03
6.970000000000000000e+02 1.142000000000000000e+03
7.780000000000000000e+02 1.114000000000000000e+03
4.530000000000000000e+02 1.240000000000000000e+03
4.900000000000000000e+02 1.024000000000000000e+03
7.890000000000000000e+02 1.350000000000000000e+03
7.070000000000000000e+02 1.222000000000000000e+03
4.160000000000000000e+02 1.064000000000000000e+03
7.260000000000000000e+02 1.124000000000000000e+03
6.830000000000000000e+02 1.303000000000000000e+03
5.310000000000000000e+02 1.053000000000000000e+03
7.160000000000000000e+02 1.272000000000000000e+03
4.260000000000000000e+02 1.334000000000000000e+03
7.140000000000000000e+02 1.070000000000000000e+03
7.460000000000000000e+02 1.254000000000000000e+03
5.230000000000000000e+02 1.557000000000000000e+03
5.220000000000000000e+02 1.599000000000000000e+03
4.190000000000000000e+02 1.241000000000000000e+03
4.820000000000000000e+02 1.495000000000000000e+03
4.500000000000000000e+02 1.003000000000000000e+03
6.570000000000000000e+02 1.709000000000000000e+03
7.920000000000000000e+02 1.357000000000000000e+03
6.750000000000000000e+02 1.248000000000000000e+03
4.620000000000000000e+02 1.080000000000000000e+03
5.890000000000000000e+02 1.079000000000000000e+03
6.210000000000000000e+02 1.082000000000000000e+03
6.740000000000000000e+02 1.522000000000000000e+03
4.590000000000000000e+02 1.319000000000000000e+03
7.200000000000000000e+02 1.769000000000000000e+03
6.150000000000000000e+02 1.703000000000000000e+03
5.720000000000000000e+02 1.660000000000000000e+03
8.160000000000000000e+02 8.640000000000000000e+02
7.970000000000000000e+02 1.780000000000000000e+03
6.540000000000000000e+02 1.080000000000000000e+03
6.850000000000000000e+02 1.074000000000000000e+03
7.050000000000000000e+02 1.072000000000000000e+03
4.740000000000000000e+02 1.016000000000000000e+03
6.810000000000000000e+02 1.041000000000000000e+03
6.470000000000000000e+02 1.029000000000000000e+03
6.120000000000000000e+02 1.025000000000000000e+03
5.790000000000000000e+02 1.029000000000000000e+03
5.600000000000000000e+02 1.038000000000000000e+03
4.290000000000000000e+02 9.770000000000000000e+02
5.680000000000000000e+02 1.072000000000000000e+03
8.060000000000000000e+02 1.396000000000000000e+03
6.880000000000000000e+02 1.405000000000000000e+03
7.220000000000000000e+02 1.329000000000000000e+03
7.550000000000000000e+02 1.397000000000000000e+03
8.120000000000000000e+02 1.057000000000000000e+03
5.660000000000000000e+02 1.616000000000000000e+03
6.090000000000000000e+02 1.663000000000000000e+03
7.190000000000000000e+02 1.743000000000000000e+03
4.830000000000000000e+02 1.530000000000000000e+03
7.030000000000000000e+02 1.058000000000000000e+03
7.550000000000000000e+02 1.176000000000000000e+03
7.970000000000000000e+02 1.755000000000000000e+03
6.630000000000000000e+02 1.741000000000000000e+03
4.280000000000000000e+02 1.329000000000000000e+03
7.360000000000000000e+02 1.510000000000000000e+03
7.290000000000000000e+02 1.522000000000000000e+03
7.230000000000000000e+02 1.538000000000000000e+03
7.180000000000000000e+02 1.558000000000000000e+03
7.000000000000000000e+02 1.604000000000000000e+03
6.870000000000000000e+02 1.504000000000000000e+03
6.810000000000000000e+02 1.502000000000000000e+03
6.760000000000000000e+02 1.499000000000000000e+03
6.280000000000000000e+02 1.455000000000000000e+03
5.050000000000000000e+02 1.347000000000000000e+03
7.560000000000000000e+02 1.133000000000000000e+03
7.410000000000000000e+02 1.048000000000000000e+03
7.200000000000000000e+02 1.048000000000000000e+03
6.940000000000000000e+02 1.507000000000000000e+03
5.000000000000000000e+02 1.442000000000000000e+03
7.670000000000000000e+02 1.052000000000000000e+03
6.820000000000000000e+02 1.634000000000000000e+03
8.110000000000000000e+02 1.195000000000000000e+03
7.790000000000000000e+02 1.159000000000000000e+03
8.110000000000000000e+02 1.152000000000000000e+03
7.270000000000000000e+02 1.236000000000000000e+03
7.980000000000000000e+02 1.716000000000000000e+03
7.990000000000000000e+02 1.671000000000000000e+03
7.380000000000000000e+02 1.663000000000000000e+03
6.060000000000000000e+02 1.547000000000000000e+03
6.530000000000000000e+02 1.333000000000000000e+03
6.390000000000000000e+02 1.595000000000000000e+03
5.800000000000000000e+02 1.322000000000000000e+03
6.230000000000000000e+02 1.371000000000000000e+03
5.510000000000000000e+02 1.383000000000000000e+03
7.260000000000000000e+02 1.706000000000000000e+03
7.050000000000000000e+02 1.255000000000000000e+03
5.780000000000000000e+02 1.574000000000000000e+03
6.200000000000000000e+02 1.625000000000000000e+03
5.810000000000000000e+02 1.492000000000000000e+03
4.680000000000000000e+02 1.387000000000000000e+03
5.400000000000000000e+02 1.493000000000000000e+03
4.470000000000000000e+02 1.413000000000000000e+03
5.970000000000000000e+02 1.420000000000000000e+03
7.320000000000000000e+02 1.198000000000000000e+03
7.290000000000000000e+02 1.319000000000000000e+03
7.070000000000000000e+02 1.324000000000000000e+03
7.440000000000000000e+02 1.295000000000000000e+03
7.120000000000000000e+02 1.014000000000000000e+03
6.480000000000000000e+02 9.870000000000000000e+02
5.930000000000000000e+02 9.790000000000000000e+02
5.500000000000000000e+02 9.840000000000000000e+02
5.230000000000000000e+02 1.000000000000000000e+03
5.110000000000000000e+02 1.064000000000000000e+03
4.170000000000000000e+02 1.157000000000000000e+03
5.310000000000000000e+02 1.120000000000000000e+03
5.640000000000000000e+02 1.135000000000000000e+03
6.130000000000000000e+02 1.135000000000000000e+03
6.610000000000000000e+02 1.127000000000000000e+03
6.980000000000000000e+02 1.116000000000000000e+03
7.230000000000000000e+02 1.105000000000000000e+03
4.140000000000000000e+02 1.149000000000000000e+03
7.060000000000000000e+02 1.333000000000000000e+03
7.530000000000000000e+02 1.214000000000000000e+03
7.530000000000000000e+02 1.325000000000000000e+03
7.700000000000000000e+02 1.343000000000000000e+03
7.530000000000000000e+02 1.330000000000000000e+03
7.150000000000000000e+02 1.345000000000000000e+03
7.780000000000000000e+02 1.347000000000000000e+03
7.800000000000000000e+02 1.354000000000000000e+03
7.270000000000000000e+02 1.073000000000000000e+03
7.430000000000000000e+02 1.086000000000000000e+03
7.490000000000000000e+02 1.096000000000000000e+03
5.490000000000000000e+02 1.045000000000000000e+03
5.290000000000000000e+02 1.029000000000000000e+03
8.400000000000000000e+02 1.200000000000000000e+03
1.052000000000000000e+03 1.081000000000000000e+03
8.440000000000000000e+02 1.350000000000000000e+03
1.163000000000000000e+03 9.300000000000000000e+02
9.480000000000000000e+02 1.109000000000000000e+03
9.840000000000000000e+02 1.115000000000000000e+03
1.019000000000000000e+03 1.116000000000000000e+03
1.063000000000000000e+03 1.093000000000000000e+03
9.170000000000000000e+02 1.098000000000000000e+03
1.010000000000000000e+03 1.006000000000000000e+03
9.670000000000000000e+02 1.008000000000000000e+03
1.047000000000000000e+03 1.014000000000000000e+03
1.069000000000000000e+03 1.029000000000000000e+03
1.090000000000000000e+03 1.118000000000000000e+03
9.330000000000000000e+02 1.676000000000000000e+03
1.065000000000000000e+03 1.068000000000000000e+03
1.188000000000000000e+03 1.098000000000000000e+03
1.126000000000000000e+03 1.088000000000000000e+03
9.830000000000000000e+02 1.286000000000000000e+03
8.410000000000000000e+02 1.473000000000000000e+03
8.370000000000000000e+02 1.503000000000000000e+03
8.800000000000000000e+02 1.486000000000000000e+03
9.080000000000000000e+02 1.498000000000000000e+03
8.700000000000000000e+02 1.505000000000000000e+03
8.960000000000000000e+02 1.509000000000000000e+03
9.690000000000000000e+02 1.544000000000000000e+03
8.380000000000000000e+02 1.333000000000000000e+03
8.430000000000000000e+02 1.295000000000000000e+03
1.113000000000000000e+03 1.002000000000000000e+03
9.130000000000000000e+02 1.185000000000000000e+03
9.220000000000000000e+02 1.315000000000000000e+03
9.250000000000000000e+02 1.293000000000000000e+03
1.082000000000000000e+03 1.280000000000000000e+03
8.420000000000000000e+02 1.244000000000000000e+03
1.042000000000000000e+03 9.660000000000000000e+02
1.086000000000000000e+03 9.780000000000000000e+02
1.130000000000000000e+03 8.690000000000000000e+02
8.860000000000000000e+02 9.910000000000000000e+02
9.280000000000000000e+02 1.022000000000000000e+03
9.940000000000000000e+02 1.501000000000000000e+03
1.160000000000000000e+03 1.460000000000000000e+03
8.950000000000000000e+02 1.337000000000000000e+03
8.680000000000000000e+02 1.349000000000000000e+03
9.440000000000000000e+02 1.516000000000000000e+03
9.360000000000000000e+02 1.515000000000000000e+03
1.102000000000000000e+03 9.550000000000000000e+02
9.230000000000000000e+02 1.331000000000000000e+03
9.780000000000000000e+02 9.660000000000000000e+02
9.850000000000000000e+02 9.380000000000000000e+02
1.005000000000000000e+03 7.900000000000000000e+02
1.109000000000000000e+03 9.130000000000000000e+02
9.840000000000000000e+02 8.680000000000000000e+02
1.130000000000000000e+03 9.840000000000000000e+02
1.145000000000000000e+03 9.610000000000000000e+02
8.400000000000000000e+02 1.490000000000000000e+03
8.750000000000000000e+02 1.497000000000000000e+03
9.020000000000000000e+02 1.503000000000000000e+03
8.870000000000000000e+02 1.344000000000000000e+03
9.400000000000000000e+02 1.515000000000000000e+03
9.230000000000000000e+02 1.524000000000000000e+03
9.320000000000000000e+02 1.515000000000000000e+03
8.780000000000000000e+02 1.329000000000000000e+03
8.910000000000000000e+02 1.513000000000000000e+03
8.650000000000000000e+02 1.511000000000000000e+03
8.350000000000000000e+02 1.511000000000000000e+03
8.510000000000000000e+02 1.630000000000000000e+03
8.390000000000000000e+02 1.574000000000000000e+03
8.390000000000000000e+02 1.552000000000000000e+03
8.370000000000000000e+02 1.531000000000000000e+03
8.340000000000000000e+02 1.515000000000000000e+03
8.900000000000000000e+02 1.514000000000000000e+03
8.970000000000000000e+02 1.522000000000000000e+03
9.030000000000000000e+02 1.532000000000000000e+03
9.080000000000000000e+02 1.545000000000000000e+03
9.550000000000000000e+02 1.432000000000000000e+03
1.195000000000000000e+03 1.259000000000000000e+03
9.100000000000000000e+02 1.515000000000000000e+03
9.170000000000000000e+02 1.519000000000000000e+03
8.560000000000000000e+02 1.364000000000000000e+03
9.110000000000000000e+02 1.352000000000000000e+03
8.620000000000000000e+02 1.357000000000000000e+03
9.480000000000000000e+02 1.206000000000000000e+03
1.003000000000000000e+03 1.234000000000000000e+03
9.310000000000000000e+02 1.309000000000000000e+03
1.081000000000000000e+03 8.220000000000000000e+02
1.058000000000000000e+03 8.810000000000000000e+02
1.054000000000000000e+03 9.380000000000000000e+02
9.380000000000000000e+02 1.578000000000000000e+03
9.010000000000000000e+02 9.440000000000000000e+02
9.060000000000000000e+02 8.650000000000000000e+02
9.200000000000000000e+02 7.750000000000000000e+02
1.047000000000000000e+03 1.109000000000000000e+03
1.125000000000000000e+03 1.145000000000000000e+03
8.970000000000000000e+02 1.089000000000000000e+03
1.097000000000000000e+03 1.044000000000000000e+03
8.900000000000000000e+02 1.162000000000000000e+03
9.000000000000000000e+02 1.304000000000000000e+03
1.167000000000000000e+03 1.176000000000000000e+03
1.105000000000000000e+03 1.175000000000000000e+03
1.062000000000000000e+03 1.192000000000000000e+03
9.950000000000000000e+02 1.183000000000000000e+03
9.460000000000000000e+02 1.165000000000000000e+03
9.100000000000000000e+02 1.147000000000000000e+03
8.440000000000000000e+02 1.115000000000000000e+03
1.163000000000000000e+03 1.259000000000000000e+03
1.122000000000000000e+03 1.040000000000000000e+03
8.270000000000000000e+02 1.351000000000000000e+03
9.120000000000000000e+02 1.227000000000000000e+03
1.195000000000000000e+03 1.086000000000000000e+03
8.840000000000000000e+02 1.129000000000000000e+03
9.340000000000000000e+02 1.309000000000000000e+03
1.078000000000000000e+03 1.069000000000000000e+03
9.030000000000000000e+02 1.276000000000000000e+03
1.184000000000000000e+03 1.356000000000000000e+03
8.970000000000000000e+02 1.075000000000000000e+03
8.730000000000000000e+02 1.256000000000000000e+03
1.084000000000000000e+03 1.572000000000000000e+03
1.084000000000000000e+03 1.613000000000000000e+03
1.195000000000000000e+03 1.262000000000000000e+03
1.127000000000000000e+03 1.513000000000000000e+03
1.167000000000000000e+03 1.023000000000000000e+03
9.390000000000000000e+02 1.715000000000000000e+03
8.230000000000000000e+02 1.358000000000000000e+03
9.430000000000000000e+02 1.255000000000000000e+03
1.149000000000000000e+03 1.093000000000000000e+03
1.017000000000000000e+03 1.095000000000000000e+03
9.850000000000000000e+02 1.095000000000000000e+03
9.280000000000000000e+02 1.530000000000000000e+03
1.156000000000000000e+03 1.338000000000000000e+03
8.730000000000000000e+02 1.772000000000000000e+03
9.840000000000000000e+02 1.711000000000000000e+03
1.031000000000000000e+03 1.671000000000000000e+03
9.540000000000000000e+02 1.090000000000000000e+03
9.250000000000000000e+02 1.081000000000000000e+03
9.060000000000000000e+02 1.078000000000000000e+03
1.141000000000000000e+03 1.029000000000000000e+03
9.320000000000000000e+02 1.049000000000000000e+03
9.660000000000000000e+02 1.040000000000000000e+03
1.000000000000000000e+03 1.040000000000000000e+03
1.031000000000000000e+03 1.047000000000000000e+03
1.048000000000000000e+03 1.056000000000000000e+03
1.184000000000000000e+03 9.990000000000000000e+02
1.037000000000000000e+03 1.089000000000000000e+03
9.230000000000000000e+02 1.410000000000000000e+03
8.950000000000000000e+02 1.332000000000000000e+03
8.570000000000000000e+02 1.399000000000000000e+03
1.037000000000000000e+03 1.627000000000000000e+03
9.910000000000000000e+02 1.672000000000000000e+03
8.740000000000000000e+02 1.747000000000000000e+03
1.125000000000000000e+03 1.547000000000000000e+03
9.080000000000000000e+02 1.065000000000000000e+03
8.670000000000000000e+02 1.179000000000000000e+03
9.330000000000000000e+02 1.747000000000000000e+03
1.185000000000000000e+03 1.349000000000000000e+03
8.650000000000000000e+02 1.514000000000000000e+03
8.710000000000000000e+02 1.526000000000000000e+03
8.750000000000000000e+02 1.542000000000000000e+03
8.780000000000000000e+02 1.562000000000000000e+03
9.010000000000000000e+02 1.608000000000000000e+03
9.180000000000000000e+02 1.512000000000000000e+03
9.240000000000000000e+02 1.509000000000000000e+03
9.290000000000000000e+02 1.507000000000000000e+03
9.800000000000000000e+02 1.463000000000000000e+03
1.108000000000000000e+03 1.364000000000000000e+03
8.660000000000000000e+02 1.136000000000000000e+03
8.760000000000000000e+02 1.049000000000000000e+03
8.950000000000000000e+02 1.051000000000000000e+03
9.120000000000000000e+02 1.514000000000000000e+03
1.111000000000000000e+03 1.459000000000000000e+03
8.510000000000000000e+02 1.052000000000000000e+03
9.180000000000000000e+02 1.639000000000000000e+03
8.430000000000000000e+02 1.160000000000000000e+03
8.920000000000000000e+02 1.240000000000000000e+03
8.610000000000000000e+02 1.666000000000000000e+03
9.980000000000000000e+02 1.556000000000000000e+03
9.610000000000000000e+02 1.340000000000000000e+03
9.630000000000000000e+02 1.603000000000000000e+03
1.034000000000000000e+03 1.334000000000000000e+03
9.890000000000000000e+02 1.380000000000000000e+03
1.060000000000000000e+03 1.397000000000000000e+03
8.700000000000000000e+02 1.709000000000000000e+03
9.140000000000000000e+02 1.259000000000000000e+03
1.026000000000000000e+03 1.585000000000000000e+03
9.820000000000000000e+02 1.633000000000000000e+03
1.025000000000000000e+03 1.503000000000000000e+03
1.145000000000000000e+03 1.406000000000000000e+03
1.067000000000000000e+03 1.507000000000000000e+03
1.164000000000000000e+03 1.433000000000000000e+03
1.013000000000000000e+03 1.431000000000000000e+03
8.890000000000000000e+02 1.202000000000000000e+03
8.890000000000000000e+02 1.322000000000000000e+03
9.100000000000000000e+02 1.329000000000000000e+03
8.740000000000000000e+02 1.299000000000000000e+03
9.080000000000000000e+02 1.015000000000000000e+03
9.700000000000000000e+02 9.940000000000000000e+02
1.023000000000000000e+03 9.930000000000000000e+02
1.064000000000000000e+03 1.002000000000000000e+03
1.088000000000000000e+03 1.018000000000000000e+03
1.098000000000000000e+03 1.078000000000000000e+03
1.197000000000000000e+03 1.178000000000000000e+03
1.072000000000000000e+03 1.136000000000000000e+03
1.038000000000000000e+03 1.148000000000000000e+03
9.900000000000000000e+02 1.146000000000000000e+03
9.450000000000000000e+02 1.134000000000000000e+03
9.110000000000000000e+02 1.121000000000000000e+03
8.880000000000000000e+02 1.109000000000000000e+03
1.196000000000000000e+03 1.171000000000000000e+03
9.100000000000000000e+02 1.338000000000000000e+03
8.670000000000000000e+02 1.217000000000000000e+03
8.640000000000000000e+02 1.327000000000000000e+03
8.460000000000000000e+02 1.345000000000000000e+03
8.640000000000000000e+02 1.333000000000000000e+03
9.000000000000000000e+02 1.348000000000000000e+03
8.390000000000000000e+02 1.349000000000000000e+03
8.350000000000000000e+02 1.356000000000000000e+03
8.850000000000000000e+02 1.077000000000000000e+03
8.700000000000000000e+02 1.089000000000000000e+03
8.630000000000000000e+02 1.100000000000000000e+03
1.058000000000000000e+03 1.063000000000000000e+03
1.081000000000000000e+03 1.046000000000000000e+03
6.200000000000000000e+02 1.051000000000000000e+03
6.600000000000000000e+02 1.050000000000000000e+03
6.200000000000000000e+02 1.015000000000000000e+03
5.800000000000000000e+02 1.052000000000000000e+03
6.190000000000000000e+02 1.087000000000000000e+03
9.910000000000000000e+02 1.063000000000000000e+03
1.027000000000000000e+03 1.064000000000000000e+03
9.910000000000000000e+02 1.028000000000000000e+03
9.550000000000000000e+02 1.062000000000000000e+03
9.910000000000000000e+02 1.098000000000000000e+03
0.000000000000000000e+00 0.000000000000000000e+00
1.749000000000000000e+03 0.000000000000000000e+00
1.749000000000000000e+03 2.187000000000000000e+03
0.000000000000000000e+00 2.187000000000000000e+03
8.700000000000000000e+01 0.000000000000000000e+00
8.700000000000000000e+01 2.187000000000000000e+03
0.000000000000000000e+00 1.090000000000000000e+02
1.749000000000000000e+03 1.090000000000000000e+02
1.750000000000000000e+02 0.000000000000000000e+00
1.750000000000000000e+02 2.187000000000000000e+03
0.000000000000000000e+00 2.180000000000000000e+02
1.749000000000000000e+03 2.180000000000000000e+02
2.620000000000000000e+02 0.000000000000000000e+00
2.620000000000000000e+02 2.187000000000000000e+03
0.000000000000000000e+00 3.280000000000000000e+02
1.749000000000000000e+03 3.280000000000000000e+02
3.500000000000000000e+02 0.000000000000000000e+00
3.500000000000000000e+02 2.187000000000000000e+03
0.000000000000000000e+00 4.370000000000000000e+02
1.749000000000000000e+03 4.370000000000000000e+02
4.370000000000000000e+02 0.000000000000000000e+00
4.370000000000000000e+02 2.187000000000000000e+03
0.000000000000000000e+00 5.470000000000000000e+02
1.749000000000000000e+03 5.470000000000000000e+02
5.250000000000000000e+02 0.000000000000000000e+00
5.250000000000000000e+02 2.187000000000000000e+03
0.000000000000000000e+00 6.560000000000000000e+02
1.749000000000000000e+03 6.560000000000000000e+02
6.120000000000000000e+02 0.000000000000000000e+00
6.120000000000000000e+02 2.187000000000000000e+03
0.000000000000000000e+00 7.650000000000000000e+02
1.749000000000000000e+03 7.650000000000000000e+02
7.000000000000000000e+02 0.000000000000000000e+00
7.000000000000000000e+02 2.187000000000000000e+03
0.000000000000000000e+00 8.750000000000000000e+02
1.749000000000000000e+03 8.750000000000000000e+02
7.870000000000000000e+02 0.000000000000000000e+00
7.870000000000000000e+02 2.187000000000000000e+03
0.000000000000000000e+00 9.840000000000000000e+02
1.749000000000000000e+03 9.840000000000000000e+02
8.750000000000000000e+02 0.000000000000000000e+00
8.750000000000000000e+02 2.187000000000000000e+03
0.000000000000000000e+00 1.094000000000000000e+03
1.749000000000000000e+03 1.094000000000000000e+03
9.620000000000000000e+02 0.000000000000000000e+00
9.620000000000000000e+02 2.187000000000000000e+03
0.000000000000000000e+00 1.203000000000000000e+03
1.749000000000000000e+03 1.203000000000000000e+03
1.050000000000000000e+03 0.000000000000000000e+00
1.050000000000000000e+03 2.187000000000000000e+03
0.000000000000000000e+00 1.312000000000000000e+03
1.749000000000000000e+03 1.312000000000000000e+03
1.137000000000000000e+03 0.000000000000000000e+00
1.137000000000000000e+03 2.187000000000000000e+03
0.000000000000000000e+00 1.422000000000000000e+03
1.749000000000000000e+03 1.422000000000000000e+03
1.225000000000000000e+03 0.000000000000000000e+00
1.225000000000000000e+03 2.187000000000000000e+03
0.000000000000000000e+00 1.531000000000000000e+03
1.749000000000000000e+03 1.531000000000000000e+03
1.312000000000000000e+03 0.000000000000000000e+00
1.312000000000000000e+03 2.187000000000000000e+03
0.000000000000000000e+00 1.641000000000000000e+03
1.749000000000000000e+03 1.641000000000000000e+03
1.400000000000000000e+03 0.000000000000000000e+00
1.400000000000000000e+03 2.187000000000000000e+03
0.000000000000000000e+00 1.750000000000000000e+03
1.749000000000000000e+03 1.750000000000000000e+03
1.487000000000000000e+03 0.000000000000000000e+00
1.487000000000000000e+03 2.187000000000000000e+03
0.000000000000000000e+00 1.859000000000000000e+03
1.749000000000000000e+03 1.859000000000000000e+03
1.575000000000000000e+03 0.000000000000000000e+00
1.575000000000000000e+03 2.187000000000000000e+03
0.000000000000000000e+00 1.969000000000000000e+03
1.749000000000000000e+03 1.969000000000000000e+03
1.662000000000000000e+03 0.000000000000000000e+00
1.662000000000000000e+03 2.187000000000000000e+03
0.000000000000000000e+00 2.078000000000000000e+03
1.749000000000000000e+03 2.078000000000000000e+03
