8.300000000000000000e+02 1.495000000000000000e+03
8.240000000000000000e+02 1.346000000000000000e+03
8.260000000000000000e+02 1.372000000000000000e+03
7.890000000000000000e+02 1.208000000000000000e+03
8.240000000000000000e+02 1.309000000000000000e+03
8.240000000000000000e+02 1.254000000000000000e+03
8.230000000000000000e+02 1.108000000000000000e+03
5.420000000000000000e+02 1.060000000000000000e+03
8.220000000000000000e+02 1.009000000000000000e+03
8.210000000000000000e+02 9.610000000000000000e+02
8.210000000000000000e+02 7.680000000000000000e+02
8.310000000000000000e+02 1.504000000000000000e+03
8.310000000000000000e+02 1.512000000000000000e+03
8.310000000000000000e+02 1.518000000000000000e+03
8.320000000000000000e+02 1.518000000000000000e+03
8.320000000000000000e+02 1.529000000000000000e+03
8.310000000000000000e+02 1.543000000000000000e+03
8.320000000000000000e+02 1.560000000000000000e+03
8.310000000000000000e+02 1.608000000000000000e+03
8.250000000000000000e+02 1.361000000000000000e+03
7.830000000000000000e+02 1.354000000000000000e+03
4.160000000000000000e+02 9.000000000000000000e+02
6.650000000000000000e+02 1.091000000000000000e+03
6.260000000000000000e+02 1.097000000000000000e+03
5.870000000000000000e+02 1.099000000000000000e+03
5.320000000000000000e+02 1.071000000000000000e+03
6.960000000000000000e+02 1.083000000000000000e+03
5.810000000000000000e+02 9.920000000000000000e+02
6.300000000000000000e+02 9.950000000000000000e+02
5.390000000000000000e+02 9.980000000000000000e+02
5.160000000000000000e+02 1.012000000000000000e+03
5.090000000000000000e+02 1.096000000000000000e+03
6.870000000000000000e+02 1.646000000000000000e+03
5.260000000000000000e+02 1.045000000000000000e+03
4.120000000000000000e+02 1.058000000000000000e+03
4.670000000000000000e+02 1.061000000000000000e+03
6.380000000000000000e+02 1.278000000000000000e+03
7.920000000000000000e+02 1.488000000000000000e+03
7.960000000000000000e+02 1.511000000000000000e+03
7.550000000000000000e+02 1.499000000000000000e+03
7.290000000000000000e+02 1.510000000000000000e+03
7.660000000000000000e+02 1.514000000000000000e+03
7.410000000000000000e+02 1.518000000000000000e+03
6.690000000000000000e+02 1.532000000000000000e+03
7.900000000000000000e+02 1.343000000000000000e+03
7.840000000000000000e+02 1.308000000000000000e+03
4.660000000000000000e+02 9.810000000000000000e+02
7.080000000000000000e+02 1.177000000000000000e+03
6.980000000000000000e+02 1.316000000000000000e+03
6.960000000000000000e+02 1.293000000000000000e+03
5.360000000000000000e+02 1.266000000000000000e+03
7.860000000000000000e+02 1.256000000000000000e+03
5.420000000000000000e+02 9.580000000000000000e+02
4.930000000000000000e+02 9.630000000000000000e+02
4.410000000000000000e+02 8.460000000000000000e+02
7.220000000000000000e+02 9.950000000000000000e+02
6.730000000000000000e+02 1.009000000000000000e+03
6.440000000000000000e+02 1.500000000000000000e+03
4.670000000000000000e+02 1.384000000000000000e+03
7.270000000000000000e+02 1.338000000000000000e+03
7.590000000000000000e+02 1.352000000000000000e+03
6.960000000000000000e+02 1.528000000000000000e+03
7.040000000000000000e+02 1.527000000000000000e+03
4.750000000000000000e+02 9.340000000000000000e+02
6.990000000000000000e+02 1.331000000000000000e+03
6.150000000000000000e+02 9.660000000000000000e+02
6.040000000000000000e+02 9.340000000000000000e+02
5.840000000000000000e+02 7.800000000000000000e+02
4.630000000000000000e+02 8.920000000000000000e+02
6.060000000000000000e+02 8.600000000000000000e+02
4.490000000000000000e+02 9.560000000000000000e+02
4.350000000000000000e+02 9.340000000000000000e+02
7.930000000000000000e+02 1.501000000000000000e+03
7.610000000000000000e+02 1.507000000000000000e+03
7.350000000000000000e+02 1.514000000000000000e+03
7.370000000000000000e+02 1.345000000000000000e+03
7.000000000000000000e+02 1.527000000000000000e+03
7.160000000000000000e+02 1.530000000000000000e+03
7.080000000000000000e+02 1.526000000000000000e+03
7.450000000000000000e+02 1.330000000000000000e+03
7.460000000000000000e+02 1.520000000000000000e+03
7.700000000000000000e+02 1.517000000000000000e+03
7.990000000000000000e+02 1.516000000000000000e+03
7.830000000000000000e+02 1.602000000000000000e+03
7.930000000000000000e+02 1.558000000000000000e+03
7.940000000000000000e+02 1.541000000000000000e+03
7.960000000000000000e+02 1.527000000000000000e+03
7.990000000000000000e+02 1.516000000000000000e+03
7.450000000000000000e+02 1.520000000000000000e+03
7.400000000000000000e+02 1.525000000000000000e+03
7.350000000000000000e+02 1.533000000000000000e+03
7.300000000000000000e+02 1.543000000000000000e+03
6.800000000000000000e+02 1.435000000000000000e+03
4.250000000000000000e+02 1.195000000000000000e+03
8.250000000000000000e+02 1.366000000000000000e+03
7.260000000000000000e+02 1.523000000000000000e+03
7.210000000000000000e+02 1.526000000000000000e+03
7.730000000000000000e+02 1.368000000000000000e+03
7.140000000000000000e+02 1.353000000000000000e+03
7.660000000000000000e+02 1.360000000000000000e+03
6.730000000000000000e+02 1.198000000000000000e+03
6.150000000000000000e+02 1.225000000000000000e+03
6.920000000000000000e+02 1.308000000000000000e+03
4.920000000000000000e+02 8.040000000000000000e+02
5.160000000000000000e+02 8.650000000000000000e+02
5.260000000000000000e+02 9.250000000000000000e+02
6.990000000000000000e+02 1.558000000000000000e+03
7.020000000000000000e+02 9.460000000000000000e+02
7.050000000000000000e+02 8.630000000000000000e+02
6.910000000000000000e+02 7.700000000000000000e+02
5.520000000000000000e+02 1.089000000000000000e+03
4.760000000000000000e+02 1.122000000000000000e+03
7.130000000000000000e+02 1.075000000000000000e+03
4.890000000000000000e+02 1.023000000000000000e+03
7.330000000000000000e+02 1.156000000000000000e+03
7.200000000000000000e+02 1.308000000000000000e+03
4.390000000000000000e+02 1.147000000000000000e+03
5.010000000000000000e+02 1.159000000000000000e+03
5.490000000000000000e+02 1.181000000000000000e+03
6.230000000000000000e+02 1.175000000000000000e+03
6.750000000000000000e+02 1.157000000000000000e+03
7.110000000000000000e+02 1.141000000000000000e+03
7.840000000000000000e+02 1.115000000000000000e+03
4.540000000000000000e+02 1.230000000000000000e+03
4.630000000000000000e+02 1.014000000000000000e+03
8.040000000000000000e+02 1.359000000000000000e+03
7.110000000000000000e+02 1.222000000000000000e+03
4.090000000000000000e+02 1.038000000000000000e+03
7.370000000000000000e+02 1.126000000000000000e+03
6.920000000000000000e+02 1.305000000000000000e+03
5.120000000000000000e+02 1.046000000000000000e+03
7.180000000000000000e+02 1.279000000000000000e+03
4.400000000000000000e+02 1.284000000000000000e+03
7.080000000000000000e+02 1.060000000000000000e+03
7.500000000000000000e+02 1.264000000000000000e+03
5.340000000000000000e+02 1.522000000000000000e+03
5.330000000000000000e+02 1.548000000000000000e+03
4.250000000000000000e+02 1.213000000000000000e+03
4.990000000000000000e+02 1.455000000000000000e+03
4.230000000000000000e+02 9.900000000000000000e+02
6.730000000000000000e+02 1.686000000000000000e+03
8.080000000000000000e+02 1.364000000000000000e+03
6.800000000000000000e+02 1.248000000000000000e+03
4.440000000000000000e+02 1.059000000000000000e+03
5.850000000000000000e+02 1.075000000000000000e+03
6.220000000000000000e+02 1.074000000000000000e+03
7.110000000000000000e+02 1.535000000000000000e+03
4.690000000000000000e+02 1.301000000000000000e+03
7.410000000000000000e+02 1.750000000000000000e+03
6.240000000000000000e+02 1.668000000000000000e+03
5.800000000000000000e+02 1.617000000000000000e+03
8.200000000000000000e+02 8.650000000000000000e+02
8.300000000000000000e+02 1.762000000000000000e+03
6.550000000000000000e+02 1.068000000000000000e+03
6.840000000000000000e+02 1.062000000000000000e+03
7.020000000000000000e+02 1.061000000000000000e+03
4.430000000000000000e+02 9.980000000000000000e+02
6.690000000000000000e+02 1.030000000000000000e+03
6.320000000000000000e+02 1.017000000000000000e+03
5.930000000000000000e+02 1.016000000000000000e+03
5.580000000000000000e+02 1.023000000000000000e+03
5.400000000000000000e+02 1.033000000000000000e+03
4.070000000000000000e+02 9.600000000000000000e+02
5.600000000000000000e+02 1.069000000000000000e+03
8.270000000000000000e+02 1.404000000000000000e+03
7.080000000000000000e+02 1.415000000000000000e+03
7.260000000000000000e+02 1.332000000000000000e+03
7.740000000000000000e+02 1.406000000000000000e+03
8.230000000000000000e+02 1.055000000000000000e+03
5.740000000000000000e+02 1.583000000000000000e+03
6.190000000000000000e+02 1.635000000000000000e+03
7.420000000000000000e+02 1.723000000000000000e+03
4.990000000000000000e+02 1.473000000000000000e+03
6.960000000000000000e+02 1.049000000000000000e+03
7.580000000000000000e+02 1.179000000000000000e+03
8.300000000000000000e+02 1.738000000000000000e+03
6.770000000000000000e+02 1.716000000000000000e+03
4.420000000000000000e+02 1.293000000000000000e+03
7.700000000000000000e+02 1.517000000000000000e+03
7.650000000000000000e+02 1.526000000000000000e+03
7.610000000000000000e+02 1.537000000000000000e+03
7.590000000000000000e+02 1.552000000000000000e+03
7.360000000000000000e+02 1.583000000000000000e+03
7.200000000000000000e+02 1.522000000000000000e+03
7.140000000000000000e+02 1.521000000000000000e+03
7.090000000000000000e+02 1.519000000000000000e+03
6.600000000000000000e+02 1.466000000000000000e+03
5.180000000000000000e+02 1.337000000000000000e+03
7.590000000000000000e+02 1.133000000000000000e+03
7.340000000000000000e+02 1.042000000000000000e+03
7.100000000000000000e+02 1.040000000000000000e+03
7.270000000000000000e+02 1.523000000000000000e+03
5.150000000000000000e+02 1.418000000000000000e+03
7.660000000000000000e+02 1.052000000000000000e+03
7.110000000000000000e+02 1.611000000000000000e+03
8.240000000000000000e+02 1.204000000000000000e+03
7.860000000000000000e+02 1.164000000000000000e+03
8.240000000000000000e+02 1.157000000000000000e+03
7.320000000000000000e+02 1.240000000000000000e+03
8.300000000000000000e+02 1.696000000000000000e+03
8.300000000000000000e+02 1.647000000000000000e+03
7.690000000000000000e+02 1.638000000000000000e+03
6.240000000000000000e+02 1.536000000000000000e+03
6.630000000000000000e+02 1.334000000000000000e+03
6.620000000000000000e+02 1.577000000000000000e+03
5.880000000000000000e+02 1.322000000000000000e+03
6.370000000000000000e+02 1.373000000000000000e+03
5.630000000000000000e+02 1.379000000000000000e+03
7.530000000000000000e+02 1.682000000000000000e+03
7.100000000000000000e+02 1.257000000000000000e+03
5.880000000000000000e+02 1.553000000000000000e+03
6.350000000000000000e+02 1.602000000000000000e+03
5.990000000000000000e+02 1.490000000000000000e+03
4.830000000000000000e+02 1.362000000000000000e+03
5.530000000000000000e+02 1.478000000000000000e+03
4.640000000000000000e+02 1.372000000000000000e+03
6.170000000000000000e+02 1.425000000000000000e+03
7.350000000000000000e+02 1.199000000000000000e+03
7.330000000000000000e+02 1.325000000000000000e+03
7.100000000000000000e+02 1.330000000000000000e+03
7.490000000000000000e+02 1.307000000000000000e+03
6.960000000000000000e+02 1.009000000000000000e+03
6.250000000000000000e+02 9.870000000000000000e+02
5.650000000000000000e+02 9.830000000000000000e+02
5.190000000000000000e+02 9.880000000000000000e+02
4.940000000000000000e+02 1.001000000000000000e+03
4.940000000000000000e+02 1.054000000000000000e+03
4.130000000000000000e+02 1.135000000000000000e+03
5.310000000000000000e+02 1.117000000000000000e+03
5.720000000000000000e+02 1.134000000000000000e+03
6.250000000000000000e+02 1.132000000000000000e+03
6.720000000000000000e+02 1.120000000000000000e+03
7.060000000000000000e+02 1.109000000000000000e+03
7.280000000000000000e+02 1.100000000000000000e+03
4.160000000000000000e+02 1.115000000000000000e+03
7.120000000000000000e+02 1.338000000000000000e+03
7.580000000000000000e+02 1.221000000000000000e+03
7.610000000000000000e+02 1.333000000000000000e+03
7.820000000000000000e+02 1.349000000000000000e+03
7.610000000000000000e+02 1.335000000000000000e+03
7.240000000000000000e+02 1.349000000000000000e+03
7.900000000000000000e+02 1.355000000000000000e+03
7.940000000000000000e+02 1.360000000000000000e+03
7.220000000000000000e+02 1.066000000000000000e+03
7.450000000000000000e+02 1.082000000000000000e+03
7.560000000000000000e+02 1.098000000000000000e+03
5.310000000000000000e+02 1.040000000000000000e+03
5.060000000000000000e+02 1.026000000000000000e+03
8.590000000000000000e+02 1.208000000000000000e+03
1.103000000000000000e+03 1.062000000000000000e+03
8.670000000000000000e+02 1.354000000000000000e+03
1.231000000000000000e+03 9.000000000000000000e+02
9.840000000000000000e+02 1.097000000000000000e+03
1.023000000000000000e+03 1.102000000000000000e+03
1.062000000000000000e+03 1.101000000000000000e+03
1.114000000000000000e+03 1.072000000000000000e+03
9.510000000000000000e+02 1.088000000000000000e+03
1.059000000000000000e+03 9.910000000000000000e+02
1.011000000000000000e+03 9.960000000000000000e+02
1.101000000000000000e+03 9.960000000000000000e+02
1.125000000000000000e+03 1.009000000000000000e+03
1.141000000000000000e+03 1.098000000000000000e+03
9.730000000000000000e+02 1.646000000000000000e+03
1.118000000000000000e+03 1.047000000000000000e+03
1.244000000000000000e+03 1.060000000000000000e+03
1.182000000000000000e+03 1.064000000000000000e+03
1.014000000000000000e+03 1.278000000000000000e+03
8.690000000000000000e+02 1.487000000000000000e+03
8.660000000000000000e+02 1.511000000000000000e+03
9.060000000000000000e+02 1.498000000000000000e+03
9.340000000000000000e+02 1.510000000000000000e+03
8.970000000000000000e+02 1.513000000000000000e+03
9.230000000000000000e+02 1.518000000000000000e+03
9.950000000000000000e+02 1.531000000000000000e+03
8.580000000000000000e+02 1.343000000000000000e+03
8.640000000000000000e+02 1.309000000000000000e+03
1.178000000000000000e+03 9.740000000000000000e+02
9.410000000000000000e+02 1.177000000000000000e+03
9.530000000000000000e+02 1.317000000000000000e+03
9.550000000000000000e+02 1.293000000000000000e+03
1.116000000000000000e+03 1.265000000000000000e+03
8.620000000000000000e+02 1.256000000000000000e+03
1.099000000000000000e+03 9.480000000000000000e+02
1.149000000000000000e+03 9.540000000000000000e+02
1.203000000000000000e+03 8.450000000000000000e+02
9.210000000000000000e+02 9.910000000000000000e+02
9.680000000000000000e+02 1.012000000000000000e+03
1.020000000000000000e+03 1.499000000000000000e+03
1.200000000000000000e+03 1.385000000000000000e+03
9.240000000000000000e+02 1.338000000000000000e+03
8.930000000000000000e+02 1.352000000000000000e+03
9.720000000000000000e+02 1.530000000000000000e+03
9.650000000000000000e+02 1.528000000000000000e+03
1.169000000000000000e+03 9.250000000000000000e+02
9.530000000000000000e+02 1.331000000000000000e+03
1.026000000000000000e+03 9.580000000000000000e+02
1.035000000000000000e+03 9.270000000000000000e+02
1.056000000000000000e+03 7.800000000000000000e+02
1.180000000000000000e+03 8.940000000000000000e+02
1.034000000000000000e+03 8.610000000000000000e+02
1.197000000000000000e+03 9.520000000000000000e+02
1.212000000000000000e+03 9.360000000000000000e+02
8.680000000000000000e+02 1.501000000000000000e+03
9.010000000000000000e+02 1.507000000000000000e+03
9.280000000000000000e+02 1.514000000000000000e+03
9.140000000000000000e+02 1.345000000000000000e+03
9.680000000000000000e+02 1.529000000000000000e+03
9.510000000000000000e+02 1.532000000000000000e+03
9.610000000000000000e+02 1.528000000000000000e+03
9.050000000000000000e+02 1.332000000000000000e+03
9.190000000000000000e+02 1.521000000000000000e+03
8.930000000000000000e+02 1.517000000000000000e+03
8.640000000000000000e+02 1.516000000000000000e+03
8.790000000000000000e+02 1.602000000000000000e+03
8.710000000000000000e+02 1.559000000000000000e+03
8.690000000000000000e+02 1.542000000000000000e+03
8.670000000000000000e+02 1.528000000000000000e+03
8.640000000000000000e+02 1.517000000000000000e+03
9.190000000000000000e+02 1.521000000000000000e+03
9.250000000000000000e+02 1.526000000000000000e+03
9.310000000000000000e+02 1.535000000000000000e+03
9.360000000000000000e+02 1.545000000000000000e+03
9.780000000000000000e+02 1.434000000000000000e+03
1.238000000000000000e+03 1.197000000000000000e+03
9.400000000000000000e+02 1.524000000000000000e+03
9.450000000000000000e+02 1.527000000000000000e+03
8.790000000000000000e+02 1.368000000000000000e+03
9.380000000000000000e+02 1.353000000000000000e+03
8.850000000000000000e+02 1.360000000000000000e+03
9.770000000000000000e+02 1.198000000000000000e+03
1.035000000000000000e+03 1.225000000000000000e+03
9.600000000000000000e+02 1.307000000000000000e+03
1.149000000000000000e+03 8.040000000000000000e+02
1.125000000000000000e+03 8.670000000000000000e+02
1.114000000000000000e+03 9.160000000000000000e+02
9.650000000000000000e+02 1.557000000000000000e+03
9.370000000000000000e+02 9.420000000000000000e+02
9.350000000000000000e+02 8.640000000000000000e+02
9.500000000000000000e+02 7.690000000000000000e+02
1.095000000000000000e+03 1.091000000000000000e+03
1.178000000000000000e+03 1.125000000000000000e+03
9.310000000000000000e+02 1.080000000000000000e+03
1.156000000000000000e+03 1.021000000000000000e+03
9.160000000000000000e+02 1.156000000000000000e+03
9.300000000000000000e+02 1.308000000000000000e+03
1.214000000000000000e+03 1.148000000000000000e+03
1.153000000000000000e+03 1.159000000000000000e+03
1.105000000000000000e+03 1.179000000000000000e+03
1.030000000000000000e+03 1.173000000000000000e+03
9.760000000000000000e+02 1.156000000000000000e+03
9.390000000000000000e+02 1.139000000000000000e+03
8.620000000000000000e+02 1.115000000000000000e+03
1.202000000000000000e+03 1.231000000000000000e+03
1.183000000000000000e+03 1.014000000000000000e+03
8.460000000000000000e+02 1.359000000000000000e+03
9.390000000000000000e+02 1.221000000000000000e+03
1.248000000000000000e+03 1.038000000000000000e+03
9.110000000000000000e+02 1.123000000000000000e+03
9.610000000000000000e+02 1.305000000000000000e+03
1.132000000000000000e+03 1.046000000000000000e+03
9.310000000000000000e+02 1.279000000000000000e+03
1.226000000000000000e+03 1.286000000000000000e+03
9.330000000000000000e+02 1.066000000000000000e+03
8.980000000000000000e+02 1.264000000000000000e+03
1.130000000000000000e+03 1.523000000000000000e+03
1.131000000000000000e+03 1.549000000000000000e+03
1.236000000000000000e+03 1.215000000000000000e+03
1.166000000000000000e+03 1.456000000000000000e+03
1.229000000000000000e+03 9.910000000000000000e+02
9.870000000000000000e+02 1.687000000000000000e+03
8.430000000000000000e+02 1.364000000000000000e+03
9.700000000000000000e+02 1.248000000000000000e+03
1.209000000000000000e+03 1.067000000000000000e+03
1.062000000000000000e+03 1.079000000000000000e+03
1.026000000000000000e+03 1.081000000000000000e+03
9.570000000000000000e+02 1.538000000000000000e+03
1.189000000000000000e+03 1.302000000000000000e+03
9.180000000000000000e+02 1.750000000000000000e+03
1.036000000000000000e+03 1.668000000000000000e+03
1.083000000000000000e+03 1.617000000000000000e+03
9.930000000000000000e+02 1.076000000000000000e+03
9.610000000000000000e+02 1.070000000000000000e+03
9.410000000000000000e+02 1.068000000000000000e+03
1.204000000000000000e+03 1.000000000000000000e+03
9.720000000000000000e+02 1.037000000000000000e+03
1.009000000000000000e+03 1.025000000000000000e+03
1.047000000000000000e+03 1.024000000000000000e+03
1.082000000000000000e+03 1.029000000000000000e+03
1.101000000000000000e+03 1.037000000000000000e+03
1.245000000000000000e+03 9.600000000000000000e+02
1.086000000000000000e+03 1.072000000000000000e+03
9.480000000000000000e+02 1.414000000000000000e+03
9.240000000000000000e+02 1.333000000000000000e+03
8.810000000000000000e+02 1.406000000000000000e+03
1.089000000000000000e+03 1.584000000000000000e+03
1.042000000000000000e+03 1.636000000000000000e+03
9.170000000000000000e+02 1.724000000000000000e+03
1.167000000000000000e+03 1.474000000000000000e+03
9.460000000000000000e+02 1.055000000000000000e+03
8.900000000000000000e+02 1.179000000000000000e+03
9.830000000000000000e+02 1.715000000000000000e+03
1.221000000000000000e+03 1.295000000000000000e+03
8.930000000000000000e+02 1.517000000000000000e+03
8.990000000000000000e+02 1.526000000000000000e+03
9.030000000000000000e+02 1.538000000000000000e+03
9.070000000000000000e+02 1.554000000000000000e+03
9.270000000000000000e+02 1.583000000000000000e+03
9.460000000000000000e+02 1.523000000000000000e+03
9.510000000000000000e+02 1.522000000000000000e+03
9.560000000000000000e+02 1.520000000000000000e+03
1.002000000000000000e+03 1.465000000000000000e+03
1.139000000000000000e+03 1.337000000000000000e+03
8.890000000000000000e+02 1.133000000000000000e+03
9.090000000000000000e+02 1.043000000000000000e+03
9.310000000000000000e+02 1.044000000000000000e+03
9.400000000000000000e+02 1.524000000000000000e+03
1.147000000000000000e+03 1.418000000000000000e+03
8.780000000000000000e+02 1.050000000000000000e+03
9.500000000000000000e+02 1.610000000000000000e+03
8.610000000000000000e+02 1.164000000000000000e+03
9.180000000000000000e+02 1.240000000000000000e+03
8.910000000000000000e+02 1.638000000000000000e+03
1.038000000000000000e+03 1.536000000000000000e+03
9.910000000000000000e+02 1.333000000000000000e+03
1.000000000000000000e+03 1.576000000000000000e+03
1.066000000000000000e+03 1.321000000000000000e+03
1.019000000000000000e+03 1.372000000000000000e+03
1.094000000000000000e+03 1.378000000000000000e+03
9.070000000000000000e+02 1.682000000000000000e+03
9.400000000000000000e+02 1.256000000000000000e+03
1.075000000000000000e+03 1.554000000000000000e+03
1.027000000000000000e+03 1.603000000000000000e+03
1.063000000000000000e+03 1.489000000000000000e+03
1.179000000000000000e+03 1.363000000000000000e+03
1.109000000000000000e+03 1.478000000000000000e+03
1.201000000000000000e+03 1.374000000000000000e+03
1.043000000000000000e+03 1.424000000000000000e+03
9.140000000000000000e+02 1.199000000000000000e+03
9.170000000000000000e+02 1.326000000000000000e+03
9.410000000000000000e+02 1.330000000000000000e+03
9.000000000000000000e+02 1.307000000000000000e+03
9.450000000000000000e+02 1.009000000000000000e+03
1.015000000000000000e+03 9.840000000000000000e+02
1.075000000000000000e+03 9.780000000000000000e+02
1.121000000000000000e+03 9.820000000000000000e+02
1.148000000000000000e+03 9.960000000000000000e+02
1.153000000000000000e+03 1.055000000000000000e+03
1.245000000000000000e+03 1.137000000000000000e+03
1.120000000000000000e+03 1.119000000000000000e+03
1.079000000000000000e+03 1.134000000000000000e+03
1.027000000000000000e+03 1.134000000000000000e+03
9.780000000000000000e+02 1.123000000000000000e+03
9.420000000000000000e+02 1.111000000000000000e+03
9.180000000000000000e+02 1.101000000000000000e+03
1.244000000000000000e+03 1.116000000000000000e+03
9.390000000000000000e+02 1.338000000000000000e+03
8.900000000000000000e+02 1.220000000000000000e+03
8.880000000000000000e+02 1.334000000000000000e+03
8.680000000000000000e+02 1.350000000000000000e+03
8.890000000000000000e+02 1.337000000000000000e+03
9.270000000000000000e+02 1.349000000000000000e+03
8.590000000000000000e+02 1.356000000000000000e+03
8.570000000000000000e+02 1.361000000000000000e+03
9.200000000000000000e+02 1.070000000000000000e+03
9.000000000000000000e+02 1.083000000000000000e+03
8.900000000000000000e+02 1.095000000000000000e+03
1.111000000000000000e+03 1.043000000000000000e+03
1.137000000000000000e+03 1.024000000000000000e+03
6.100000000000000000e+02 1.042000000000000000e+03
6.530000000000000000e+02 1.040000000000000000e+03
6.080000000000000000e+02 1.005000000000000000e+03
5.670000000000000000e+02 1.044000000000000000e+03
6.120000000000000000e+02 1.078000000000000000e+03
1.034000000000000000e+03 1.048000000000000000e+03
1.077000000000000000e+03 1.049000000000000000e+03
1.035000000000000000e+03 1.011000000000000000e+03
9.910000000000000000e+02 1.047000000000000000e+03
1.034000000000000000e+03 1.085000000000000000e+03
0.000000000000000000e+00 0.000000000000000000e+00
1.749000000000000000e+03 0.000000000000000000e+00
1.749000000000000000e+03 2.187000000000000000e+03
0.000000000000000000e+00 2.187000000000000000e+03
8.700000000000000000e+01 0.000000000000000000e+00
8.700000000000000000e+01 2.187000000000000000e+03
0.000000000000000000e+00 1.090000000000000000e+02
1.749000000000000000e+03 1.090000000000000000e+02
1.750000000000000000e+02 0.000000000000000000e+00
1.750000000000000000e+02 2.187000000000000000e+03
0.000000000000000000e+00 2.180000000000000000e+02
1.749000000000000000e+03 2.180000000000000000e+02
2.620000000000000000e+02 0.000000000000000000e+00
2.620000000000000000e+02 2.187000000000000000e+03
0.000000000000000000e+00 3.280000000000000000e+02
1.749000000000000000e+03 3.280000000000000000e+02
3.500000000000000000e+02 0.000000000000000000e+00
3.500000000000000000e+02 2.187000000000000000e+03
0.000000000000000000e+00 4.370000000000000000e+02
1.749000000000000000e+03 4.370000000000000000e+02
4.370000000000000000e+02 0.000000000000000000e+00
4.370000000000000000e+02 2.187000000000000000e+03
0.000000000000000000e+00 5.470000000000000000e+02
1.749000000000000000e+03 5.470000000000000000e+02
5.250000000000000000e+02 0.000000000000000000e+00
5.250000000000000000e+02 2.187000000000000000e+03
0.000000000000000000e+00 6.560000000000000000e+02
1.749000000000000000e+03 6.560000000000000000e+02
6.120000000000000000e+02 0.000000000000000000e+00
6.120000000000000000e+02 2.187000000000000000e+03
0.000000000000000000e+00 7.650000000000000000e+02
1.749000000000000000e+03 7.650000000000000000e+02
7.000000000000000000e+02 0.000000000000000000e+00
7.000000000000000000e+02 2.187000000000000000e+03
0.000000000000000000e+00 8.750000000000000000e+02
1.749000000000000000e+03 8.750000000000000000e+02
7.870000000000000000e+02 0.000000000000000000e+00
7.870000000000000000e+02 2.187000000000000000e+03
0.000000000000000000e+00 9.840000000000000000e+02
1.749000000000000000e+03 9.840000000000000000e+02
8.750000000000000000e+02 0.000000000000000000e+00
8.750000000000000000e+02 2.187000000000000000e+03
0.000000000000000000e+00 1.094000000000000000e+03
1.749000000000000000e+03 1.094000000000000000e+03
9.620000000000000000e+02 0.000000000000000000e+00
9.620000000000000000e+02 2.187000000000000000e+03
0.000000000000000000e+00 1.203000000000000000e+03
1.749000000000000000e+03 1.203000000000000000e+03
1.050000000000000000e+03 0.000000000000000000e+00
1.050000000000000000e+03 2.187000000000000000e+03
0.000000000000000000e+00 1.312000000000000000e+03
1.749000000000000000e+03 1.312000000000000000e+03
1.137000000000000000e+03 0.000000000000000000e+00
1.137000000000000000e+03 2.187000000000000000e+03
0.000000000000000000e+00 1.422000000000000000e+03
1.749000000000000000e+03 1.422000000000000000e+03
1.225000000000000000e+03 0.000000000000000000e+00
1.225000000000000000e+03 2.187000000000000000e+03
0.000000000000000000e+00 1.531000000000000000e+03
1.749000000000000000e+03 1.531000000000000000e+03
1.312000000000000000e+03 0.000000000000000000e+00
1.312000000000000000e+03 2.187000000000000000e+03
0.000000000000000000e+00 1.641000000000000000e+03
1.749000000000000000e+03 1.641000000000000000e+03
1.400000000000000000e+03 0.000000000000000000e+00
1.400000000000000000e+03 2.187000000000000000e+03
0.000000000000000000e+00 1.750000000000000000e+03
1.749000000000000000e+03 1.750000000000000000e+03
1.487000000000000000e+03 0.000000000000000000e+00
1.487000000000000000e+03 2.187000000000000000e+03
0.000000000000000000e+00 1.859000000000000000e+03
1.749000000000000000e+03 1.859000000000000000e+03
1.575000000000000000e+03 0.000000000000000000e+00
1.575000000000000000e+03 2.187000000000000000e+03
0.000000000000000000e+00 1.969000000000000000e+03
1.749000000000000000e+03 1.969000000000000000e+03
1.662000000000000000e+03 0.000000000000000000e+00
1.662000000000000000e+03 2.187000000000000000e+03
0.000000000000000000e+00 2.078000000000000000e+03
1.749000000000000000e+03 2.078000000000000000e+03
