8.170000000000000000e+02 1.731000000000000000e+03
8.090000000000000000e+02 1.485000000000000000e+03
8.170000000000000000e+02 1.530000000000000000e+03
7.730000000000000000e+02 1.291000000000000000e+03
8.080000000000000000e+02 1.431000000000000000e+03
8.120000000000000000e+02 1.353000000000000000e+03
8.250000000000000000e+02 1.153000000000000000e+03
4.970000000000000000e+02 1.109000000000000000e+03
8.300000000000000000e+02 1.009000000000000000e+03
8.290000000000000000e+02 9.360000000000000000e+02
8.360000000000000000e+02 6.560000000000000000e+02
8.180000000000000000e+02 1.755000000000000000e+03
8.190000000000000000e+02 1.777000000000000000e+03
8.200000000000000000e+02 1.791000000000000000e+03
8.250000000000000000e+02 1.791000000000000000e+03
8.250000000000000000e+02 1.819000000000000000e+03
8.250000000000000000e+02 1.849000000000000000e+03
8.270000000000000000e+02 1.877000000000000000e+03
8.200000000000000000e+02 1.901000000000000000e+03
8.110000000000000000e+02 1.510000000000000000e+03
7.650000000000000000e+02 1.503000000000000000e+03
3.140000000000000000e+02 8.710000000000000000e+02
6.390000000000000000e+02 1.151000000000000000e+03
5.890000000000000000e+02 1.160000000000000000e+03
5.410000000000000000e+02 1.160000000000000000e+03
4.790000000000000000e+02 1.126000000000000000e+03
6.790000000000000000e+02 1.136000000000000000e+03
5.440000000000000000e+02 1.015000000000000000e+03
6.020000000000000000e+02 1.016000000000000000e+03
4.950000000000000000e+02 1.027000000000000000e+03
4.670000000000000000e+02 1.047000000000000000e+03
4.380000000000000000e+02 1.159000000000000000e+03
6.410000000000000000e+02 1.952000000000000000e+03
4.780000000000000000e+02 1.093000000000000000e+03
2.950000000000000000e+02 1.107000000000000000e+03
3.790000000000000000e+02 1.114000000000000000e+03
5.840000000000000000e+02 1.407000000000000000e+03
7.660000000000000000e+02 1.716000000000000000e+03
7.750000000000000000e+02 1.771000000000000000e+03
7.150000000000000000e+02 1.722000000000000000e+03
6.820000000000000000e+02 1.733000000000000000e+03
7.360000000000000000e+02 1.766000000000000000e+03
7.050000000000000000e+02 1.763000000000000000e+03
6.140000000000000000e+02 1.781000000000000000e+03
7.670000000000000000e+02 1.482000000000000000e+03
7.590000000000000000e+02 1.429000000000000000e+03
3.940000000000000000e+02 1.010000000000000000e+03
6.840000000000000000e+02 1.262000000000000000e+03
6.650000000000000000e+02 1.453000000000000000e+03
6.630000000000000000e+02 1.421000000000000000e+03
4.480000000000000000e+02 1.390000000000000000e+03
7.650000000000000000e+02 1.356000000000000000e+03
4.970000000000000000e+02 9.720000000000000000e+02
4.340000000000000000e+02 9.830000000000000000e+02
3.550000000000000000e+02 7.850000000000000000e+02
7.180000000000000000e+02 1.011000000000000000e+03
6.550000000000000000e+02 1.033000000000000000e+03
5.820000000000000000e+02 1.727000000000000000e+03
3.760000000000000000e+02 1.614000000000000000e+03
7.030000000000000000e+02 1.485000000000000000e+03
7.390000000000000000e+02 1.503000000000000000e+03
6.510000000000000000e+02 1.761000000000000000e+03
6.630000000000000000e+02 1.763000000000000000e+03
4.070000000000000000e+02 9.440000000000000000e+02
6.660000000000000000e+02 1.476000000000000000e+03
5.900000000000000000e+02 9.770000000000000000e+02
5.770000000000000000e+02 9.330000000000000000e+02
5.440000000000000000e+02 6.760000000000000000e+02
3.810000000000000000e+02 8.510000000000000000e+02
5.670000000000000000e+02 7.900000000000000000e+02
3.660000000000000000e+02 9.740000000000000000e+02
3.380000000000000000e+02 9.180000000000000000e+02
7.700000000000000000e+02 1.747000000000000000e+03
7.260000000000000000e+02 1.746000000000000000e+03
6.930000000000000000e+02 1.749000000000000000e+03
7.140000000000000000e+02 1.495000000000000000e+03
6.580000000000000000e+02 1.762000000000000000e+03
6.740000000000000000e+02 1.777000000000000000e+03
6.670000000000000000e+02 1.762000000000000000e+03
7.200000000000000000e+02 1.472000000000000000e+03
7.130000000000000000e+02 1.770000000000000000e+03
7.440000000000000000e+02 1.777000000000000000e+03
7.800000000000000000e+02 1.786000000000000000e+03
7.560000000000000000e+02 1.893000000000000000e+03
7.720000000000000000e+02 1.866000000000000000e+03
7.730000000000000000e+02 1.838000000000000000e+03
7.770000000000000000e+02 1.809000000000000000e+03
7.840000000000000000e+02 1.785000000000000000e+03
7.150000000000000000e+02 1.772000000000000000e+03
7.060000000000000000e+02 1.782000000000000000e+03
6.960000000000000000e+02 1.795000000000000000e+03
6.890000000000000000e+02 1.807000000000000000e+03
6.260000000000000000e+02 1.628000000000000000e+03
3.190000000000000000e+02 1.331000000000000000e+03
8.140000000000000000e+02 1.519000000000000000e+03
6.900000000000000000e+02 1.767000000000000000e+03
6.830000000000000000e+02 1.773000000000000000e+03
7.540000000000000000e+02 1.526000000000000000e+03
6.840000000000000000e+02 1.508000000000000000e+03
7.470000000000000000e+02 1.515000000000000000e+03
6.350000000000000000e+02 1.293000000000000000e+03
5.560000000000000000e+02 1.330000000000000000e+03
6.580000000000000000e+02 1.444000000000000000e+03
4.270000000000000000e+02 7.170000000000000000e+02
4.530000000000000000e+02 8.050000000000000000e+02
4.780000000000000000e+02 9.260000000000000000e+02
6.480000000000000000e+02 1.822000000000000000e+03
6.960000000000000000e+02 9.430000000000000000e+02
6.900000000000000000e+02 7.910000000000000000e+02
6.760000000000000000e+02 6.580000000000000000e+02
5.020000000000000000e+02 1.149000000000000000e+03
3.870000000000000000e+02 1.195000000000000000e+03
7.040000000000000000e+02 1.123000000000000000e+03
4.230000000000000000e+02 1.064000000000000000e+03
7.160000000000000000e+02 1.229000000000000000e+03
6.890000000000000000e+02 1.437000000000000000e+03
3.290000000000000000e+02 1.227000000000000000e+03
4.200000000000000000e+02 1.243000000000000000e+03
4.810000000000000000e+02 1.271000000000000000e+03
5.750000000000000000e+02 1.261000000000000000e+03
6.430000000000000000e+02 1.236000000000000000e+03
6.910000000000000000e+02 1.211000000000000000e+03
7.770000000000000000e+02 1.164000000000000000e+03
3.430000000000000000e+02 1.349000000000000000e+03
3.820000000000000000e+02 1.053000000000000000e+03
7.850000000000000000e+02 1.507000000000000000e+03
6.850000000000000000e+02 1.324000000000000000e+03
2.930000000000000000e+02 1.088000000000000000e+03
7.260000000000000000e+02 1.187000000000000000e+03
6.570000000000000000e+02 1.444000000000000000e+03
4.570000000000000000e+02 1.094000000000000000e+03
6.890000000000000000e+02 1.398000000000000000e+03
3.410000000000000000e+02 1.466000000000000000e+03
7.020000000000000000e+02 1.102000000000000000e+03
7.250000000000000000e+02 1.371000000000000000e+03
4.550000000000000000e+02 1.788000000000000000e+03
4.620000000000000000e+02 1.838000000000000000e+03
3.090000000000000000e+02 1.341000000000000000e+03
4.070000000000000000e+02 1.699000000000000000e+03
3.140000000000000000e+02 1.004000000000000000e+03
6.270000000000000000e+02 2.006000000000000000e+03
7.930000000000000000e+02 1.516000000000000000e+03
6.430000000000000000e+02 1.363000000000000000e+03
3.410000000000000000e+02 1.114000000000000000e+03
5.460000000000000000e+02 1.129000000000000000e+03
5.880000000000000000e+02 1.129000000000000000e+03
6.660000000000000000e+02 1.782000000000000000e+03
3.630000000000000000e+02 1.460000000000000000e+03
7.140000000000000000e+02 2.095000000000000000e+03
5.750000000000000000e+02 1.990000000000000000e+03
5.210000000000000000e+02 1.926000000000000000e+03
8.320000000000000000e+02 7.960000000000000000e+02
8.240000000000000000e+02 2.114000000000000000e+03
6.290000000000000000e+02 1.120000000000000000e+03
6.680000000000000000e+02 1.109000000000000000e+03
6.920000000000000000e+02 1.104000000000000000e+03
3.490000000000000000e+02 1.028000000000000000e+03
6.530000000000000000e+02 1.063000000000000000e+03
6.060000000000000000e+02 1.051000000000000000e+03
5.620000000000000000e+02 1.053000000000000000e+03
5.210000000000000000e+02 1.064000000000000000e+03
4.990000000000000000e+02 1.077000000000000000e+03
2.940000000000000000e+02 9.670000000000000000e+02
5.170000000000000000e+02 1.120000000000000000e+03
8.170000000000000000e+02 1.577000000000000000e+03
6.670000000000000000e+02 1.596000000000000000e+03
7.010000000000000000e+02 1.477000000000000000e+03
7.500000000000000000e+02 1.579000000000000000e+03
8.300000000000000000e+02 1.078000000000000000e+03
5.080000000000000000e+02 1.871000000000000000e+03
5.640000000000000000e+02 1.938000000000000000e+03
7.110000000000000000e+02 2.058000000000000000e+03
4.170000000000000000e+02 1.740000000000000000e+03
6.860000000000000000e+02 1.086000000000000000e+03
7.420000000000000000e+02 1.256000000000000000e+03
8.220000000000000000e+02 2.079000000000000000e+03
6.360000000000000000e+02 2.050000000000000000e+03
3.330000000000000000e+02 1.464000000000000000e+03
7.470000000000000000e+02 1.778000000000000000e+03
7.380000000000000000e+02 1.795000000000000000e+03
7.300000000000000000e+02 1.817000000000000000e+03
7.250000000000000000e+02 1.840000000000000000e+03
6.940000000000000000e+02 1.862000000000000000e+03
6.800000000000000000e+02 1.762000000000000000e+03
6.700000000000000000e+02 1.755000000000000000e+03
6.600000000000000000e+02 1.745000000000000000e+03
5.980000000000000000e+02 1.674000000000000000e+03
4.230000000000000000e+02 1.505000000000000000e+03
7.470000000000000000e+02 1.192000000000000000e+03
7.300000000000000000e+02 1.074000000000000000e+03
7.020000000000000000e+02 1.073000000000000000e+03
6.880000000000000000e+02 1.765000000000000000e+03
4.240000000000000000e+02 1.634000000000000000e+03
7.670000000000000000e+02 1.085000000000000000e+03
6.670000000000000000e+02 1.903000000000000000e+03
8.170000000000000000e+02 1.285000000000000000e+03
7.750000000000000000e+02 1.230000000000000000e+03
8.210000000000000000e+02 1.221000000000000000e+03
7.070000000000000000e+02 1.345000000000000000e+03
8.200000000000000000e+02 2.022000000000000000e+03
8.200000000000000000e+02 1.956000000000000000e+03
7.400000000000000000e+02 1.943000000000000000e+03
5.620000000000000000e+02 1.790000000000000000e+03
6.170000000000000000e+02 1.487000000000000000e+03
6.080000000000000000e+02 1.852000000000000000e+03
5.140000000000000000e+02 1.471000000000000000e+03
5.770000000000000000e+02 1.544000000000000000e+03
4.820000000000000000e+02 1.559000000000000000e+03
7.210000000000000000e+02 2.004000000000000000e+03
6.820000000000000000e+02 1.373000000000000000e+03
5.210000000000000000e+02 1.820000000000000000e+03
5.790000000000000000e+02 1.889000000000000000e+03
5.290000000000000000e+02 1.719000000000000000e+03
3.820000000000000000e+02 1.555000000000000000e+03
4.730000000000000000e+02 1.711000000000000000e+03
3.620000000000000000e+02 1.582000000000000000e+03
5.470000000000000000e+02 1.620000000000000000e+03
7.140000000000000000e+02 1.289000000000000000e+03
7.050000000000000000e+02 1.463000000000000000e+03
6.800000000000000000e+02 1.472000000000000000e+03
7.200000000000000000e+02 1.431000000000000000e+03
6.850000000000000000e+02 1.032000000000000000e+03
5.990000000000000000e+02 1.005000000000000000e+03
5.260000000000000000e+02 1.003000000000000000e+03
4.700000000000000000e+02 1.014000000000000000e+03
4.360000000000000000e+02 1.034000000000000000e+03
4.230000000000000000e+02 1.105000000000000000e+03
2.950000000000000000e+02 1.222000000000000000e+03
4.650000000000000000e+02 1.187000000000000000e+03
5.150000000000000000e+02 1.207000000000000000e+03
5.810000000000000000e+02 1.205000000000000000e+03
6.420000000000000000e+02 1.188000000000000000e+03
6.880000000000000000e+02 1.170000000000000000e+03
7.180000000000000000e+02 1.155000000000000000e+03
3.060000000000000000e+02 1.207000000000000000e+03
6.830000000000000000e+02 1.486000000000000000e+03
7.380000000000000000e+02 1.312000000000000000e+03
7.340000000000000000e+02 1.471000000000000000e+03
7.610000000000000000e+02 1.496000000000000000e+03
7.370000000000000000e+02 1.477000000000000000e+03
6.980000000000000000e+02 1.502000000000000000e+03
7.700000000000000000e+02 1.503000000000000000e+03
7.770000000000000000e+02 1.512000000000000000e+03
7.170000000000000000e+02 1.108000000000000000e+03
7.400000000000000000e+02 1.128000000000000000e+03
7.520000000000000000e+02 1.148000000000000000e+03
4.860000000000000000e+02 1.086000000000000000e+03
4.510000000000000000e+02 1.067000000000000000e+03
8.620000000000000000e+02 1.293000000000000000e+03
1.218000000000000000e+03 1.108000000000000000e+03
8.670000000000000000e+02 1.506000000000000000e+03
1.431000000000000000e+03 8.870000000000000000e+02
1.058000000000000000e+03 1.147000000000000000e+03
1.110000000000000000e+03 1.156000000000000000e+03
1.164000000000000000e+03 1.161000000000000000e+03
1.238000000000000000e+03 1.126000000000000000e+03
1.016000000000000000e+03 1.134000000000000000e+03
1.157000000000000000e+03 1.026000000000000000e+03
1.095000000000000000e+03 1.027000000000000000e+03
1.210000000000000000e+03 1.036000000000000000e+03
1.242000000000000000e+03 1.052000000000000000e+03
1.282000000000000000e+03 1.168000000000000000e+03
1.019000000000000000e+03 1.966000000000000000e+03
1.242000000000000000e+03 1.091000000000000000e+03
1.453000000000000000e+03 1.133000000000000000e+03
1.346000000000000000e+03 1.128000000000000000e+03
1.083000000000000000e+03 1.418000000000000000e+03
8.710000000000000000e+02 1.722000000000000000e+03
8.650000000000000000e+02 1.777000000000000000e+03
9.280000000000000000e+02 1.735000000000000000e+03
9.660000000000000000e+02 1.751000000000000000e+03
9.090000000000000000e+02 1.777000000000000000e+03
9.450000000000000000e+02 1.779000000000000000e+03
1.048000000000000000e+03 1.792000000000000000e+03
8.520000000000000000e+02 1.484000000000000000e+03
8.600000000000000000e+02 1.432000000000000000e+03
1.316000000000000000e+03 1.023000000000000000e+03
9.850000000000000000e+02 1.268000000000000000e+03
9.810000000000000000e+02 1.460000000000000000e+03
9.870000000000000000e+02 1.428000000000000000e+03
1.238000000000000000e+03 1.409000000000000000e+03
8.610000000000000000e+02 1.358000000000000000e+03
1.195000000000000000e+03 9.860000000000000000e+02
1.268000000000000000e+03 9.970000000000000000e+02
1.371000000000000000e+03 7.970000000000000000e+02
9.520000000000000000e+02 1.025000000000000000e+03
1.041000000000000000e+03 1.042000000000000000e+03
1.083000000000000000e+03 1.740000000000000000e+03
1.393000000000000000e+03 1.645000000000000000e+03
9.420000000000000000e+02 1.491000000000000000e+03
9.020000000000000000e+02 1.507000000000000000e+03
1.008000000000000000e+03 1.783000000000000000e+03
9.950000000000000000e+02 1.784000000000000000e+03
1.296000000000000000e+03 9.590000000000000000e+02
9.840000000000000000e+02 1.483000000000000000e+03
1.092000000000000000e+03 9.910000000000000000e+02
1.103000000000000000e+03 9.470000000000000000e+02
1.146000000000000000e+03 6.810000000000000000e+02
1.325000000000000000e+03 8.660000000000000000e+02
1.108000000000000000e+03 7.970000000000000000e+02
1.347000000000000000e+03 9.910000000000000000e+02
1.386000000000000000e+03 9.380000000000000000e+02
8.680000000000000000e+02 1.752000000000000000e+03
9.180000000000000000e+02 1.758000000000000000e+03
9.550000000000000000e+02 1.765000000000000000e+03
9.300000000000000000e+02 1.500000000000000000e+03
1.001000000000000000e+03 1.784000000000000000e+03
9.850000000000000000e+02 1.799000000000000000e+03
9.900000000000000000e+02 1.783000000000000000e+03
9.150000000000000000e+02 1.477000000000000000e+03
9.380000000000000000e+02 1.785000000000000000e+03
9.030000000000000000e+02 1.787000000000000000e+03
8.620000000000000000e+02 1.790000000000000000e+03
8.870000000000000000e+02 1.897000000000000000e+03
8.820000000000000000e+02 1.875000000000000000e+03
8.780000000000000000e+02 1.846000000000000000e+03
8.730000000000000000e+02 1.817000000000000000e+03
8.670000000000000000e+02 1.792000000000000000e+03
9.410000000000000000e+02 1.790000000000000000e+03
9.510000000000000000e+02 1.801000000000000000e+03
9.610000000000000000e+02 1.815000000000000000e+03
9.700000000000000000e+02 1.829000000000000000e+03
1.027000000000000000e+03 1.637000000000000000e+03
1.462000000000000000e+03 1.360000000000000000e+03
9.680000000000000000e+02 1.787000000000000000e+03
9.760000000000000000e+02 1.793000000000000000e+03
8.850000000000000000e+02 1.529000000000000000e+03
9.670000000000000000e+02 1.515000000000000000e+03
8.940000000000000000e+02 1.518000000000000000e+03
1.037000000000000000e+03 1.301000000000000000e+03
1.119000000000000000e+03 1.342000000000000000e+03
9.960000000000000000e+02 1.452000000000000000e+03
1.281000000000000000e+03 7.260000000000000000e+02
1.236000000000000000e+03 8.170000000000000000e+02
1.214000000000000000e+03 9.410000000000000000e+02
1.008000000000000000e+03 1.833000000000000000e+03
9.720000000000000000e+02 9.580000000000000000e+02
9.780000000000000000e+02 7.950000000000000000e+02
1.003000000000000000e+03 6.610000000000000000e+02
1.210000000000000000e+03 1.151000000000000000e+03
1.340000000000000000e+03 1.209000000000000000e+03
9.900000000000000000e+02 1.123000000000000000e+03
1.292000000000000000e+03 1.072000000000000000e+03
9.490000000000000000e+02 1.233000000000000000e+03
9.480000000000000000e+02 1.443000000000000000e+03
1.393000000000000000e+03 1.253000000000000000e+03
1.299000000000000000e+03 1.256000000000000000e+03
1.227000000000000000e+03 1.282000000000000000e+03
1.123000000000000000e+03 1.268000000000000000e+03
1.048000000000000000e+03 1.239000000000000000e+03
9.960000000000000000e+02 1.214000000000000000e+03
8.770000000000000000e+02 1.165000000000000000e+03
1.374000000000000000e+03 1.375000000000000000e+03
1.335000000000000000e+03 1.065000000000000000e+03
8.390000000000000000e+02 1.509000000000000000e+03
9.780000000000000000e+02 1.330000000000000000e+03
1.480000000000000000e+03 1.112000000000000000e+03
9.560000000000000000e+02 1.189000000000000000e+03
1.003000000000000000e+03 1.451000000000000000e+03
1.261000000000000000e+03 1.095000000000000000e+03
9.540000000000000000e+02 1.404000000000000000e+03
1.438000000000000000e+03 1.497000000000000000e+03
9.960000000000000000e+02 1.103000000000000000e+03
9.090000000000000000e+02 1.375000000000000000e+03
1.256000000000000000e+03 1.817000000000000000e+03
1.267000000000000000e+03 1.866000000000000000e+03
1.441000000000000000e+03 1.372000000000000000e+03
1.322000000000000000e+03 1.729000000000000000e+03
1.423000000000000000e+03 1.026000000000000000e+03
1.037000000000000000e+03 2.023000000000000000e+03
8.360000000000000000e+02 1.517000000000000000e+03
1.023000000000000000e+03 1.372000000000000000e+03
1.391000000000000000e+03 1.132000000000000000e+03
1.160000000000000000e+03 1.125000000000000000e+03
1.113000000000000000e+03 1.123000000000000000e+03
9.940000000000000000e+02 1.805000000000000000e+03
1.357000000000000000e+03 1.487000000000000000e+03
9.410000000000000000e+02 2.104000000000000000e+03
1.112000000000000000e+03 2.011000000000000000e+03
1.186000000000000000e+03 1.951000000000000000e+03
1.070000000000000000e+03 1.114000000000000000e+03
1.030000000000000000e+03 1.105000000000000000e+03
1.005000000000000000e+03 1.103000000000000000e+03
1.371000000000000000e+03 1.046000000000000000e+03
1.048000000000000000e+03 1.070000000000000000e+03
1.096000000000000000e+03 1.060000000000000000e+03
1.144000000000000000e+03 1.061000000000000000e+03
1.189000000000000000e+03 1.069000000000000000e+03
1.216000000000000000e+03 1.079000000000000000e+03
1.466000000000000000e+03 9.860000000000000000e+02
1.193000000000000000e+03 1.118000000000000000e+03
9.820000000000000000e+02 1.603000000000000000e+03
9.410000000000000000e+02 1.482000000000000000e+03
8.880000000000000000e+02 1.583000000000000000e+03
1.187000000000000000e+03 1.897000000000000000e+03
1.117000000000000000e+03 1.961000000000000000e+03
9.390000000000000000e+02 2.068000000000000000e+03
1.333000000000000000e+03 1.769000000000000000e+03
1.013000000000000000e+03 1.089000000000000000e+03
9.080000000000000000e+02 1.259000000000000000e+03
1.033000000000000000e+03 2.066000000000000000e+03
1.418000000000000000e+03 1.496000000000000000e+03
9.060000000000000000e+02 1.792000000000000000e+03
9.160000000000000000e+02 1.810000000000000000e+03
9.240000000000000000e+02 1.832000000000000000e+03
9.310000000000000000e+02 1.857000000000000000e+03
9.550000000000000000e+02 1.870000000000000000e+03
9.740000000000000000e+02 1.780000000000000000e+03
9.840000000000000000e+02 1.774000000000000000e+03
9.930000000000000000e+02 1.765000000000000000e+03
1.060000000000000000e+03 1.685000000000000000e+03
1.274000000000000000e+03 1.526000000000000000e+03
9.130000000000000000e+02 1.195000000000000000e+03
9.540000000000000000e+02 1.079000000000000000e+03
9.900000000000000000e+02 1.078000000000000000e+03
9.660000000000000000e+02 1.783000000000000000e+03
1.285000000000000000e+03 1.658000000000000000e+03
9.030000000000000000e+02 1.092000000000000000e+03
9.890000000000000000e+02 1.914000000000000000e+03
8.700000000000000000e+02 1.232000000000000000e+03
9.420000000000000000e+02 1.350000000000000000e+03
9.060000000000000000e+02 1.949000000000000000e+03
1.108000000000000000e+03 1.808000000000000000e+03
1.045000000000000000e+03 1.497000000000000000e+03
1.056000000000000000e+03 1.867000000000000000e+03
1.159000000000000000e+03 1.487000000000000000e+03
1.087000000000000000e+03 1.556000000000000000e+03
1.198000000000000000e+03 1.578000000000000000e+03
9.250000000000000000e+02 2.012000000000000000e+03
9.750000000000000000e+02 1.378000000000000000e+03
1.161000000000000000e+03 1.843000000000000000e+03
1.094000000000000000e+03 1.909000000000000000e+03
1.145000000000000000e+03 1.737000000000000000e+03
1.340000000000000000e+03 1.582000000000000000e+03
1.217000000000000000e+03 1.734000000000000000e+03
1.384000000000000000e+03 1.614000000000000000e+03
1.120000000000000000e+03 1.634000000000000000e+03
9.430000000000000000e+02 1.293000000000000000e+03
9.300000000000000000e+02 1.468000000000000000e+03
9.640000000000000000e+02 1.479000000000000000e+03
9.070000000000000000e+02 1.435000000000000000e+03
1.000000000000000000e+03 1.042000000000000000e+03
1.091000000000000000e+03 1.018000000000000000e+03
1.169000000000000000e+03 1.014000000000000000e+03
1.232000000000000000e+03 1.023000000000000000e+03
1.272000000000000000e+03 1.041000000000000000e+03
1.297000000000000000e+03 1.113000000000000000e+03
1.455000000000000000e+03 1.251000000000000000e+03
1.249000000000000000e+03 1.195000000000000000e+03
1.192000000000000000e+03 1.213000000000000000e+03
1.118000000000000000e+03 1.207000000000000000e+03
1.052000000000000000e+03 1.188000000000000000e+03
1.003000000000000000e+03 1.170000000000000000e+03
9.690000000000000000e+02 1.157000000000000000e+03
1.474000000000000000e+03 1.233000000000000000e+03
9.630000000000000000e+02 1.492000000000000000e+03
9.040000000000000000e+02 1.316000000000000000e+03
8.920000000000000000e+02 1.475000000000000000e+03
8.680000000000000000e+02 1.499000000000000000e+03
8.940000000000000000e+02 1.482000000000000000e+03
9.500000000000000000e+02 1.508000000000000000e+03
8.560000000000000000e+02 1.505000000000000000e+03
8.540000000000000000e+02 1.514000000000000000e+03
9.760000000000000000e+02 1.109000000000000000e+03
9.440000000000000000e+02 1.131000000000000000e+03
9.250000000000000000e+02 1.151000000000000000e+03
1.231000000000000000e+03 1.086000000000000000e+03
1.262000000000000000e+03 1.070000000000000000e+03
5.830000000000000000e+02 1.081000000000000000e+03
6.350000000000000000e+02 1.078000000000000000e+03
5.800000000000000000e+02 1.031000000000000000e+03
5.300000000000000000e+02 1.085000000000000000e+03
5.860000000000000000e+02 1.131000000000000000e+03
1.129000000000000000e+03 1.083000000000000000e+03
1.184000000000000000e+03 1.085000000000000000e+03
1.130000000000000000e+03 1.033000000000000000e+03
1.073000000000000000e+03 1.081000000000000000e+03
1.128000000000000000e+03 1.133000000000000000e+03
0.000000000000000000e+00 0.000000000000000000e+00
1.749000000000000000e+03 0.000000000000000000e+00
1.749000000000000000e+03 2.187000000000000000e+03
0.000000000000000000e+00 2.187000000000000000e+03
8.700000000000000000e+01 0.000000000000000000e+00
8.700000000000000000e+01 2.187000000000000000e+03
0.000000000000000000e+00 1.090000000000000000e+02
1.749000000000000000e+03 1.090000000000000000e+02
1.750000000000000000e+02 0.000000000000000000e+00
1.750000000000000000e+02 2.187000000000000000e+03
0.000000000000000000e+00 2.180000000000000000e+02
1.749000000000000000e+03 2.180000000000000000e+02
2.620000000000000000e+02 0.000000000000000000e+00
2.620000000000000000e+02 2.187000000000000000e+03
0.000000000000000000e+00 3.280000000000000000e+02
1.749000000000000000e+03 3.280000000000000000e+02
3.500000000000000000e+02 0.000000000000000000e+00
3.500000000000000000e+02 2.187000000000000000e+03
0.000000000000000000e+00 4.370000000000000000e+02
1.749000000000000000e+03 4.370000000000000000e+02
4.370000000000000000e+02 0.000000000000000000e+00
4.370000000000000000e+02 2.187000000000000000e+03
0.000000000000000000e+00 5.470000000000000000e+02
1.749000000000000000e+03 5.470000000000000000e+02
5.250000000000000000e+02 0.000000000000000000e+00
5.250000000000000000e+02 2.187000000000000000e+03
0.000000000000000000e+00 6.560000000000000000e+02
1.749000000000000000e+03 6.560000000000000000e+02
6.120000000000000000e+02 0.000000000000000000e+00
6.120000000000000000e+02 2.187000000000000000e+03
0.000000000000000000e+00 7.650000000000000000e+02
1.749000000000000000e+03 7.650000000000000000e+02
7.000000000000000000e+02 0.000000000000000000e+00
7.000000000000000000e+02 2.187000000000000000e+03
0.000000000000000000e+00 8.750000000000000000e+02
1.749000000000000000e+03 8.750000000000000000e+02
7.870000000000000000e+02 0.000000000000000000e+00
7.870000000000000000e+02 2.187000000000000000e+03
0.000000000000000000e+00 9.840000000000000000e+02
1.749000000000000000e+03 9.840000000000000000e+02
8.750000000000000000e+02 0.000000000000000000e+00
8.750000000000000000e+02 2.187000000000000000e+03
0.000000000000000000e+00 1.094000000000000000e+03
1.749000000000000000e+03 1.094000000000000000e+03
9.620000000000000000e+02 0.000000000000000000e+00
9.620000000000000000e+02 2.187000000000000000e+03
0.000000000000000000e+00 1.203000000000000000e+03
1.749000000000000000e+03 1.203000000000000000e+03
1.050000000000000000e+03 0.000000000000000000e+00
1.050000000000000000e+03 2.187000000000000000e+03
0.000000000000000000e+00 1.312000000000000000e+03
1.749000000000000000e+03 1.312000000000000000e+03
1.137000000000000000e+03 0.000000000000000000e+00
1.137000000000000000e+03 2.187000000000000000e+03
0.000000000000000000e+00 1.422000000000000000e+03
1.749000000000000000e+03 1.422000000000000000e+03
1.225000000000000000e+03 0.000000000000000000e+00
1.225000000000000000e+03 2.187000000000000000e+03
0.000000000000000000e+00 1.531000000000000000e+03
1.749000000000000000e+03 1.531000000000000000e+03
1.312000000000000000e+03 0.000000000000000000e+00
1.312000000000000000e+03 2.187000000000000000e+03
0.000000000000000000e+00 1.641000000000000000e+03
1.749000000000000000e+03 1.641000000000000000e+03
1.400000000000000000e+03 0.000000000000000000e+00
1.400000000000000000e+03 2.187000000000000000e+03
0.000000000000000000e+00 1.750000000000000000e+03
1.749000000000000000e+03 1.750000000000000000e+03
1.487000000000000000e+03 0.000000000000000000e+00
1.487000000000000000e+03 2.187000000000000000e+03
0.000000000000000000e+00 1.859000000000000000e+03
1.749000000000000000e+03 1.859000000000000000e+03
1.575000000000000000e+03 0.000000000000000000e+00
1.575000000000000000e+03 2.187000000000000000e+03
0.000000000000000000e+00 1.969000000000000000e+03
1.749000000000000000e+03 1.969000000000000000e+03
1.662000000000000000e+03 0.000000000000000000e+00
1.662000000000000000e+03 2.187000000000000000e+03
0.000000000000000000e+00 2.078000000000000000e+03
1.749000000000000000e+03 2.078000000000000000e+03
