7.790000000000000000e+02 1.517000000000000000e+03
7.850000000000000000e+02 1.352000000000000000e+03
7.880000000000000000e+02 1.393000000000000000e+03
7.470000000000000000e+02 1.204000000000000000e+03
7.840000000000000000e+02 1.307000000000000000e+03
7.840000000000000000e+02 1.247000000000000000e+03
7.870000000000000000e+02 1.103000000000000000e+03
4.780000000000000000e+02 1.083000000000000000e+03
7.870000000000000000e+02 9.900000000000000000e+02
7.870000000000000000e+02 9.310000000000000000e+02
7.890000000000000000e+02 7.300000000000000000e+02
7.790000000000000000e+02 1.538000000000000000e+03
7.800000000000000000e+02 1.560000000000000000e+03
7.820000000000000000e+02 1.576000000000000000e+03
7.840000000000000000e+02 1.599000000000000000e+03
7.830000000000000000e+02 1.625000000000000000e+03
7.820000000000000000e+02 1.657000000000000000e+03
7.830000000000000000e+02 1.686000000000000000e+03
7.980000000000000000e+02 1.715000000000000000e+03
7.860000000000000000e+02 1.375000000000000000e+03
7.410000000000000000e+02 1.372000000000000000e+03
3.610000000000000000e+02 9.320000000000000000e+02
6.070000000000000000e+02 1.113000000000000000e+03
5.650000000000000000e+02 1.119000000000000000e+03
5.230000000000000000e+02 1.120000000000000000e+03
4.640000000000000000e+02 1.098000000000000000e+03
6.430000000000000000e+02 1.104000000000000000e+03
5.310000000000000000e+02 1.000000000000000000e+03
5.820000000000000000e+02 1.004000000000000000e+03
4.840000000000000000e+02 1.008000000000000000e+03
4.560000000000000000e+02 1.025000000000000000e+03
4.380000000000000000e+02 1.125000000000000000e+03
6.390000000000000000e+02 1.749000000000000000e+03
4.610000000000000000e+02 1.072000000000000000e+03
3.470000000000000000e+02 1.114000000000000000e+03
3.950000000000000000e+02 1.095000000000000000e+03
5.710000000000000000e+02 1.302000000000000000e+03
7.230000000000000000e+02 1.505000000000000000e+03
7.320000000000000000e+02 1.557000000000000000e+03
6.740000000000000000e+02 1.521000000000000000e+03
6.430000000000000000e+02 1.538000000000000000e+03
6.940000000000000000e+02 1.558000000000000000e+03
6.660000000000000000e+02 1.561000000000000000e+03
5.890000000000000000e+02 1.590000000000000000e+03
7.460000000000000000e+02 1.350000000000000000e+03
7.400000000000000000e+02 1.307000000000000000e+03
4.010000000000000000e+02 9.910000000000000000e+02
6.580000000000000000e+02 1.195000000000000000e+03
6.350000000000000000e+02 1.329000000000000000e+03
6.330000000000000000e+02 1.305000000000000000e+03
4.550000000000000000e+02 1.293000000000000000e+03
7.430000000000000000e+02 1.251000000000000000e+03
4.920000000000000000e+02 9.470000000000000000e+02
4.350000000000000000e+02 9.610000000000000000e+02
3.880000000000000000e+02 8.550000000000000000e+02
6.860000000000000000e+02 9.780000000000000000e+02
6.270000000000000000e+02 1.021000000000000000e+03
5.570000000000000000e+02 1.538000000000000000e+03
4.040000000000000000e+02 1.508000000000000000e+03
6.690000000000000000e+02 1.355000000000000000e+03
7.080000000000000000e+02 1.371000000000000000e+03
6.110000000000000000e+02 1.567000000000000000e+03
6.230000000000000000e+02 1.568000000000000000e+03
4.160000000000000000e+02 9.350000000000000000e+02
6.330000000000000000e+02 1.348000000000000000e+03
5.730000000000000000e+02 9.480000000000000000e+02
5.640000000000000000e+02 9.150000000000000000e+02
5.410000000000000000e+02 7.530000000000000000e+02
4.060000000000000000e+02 8.910000000000000000e+02
5.600000000000000000e+02 8.290000000000000000e+02
3.810000000000000000e+02 9.710000000000000000e+02
3.770000000000000000e+02 9.540000000000000000e+02
7.260000000000000000e+02 1.533000000000000000e+03
6.830000000000000000e+02 1.540000000000000000e+03
6.530000000000000000e+02 1.550000000000000000e+03
6.800000000000000000e+02 1.363000000000000000e+03
6.170000000000000000e+02 1.568000000000000000e+03
6.330000000000000000e+02 1.587000000000000000e+03
6.300000000000000000e+02 1.569000000000000000e+03
6.940000000000000000e+02 1.344000000000000000e+03
6.770000000000000000e+02 1.568000000000000000e+03
7.040000000000000000e+02 1.569000000000000000e+03
7.390000000000000000e+02 1.572000000000000000e+03
7.320000000000000000e+02 1.708000000000000000e+03
7.240000000000000000e+02 1.678000000000000000e+03
7.260000000000000000e+02 1.649000000000000000e+03
7.320000000000000000e+02 1.618000000000000000e+03
7.390000000000000000e+02 1.594000000000000000e+03
6.760000000000000000e+02 1.581000000000000000e+03
6.650000000000000000e+02 1.592000000000000000e+03
6.510000000000000000e+02 1.607000000000000000e+03
6.410000000000000000e+02 1.623000000000000000e+03
5.980000000000000000e+02 1.462000000000000000e+03
3.600000000000000000e+02 1.297000000000000000e+03
7.870000000000000000e+02 1.384000000000000000e+03
6.560000000000000000e+02 1.575000000000000000e+03
6.440000000000000000e+02 1.580000000000000000e+03
7.230000000000000000e+02 1.388000000000000000e+03
6.490000000000000000e+02 1.373000000000000000e+03
7.150000000000000000e+02 1.380000000000000000e+03
6.140000000000000000e+02 1.218000000000000000e+03
5.480000000000000000e+02 1.245000000000000000e+03
6.260000000000000000e+02 1.324000000000000000e+03
4.430000000000000000e+02 7.940000000000000000e+02
4.630000000000000000e+02 8.480000000000000000e+02
4.780000000000000000e+02 9.150000000000000000e+02
6.240000000000000000e+02 1.634000000000000000e+03
6.680000000000000000e+02 9.230000000000000000e+02
6.650000000000000000e+02 8.290000000000000000e+02
6.530000000000000000e+02 7.340000000000000000e+02
4.860000000000000000e+02 1.113000000000000000e+03
4.010000000000000000e+02 1.154000000000000000e+03
6.660000000000000000e+02 1.095000000000000000e+03
4.220000000000000000e+02 1.044000000000000000e+03
6.880000000000000000e+02 1.169000000000000000e+03
6.650000000000000000e+02 1.316000000000000000e+03
3.690000000000000000e+02 1.191000000000000000e+03
4.260000000000000000e+02 1.186000000000000000e+03
4.780000000000000000e+02 1.203000000000000000e+03
5.580000000000000000e+02 1.195000000000000000e+03
6.170000000000000000e+02 1.176000000000000000e+03
6.610000000000000000e+02 1.157000000000000000e+03
7.450000000000000000e+02 1.113000000000000000e+03
3.740000000000000000e+02 1.277000000000000000e+03
3.950000000000000000e+02 1.038000000000000000e+03
7.620000000000000000e+02 1.373000000000000000e+03
6.570000000000000000e+02 1.238000000000000000e+03
3.470000000000000000e+02 1.110000000000000000e+03
6.930000000000000000e+02 1.135000000000000000e+03
6.240000000000000000e+02 1.325000000000000000e+03
4.450000000000000000e+02 1.073000000000000000e+03
6.630000000000000000e+02 1.286000000000000000e+03
3.750000000000000000e+02 1.398000000000000000e+03
6.640000000000000000e+02 1.080000000000000000e+03
7.030000000000000000e+02 1.265000000000000000e+03
4.760000000000000000e+02 1.620000000000000000e+03
4.860000000000000000e+02 1.669000000000000000e+03
3.520000000000000000e+02 1.290000000000000000e+03
4.320000000000000000e+02 1.556000000000000000e+03
3.620000000000000000e+02 1.028000000000000000e+03
6.330000000000000000e+02 1.794000000000000000e+03
7.670000000000000000e+02 1.383000000000000000e+03
6.180000000000000000e+02 1.268000000000000000e+03
3.690000000000000000e+02 1.099000000000000000e+03
5.230000000000000000e+02 1.094000000000000000e+03
5.610000000000000000e+02 1.094000000000000000e+03
6.220000000000000000e+02 1.594000000000000000e+03
3.840000000000000000e+02 1.363000000000000000e+03
7.120000000000000000e+02 1.863000000000000000e+03
5.870000000000000000e+02 1.784000000000000000e+03
5.390000000000000000e+02 1.735000000000000000e+03
7.870000000000000000e+02 8.310000000000000000e+02
8.050000000000000000e+02 1.875000000000000000e+03
5.980000000000000000e+02 1.090000000000000000e+03
6.320000000000000000e+02 1.084000000000000000e+03
6.540000000000000000e+02 1.082000000000000000e+03
3.730000000000000000e+02 1.028000000000000000e+03
6.230000000000000000e+02 1.053000000000000000e+03
5.830000000000000000e+02 1.041000000000000000e+03
5.440000000000000000e+02 1.039000000000000000e+03
5.050000000000000000e+02 1.045000000000000000e+03
4.830000000000000000e+02 1.056000000000000000e+03
3.490000000000000000e+02 1.012000000000000000e+03
4.970000000000000000e+02 1.090000000000000000e+03
7.890000000000000000e+02 1.427000000000000000e+03
6.370000000000000000e+02 1.438000000000000000e+03
6.700000000000000000e+02 1.348000000000000000e+03
7.210000000000000000e+02 1.427000000000000000e+03
7.880000000000000000e+02 1.048000000000000000e+03
5.260000000000000000e+02 1.685000000000000000e+03
5.770000000000000000e+02 1.738000000000000000e+03
7.080000000000000000e+02 1.834000000000000000e+03
4.440000000000000000e+02 1.599000000000000000e+03
6.510000000000000000e+02 1.070000000000000000e+03
7.150000000000000000e+02 1.182000000000000000e+03
8.030000000000000000e+02 1.847000000000000000e+03
6.420000000000000000e+02 1.830000000000000000e+03
3.670000000000000000e+02 1.383000000000000000e+03
7.030000000000000000e+02 1.588000000000000000e+03
6.920000000000000000e+02 1.605000000000000000e+03
6.820000000000000000e+02 1.629000000000000000e+03
6.760000000000000000e+02 1.655000000000000000e+03
6.690000000000000000e+02 1.677000000000000000e+03
6.450000000000000000e+02 1.564000000000000000e+03
6.320000000000000000e+02 1.559000000000000000e+03
6.220000000000000000e+02 1.552000000000000000e+03
5.710000000000000000e+02 1.496000000000000000e+03
4.310000000000000000e+02 1.387000000000000000e+03
7.170000000000000000e+02 1.138000000000000000e+03
6.940000000000000000e+02 1.048000000000000000e+03
6.680000000000000000e+02 1.054000000000000000e+03
6.560000000000000000e+02 1.569000000000000000e+03
4.360000000000000000e+02 1.494000000000000000e+03
7.310000000000000000e+02 1.047000000000000000e+03
6.540000000000000000e+02 1.707000000000000000e+03
7.850000000000000000e+02 1.197000000000000000e+03
7.460000000000000000e+02 1.161000000000000000e+03
7.860000000000000000e+02 1.152000000000000000e+03
6.800000000000000000e+02 1.249000000000000000e+03
8.010000000000000000e+02 1.803000000000000000e+03
8.000000000000000000e+02 1.754000000000000000e+03
7.230000000000000000e+02 1.744000000000000000e+03
5.580000000000000000e+02 1.603000000000000000e+03
5.940000000000000000e+02 1.360000000000000000e+03
6.010000000000000000e+02 1.659000000000000000e+03
5.100000000000000000e+02 1.353000000000000000e+03
5.620000000000000000e+02 1.404000000000000000e+03
4.820000000000000000e+02 1.422000000000000000e+03
7.120000000000000000e+02 1.791000000000000000e+03
6.520000000000000000e+02 1.271000000000000000e+03
5.310000000000000000e+02 1.635000000000000000e+03
5.830000000000000000e+02 1.694000000000000000e+03
5.240000000000000000e+02 1.540000000000000000e+03
4.000000000000000000e+02 1.438000000000000000e+03
4.810000000000000000e+02 1.546000000000000000e+03
3.920000000000000000e+02 1.473000000000000000e+03
5.350000000000000000e+02 1.459000000000000000e+03
6.870000000000000000e+02 1.210000000000000000e+03
6.800000000000000000e+02 1.336000000000000000e+03
6.500000000000000000e+02 1.344000000000000000e+03
7.000000000000000000e+02 1.310000000000000000e+03
6.550000000000000000e+02 1.010000000000000000e+03
5.790000000000000000e+02 9.840000000000000000e+02
5.140000000000000000e+02 9.800000000000000000e+02
4.630000000000000000e+02 9.900000000000000000e+02
4.310000000000000000e+02 1.011000000000000000e+03
4.240000000000000000e+02 1.084000000000000000e+03
3.450000000000000000e+02 1.201000000000000000e+03
4.600000000000000000e+02 1.144000000000000000e+03
5.040000000000000000e+02 1.156000000000000000e+03
5.610000000000000000e+02 1.153000000000000000e+03
6.140000000000000000e+02 1.142000000000000000e+03
6.550000000000000000e+02 1.129000000000000000e+03
6.830000000000000000e+02 1.116000000000000000e+03
3.520000000000000000e+02 1.203000000000000000e+03
6.500000000000000000e+02 1.355000000000000000e+03
7.130000000000000000e+02 1.222000000000000000e+03
7.130000000000000000e+02 1.342000000000000000e+03
7.390000000000000000e+02 1.365000000000000000e+03
7.130000000000000000e+02 1.349000000000000000e+03
6.620000000000000000e+02 1.368000000000000000e+03
7.480000000000000000e+02 1.370000000000000000e+03
7.520000000000000000e+02 1.379000000000000000e+03
6.800000000000000000e+02 1.082000000000000000e+03
7.040000000000000000e+02 1.093000000000000000e+03
7.160000000000000000e+02 1.102000000000000000e+03
4.700000000000000000e+02 1.065000000000000000e+03
4.410000000000000000e+02 1.046000000000000000e+03
8.240000000000000000e+02 1.204000000000000000e+03
1.101000000000000000e+03 1.089000000000000000e+03
8.330000000000000000e+02 1.372000000000000000e+03
1.234000000000000000e+03 9.340000000000000000e+02
9.810000000000000000e+02 1.122000000000000000e+03
1.022000000000000000e+03 1.126000000000000000e+03
1.061000000000000000e+03 1.126000000000000000e+03
1.116000000000000000e+03 1.105000000000000000e+03
9.470000000000000000e+02 1.114000000000000000e+03
1.049000000000000000e+03 1.016000000000000000e+03
1.000000000000000000e+03 1.020000000000000000e+03
1.093000000000000000e+03 1.023000000000000000e+03
1.120000000000000000e+03 1.038000000000000000e+03
1.145000000000000000e+03 1.133000000000000000e+03
9.660000000000000000e+02 1.753000000000000000e+03
1.117000000000000000e+03 1.079000000000000000e+03
1.250000000000000000e+03 1.117000000000000000e+03
1.189000000000000000e+03 1.105000000000000000e+03
1.014000000000000000e+03 1.304000000000000000e+03
8.390000000000000000e+02 1.509000000000000000e+03
8.340000000000000000e+02 1.561000000000000000e+03
9.000000000000000000e+02 1.530000000000000000e+03
9.400000000000000000e+02 1.551000000000000000e+03
8.810000000000000000e+02 1.566000000000000000e+03
9.180000000000000000e+02 1.573000000000000000e+03
1.011000000000000000e+03 1.594000000000000000e+03
8.230000000000000000e+02 1.351000000000000000e+03
8.280000000000000000e+02 1.307000000000000000e+03
1.176000000000000000e+03 1.006000000000000000e+03
9.230000000000000000e+02 1.196000000000000000e+03
9.410000000000000000e+02 1.331000000000000000e+03
9.440000000000000000e+02 1.307000000000000000e+03
1.134000000000000000e+03 1.296000000000000000e+03
8.260000000000000000e+02 1.251000000000000000e+03
1.081000000000000000e+03 9.670000000000000000e+02
1.139000000000000000e+03 9.790000000000000000e+02
1.202000000000000000e+03 8.570000000000000000e+02
8.900000000000000000e+02 1.004000000000000000e+03
9.580000000000000000e+02 1.036000000000000000e+03
1.041000000000000000e+03 1.541000000000000000e+03
1.208000000000000000e+03 1.513000000000000000e+03
9.070000000000000000e+02 1.357000000000000000e+03
8.680000000000000000e+02 1.372000000000000000e+03
9.890000000000000000e+02 1.585000000000000000e+03
9.760000000000000000e+02 1.586000000000000000e+03
1.160000000000000000e+03 9.500000000000000000e+02
9.450000000000000000e+02 1.350000000000000000e+03
1.000000000000000000e+03 9.730000000000000000e+02
1.008000000000000000e+03 9.360000000000000000e+02
1.040000000000000000e+03 7.530000000000000000e+02
1.178000000000000000e+03 8.940000000000000000e+02
1.017000000000000000e+03 8.310000000000000000e+02
1.196000000000000000e+03 9.860000000000000000e+02
1.213000000000000000e+03 9.570000000000000000e+02
8.370000000000000000e+02 1.536000000000000000e+03
8.910000000000000000e+02 1.549000000000000000e+03
9.290000000000000000e+02 1.562000000000000000e+03
8.970000000000000000e+02 1.365000000000000000e+03
9.830000000000000000e+02 1.586000000000000000e+03
9.600000000000000000e+02 1.602000000000000000e+03
9.700000000000000000e+02 1.586000000000000000e+03
8.800000000000000000e+02 1.345000000000000000e+03
9.090000000000000000e+02 1.580000000000000000e+03
8.730000000000000000e+02 1.577000000000000000e+03
8.310000000000000000e+02 1.575000000000000000e+03
8.650000000000000000e+02 1.710000000000000000e+03
8.470000000000000000e+02 1.682000000000000000e+03
8.430000000000000000e+02 1.653000000000000000e+03
8.380000000000000000e+02 1.621000000000000000e+03
8.330000000000000000e+02 1.598000000000000000e+03
9.110000000000000000e+02 1.592000000000000000e+03
9.220000000000000000e+02 1.603000000000000000e+03
9.350000000000000000e+02 1.619000000000000000e+03
9.450000000000000000e+02 1.635000000000000000e+03
9.890000000000000000e+02 1.465000000000000000e+03
1.248000000000000000e+03 1.302000000000000000e+03
9.380000000000000000e+02 1.589000000000000000e+03
9.490000000000000000e+02 1.595000000000000000e+03
8.540000000000000000e+02 1.389000000000000000e+03
9.300000000000000000e+02 1.375000000000000000e+03
8.610000000000000000e+02 1.381000000000000000e+03
9.690000000000000000e+02 1.220000000000000000e+03
1.038000000000000000e+03 1.248000000000000000e+03
9.530000000000000000e+02 1.326000000000000000e+03
1.142000000000000000e+03 7.950000000000000000e+02
1.117000000000000000e+03 8.510000000000000000e+02
1.095000000000000000e+03 9.310000000000000000e+02
9.750000000000000000e+02 1.637000000000000000e+03
9.050000000000000000e+02 9.460000000000000000e+02
9.100000000000000000e+02 8.290000000000000000e+02
9.250000000000000000e+02 7.340000000000000000e+02
1.096000000000000000e+03 1.120000000000000000e+03
1.186000000000000000e+03 1.162000000000000000e+03
9.250000000000000000e+02 1.106000000000000000e+03
1.157000000000000000e+03 1.055000000000000000e+03
8.910000000000000000e+02 1.169000000000000000e+03
9.080000000000000000e+02 1.317000000000000000e+03
1.224000000000000000e+03 1.194000000000000000e+03
1.159000000000000000e+03 1.192000000000000000e+03
1.108000000000000000e+03 1.207000000000000000e+03
1.028000000000000000e+03 1.200000000000000000e+03
9.700000000000000000e+02 1.182000000000000000e+03
9.260000000000000000e+02 1.163000000000000000e+03
8.300000000000000000e+02 1.114000000000000000e+03
1.220000000000000000e+03 1.281000000000000000e+03
1.185000000000000000e+03 1.051000000000000000e+03
8.090000000000000000e+02 1.373000000000000000e+03
9.230000000000000000e+02 1.239000000000000000e+03
1.256000000000000000e+03 1.113000000000000000e+03
8.940000000000000000e+02 1.141000000000000000e+03
9.570000000000000000e+02 1.327000000000000000e+03
1.133000000000000000e+03 1.082000000000000000e+03
9.110000000000000000e+02 1.288000000000000000e+03
1.234000000000000000e+03 1.403000000000000000e+03
9.260000000000000000e+02 1.091000000000000000e+03
8.680000000000000000e+02 1.265000000000000000e+03
1.134000000000000000e+03 1.627000000000000000e+03
1.129000000000000000e+03 1.675000000000000000e+03
1.249000000000000000e+03 1.294000000000000000e+03
1.178000000000000000e+03 1.562000000000000000e+03
1.232000000000000000e+03 1.031000000000000000e+03
9.750000000000000000e+02 1.798000000000000000e+03
8.060000000000000000e+02 1.383000000000000000e+03
9.640000000000000000e+02 1.270000000000000000e+03
1.219000000000000000e+03 1.112000000000000000e+03
1.061000000000000000e+03 1.100000000000000000e+03
1.025000000000000000e+03 1.101000000000000000e+03
9.720000000000000000e+02 1.609000000000000000e+03
1.214000000000000000e+03 1.368000000000000000e+03
8.990000000000000000e+02 1.866000000000000000e+03
1.027000000000000000e+03 1.790000000000000000e+03
1.076000000000000000e+03 1.741000000000000000e+03
9.910000000000000000e+02 1.098000000000000000e+03
9.580000000000000000e+02 1.094000000000000000e+03
9.360000000000000000e+02 1.093000000000000000e+03
1.209000000000000000e+03 1.041000000000000000e+03
9.660000000000000000e+02 1.065000000000000000e+03
1.002000000000000000e+03 1.054000000000000000e+03
1.039000000000000000e+03 1.052000000000000000e+03
1.074000000000000000e+03 1.057000000000000000e+03
1.096000000000000000e+03 1.066000000000000000e+03
1.250000000000000000e+03 1.014000000000000000e+03
1.084000000000000000e+03 1.095000000000000000e+03
9.470000000000000000e+02 1.440000000000000000e+03
9.060000000000000000e+02 1.350000000000000000e+03
8.590000000000000000e+02 1.428000000000000000e+03
1.085000000000000000e+03 1.691000000000000000e+03
1.033000000000000000e+03 1.745000000000000000e+03
8.980000000000000000e+02 1.836000000000000000e+03
1.171000000000000000e+03 1.605000000000000000e+03
9.390000000000000000e+02 1.080000000000000000e+03
8.600000000000000000e+02 1.183000000000000000e+03
9.700000000000000000e+02 1.834000000000000000e+03
1.236000000000000000e+03 1.388000000000000000e+03
8.750000000000000000e+02 1.595000000000000000e+03
8.860000000000000000e+02 1.613000000000000000e+03
8.950000000000000000e+02 1.637000000000000000e+03
9.030000000000000000e+02 1.663000000000000000e+03
9.290000000000000000e+02 1.679000000000000000e+03
9.480000000000000000e+02 1.579000000000000000e+03
9.600000000000000000e+02 1.574000000000000000e+03
9.700000000000000000e+02 1.568000000000000000e+03
1.022000000000000000e+03 1.499000000000000000e+03
1.164000000000000000e+03 1.391000000000000000e+03
8.600000000000000000e+02 1.139000000000000000e+03
8.930000000000000000e+02 1.062000000000000000e+03
9.210000000000000000e+02 1.067000000000000000e+03
9.380000000000000000e+02 1.583000000000000000e+03
1.168000000000000000e+03 1.499000000000000000e+03
8.520000000000000000e+02 1.061000000000000000e+03
9.480000000000000000e+02 1.711000000000000000e+03
8.270000000000000000e+02 1.161000000000000000e+03
8.960000000000000000e+02 1.250000000000000000e+03
8.770000000000000000e+02 1.746000000000000000e+03
1.044000000000000000e+03 1.607000000000000000e+03
9.900000000000000000e+02 1.362000000000000000e+03
1.002000000000000000e+03 1.664000000000000000e+03
1.078000000000000000e+03 1.356000000000000000e+03
1.026000000000000000e+03 1.407000000000000000e+03
1.112000000000000000e+03 1.426000000000000000e+03
8.900000000000000000e+02 1.793000000000000000e+03
9.270000000000000000e+02 1.272000000000000000e+03
1.076000000000000000e+03 1.641000000000000000e+03
1.023000000000000000e+03 1.699000000000000000e+03
1.075000000000000000e+03 1.545000000000000000e+03
1.203000000000000000e+03 1.443000000000000000e+03
1.122000000000000000e+03 1.551000000000000000e+03
1.215000000000000000e+03 1.478000000000000000e+03
1.059000000000000000e+03 1.462000000000000000e+03
8.910000000000000000e+02 1.211000000000000000e+03
8.930000000000000000e+02 1.338000000000000000e+03
9.260000000000000000e+02 1.346000000000000000e+03
8.700000000000000000e+02 1.311000000000000000e+03
9.280000000000000000e+02 1.029000000000000000e+03
9.990000000000000000e+02 1.004000000000000000e+03
1.062000000000000000e+03 9.980000000000000000e+02
1.112000000000000000e+03 1.006000000000000000e+03
1.145000000000000000e+03 1.024000000000000000e+03
1.157000000000000000e+03 1.093000000000000000e+03
1.254000000000000000e+03 1.205000000000000000e+03
1.123000000000000000e+03 1.151000000000000000e+03
1.081000000000000000e+03 1.162000000000000000e+03
1.026000000000000000e+03 1.160000000000000000e+03
9.740000000000000000e+02 1.150000000000000000e+03
9.340000000000000000e+02 1.137000000000000000e+03
9.060000000000000000e+02 1.124000000000000000e+03
1.254000000000000000e+03 1.207000000000000000e+03
9.270000000000000000e+02 1.357000000000000000e+03
8.600000000000000000e+02 1.223000000000000000e+03
8.580000000000000000e+02 1.343000000000000000e+03
8.340000000000000000e+02 1.365000000000000000e+03
8.590000000000000000e+02 1.350000000000000000e+03
9.150000000000000000e+02 1.370000000000000000e+03
8.240000000000000000e+02 1.370000000000000000e+03
8.210000000000000000e+02 1.379000000000000000e+03
9.110000000000000000e+02 1.093000000000000000e+03
8.850000000000000000e+02 1.102000000000000000e+03
8.700000000000000000e+02 1.109000000000000000e+03
1.108000000000000000e+03 1.073000000000000000e+03
1.136000000000000000e+03 1.056000000000000000e+03
5.540000000000000000e+02 1.061000000000000000e+03
5.970000000000000000e+02 1.059000000000000000e+03
5.530000000000000000e+02 1.022000000000000000e+03
5.100000000000000000e+02 1.062000000000000000e+03
5.540000000000000000e+02 1.100000000000000000e+03
1.030000000000000000e+03 1.072000000000000000e+03
1.071000000000000000e+03 1.073000000000000000e+03
1.030000000000000000e+03 1.037000000000000000e+03
9.900000000000000000e+02 1.071000000000000000e+03
1.030000000000000000e+03 1.107000000000000000e+03
0.000000000000000000e+00 0.000000000000000000e+00
1.749000000000000000e+03 0.000000000000000000e+00
1.749000000000000000e+03 2.187000000000000000e+03
0.000000000000000000e+00 2.187000000000000000e+03
8.700000000000000000e+01 0.000000000000000000e+00
8.700000000000000000e+01 2.187000000000000000e+03
0.000000000000000000e+00 1.090000000000000000e+02
1.749000000000000000e+03 1.090000000000000000e+02
1.750000000000000000e+02 0.000000000000000000e+00
1.750000000000000000e+02 2.187000000000000000e+03
0.000000000000000000e+00 2.180000000000000000e+02
1.749000000000000000e+03 2.180000000000000000e+02
2.620000000000000000e+02 0.000000000000000000e+00
2.620000000000000000e+02 2.187000000000000000e+03
0.000000000000000000e+00 3.280000000000000000e+02
1.749000000000000000e+03 3.280000000000000000e+02
3.500000000000000000e+02 0.000000000000000000e+00
3.500000000000000000e+02 2.187000000000000000e+03
0.000000000000000000e+00 4.370000000000000000e+02
1.749000000000000000e+03 4.370000000000000000e+02
4.370000000000000000e+02 0.000000000000000000e+00
4.370000000000000000e+02 2.187000000000000000e+03
0.000000000000000000e+00 5.470000000000000000e+02
1.749000000000000000e+03 5.470000000000000000e+02
5.250000000000000000e+02 0.000000000000000000e+00
5.250000000000000000e+02 2.187000000000000000e+03
0.000000000000000000e+00 6.560000000000000000e+02
1.749000000000000000e+03 6.560000000000000000e+02
6.120000000000000000e+02 0.000000000000000000e+00
6.120000000000000000e+02 2.187000000000000000e+03
0.000000000000000000e+00 7.650000000000000000e+02
1.749000000000000000e+03 7.650000000000000000e+02
7.000000000000000000e+02 0.000000000000000000e+00
7.000000000000000000e+02 2.187000000000000000e+03
0.000000000000000000e+00 8.750000000000000000e+02
1.749000000000000000e+03 8.750000000000000000e+02
7.870000000000000000e+02 0.000000000000000000e+00
7.870000000000000000e+02 2.187000000000000000e+03
0.000000000000000000e+00 9.840000000000000000e+02
1.749000000000000000e+03 9.840000000000000000e+02
8.750000000000000000e+02 0.000000000000000000e+00
8.750000000000000000e+02 2.187000000000000000e+03
0.000000000000000000e+00 1.094000000000000000e+03
1.749000000000000000e+03 1.094000000000000000e+03
9.620000000000000000e+02 0.000000000000000000e+00
9.620000000000000000e+02 2.187000000000000000e+03
0.000000000000000000e+00 1.203000000000000000e+03
1.749000000000000000e+03 1.203000000000000000e+03
1.050000000000000000e+03 0.000000000000000000e+00
1.050000000000000000e+03 2.187000000000000000e+03
0.000000000000000000e+00 1.312000000000000000e+03
1.749000000000000000e+03 1.312000000000000000e+03
1.137000000000000000e+03 0.000000000000000000e+00
1.137000000000000000e+03 2.187000000000000000e+03
0.000000000000000000e+00 1.422000000000000000e+03
1.749000000000000000e+03 1.422000000000000000e+03
1.225000000000000000e+03 0.000000000000000000e+00
1.225000000000000000e+03 2.187000000000000000e+03
0.000000000000000000e+00 1.531000000000000000e+03
1.749000000000000000e+03 1.531000000000000000e+03
1.312000000000000000e+03 0.000000000000000000e+00
1.312000000000000000e+03 2.187000000000000000e+03
0.000000000000000000e+00 1.641000000000000000e+03
1.749000000000000000e+03 1.641000000000000000e+03
1.400000000000000000e+03 0.000000000000000000e+00
1.400000000000000000e+03 2.187000000000000000e+03
0.000000000000000000e+00 1.750000000000000000e+03
1.749000000000000000e+03 1.750000000000000000e+03
1.487000000000000000e+03 0.000000000000000000e+00
1.487000000000000000e+03 2.187000000000000000e+03
0.000000000000000000e+00 1.859000000000000000e+03
1.749000000000000000e+03 1.859000000000000000e+03
1.575000000000000000e+03 0.000000000000000000e+00
1.575000000000000000e+03 2.187000000000000000e+03
0.000000000000000000e+00 1.969000000000000000e+03
1.749000000000000000e+03 1.969000000000000000e+03
1.662000000000000000e+03 0.000000000000000000e+00
1.662000000000000000e+03 2.187000000000000000e+03
0.000000000000000000e+00 2.078000000000000000e+03
1.749000000000000000e+03 2.078000000000000000e+03
