8.140000000000000000e+02 1.509000000000000000e+03
8.180000000000000000e+02 1.379000000000000000e+03
8.160000000000000000e+02 1.402000000000000000e+03
7.820000000000000000e+02 1.223000000000000000e+03
8.170000000000000000e+02 1.336000000000000000e+03
8.160000000000000000e+02 1.274000000000000000e+03
8.140000000000000000e+02 1.114000000000000000e+03
5.510000000000000000e+02 1.068000000000000000e+03
8.120000000000000000e+02 1.019000000000000000e+03
8.110000000000000000e+02 9.670000000000000000e+02
8.090000000000000000e+02 7.430000000000000000e+02
8.150000000000000000e+02 1.523000000000000000e+03
8.150000000000000000e+02 1.536000000000000000e+03
8.150000000000000000e+02 1.544000000000000000e+03
8.150000000000000000e+02 1.545000000000000000e+03
8.160000000000000000e+02 1.565000000000000000e+03
8.170000000000000000e+02 1.588000000000000000e+03
8.180000000000000000e+02 1.612000000000000000e+03
8.150000000000000000e+02 1.654000000000000000e+03
8.170000000000000000e+02 1.395000000000000000e+03
7.730000000000000000e+02 1.386000000000000000e+03
3.960000000000000000e+02 8.980000000000000000e+02
6.620000000000000000e+02 1.100000000000000000e+03
6.230000000000000000e+02 1.104000000000000000e+03
5.850000000000000000e+02 1.105000000000000000e+03
5.350000000000000000e+02 1.083000000000000000e+03
6.930000000000000000e+02 1.092000000000000000e+03
5.870000000000000000e+02 1.010000000000000000e+03
6.330000000000000000e+02 1.012000000000000000e+03
5.490000000000000000e+02 1.017000000000000000e+03
5.260000000000000000e+02 1.029000000000000000e+03
5.010000000000000000e+02 1.108000000000000000e+03
6.720000000000000000e+02 1.703000000000000000e+03
5.350000000000000000e+02 1.059000000000000000e+03
3.830000000000000000e+02 1.074000000000000000e+03
4.520000000000000000e+02 1.080000000000000000e+03
6.230000000000000000e+02 1.295000000000000000e+03
7.680000000000000000e+02 1.497000000000000000e+03
7.750000000000000000e+02 1.531000000000000000e+03
7.280000000000000000e+02 1.506000000000000000e+03
7.020000000000000000e+02 1.517000000000000000e+03
7.420000000000000000e+02 1.530000000000000000e+03
7.170000000000000000e+02 1.531000000000000000e+03
6.360000000000000000e+02 1.557000000000000000e+03
7.840000000000000000e+02 1.376000000000000000e+03
7.780000000000000000e+02 1.335000000000000000e+03
4.620000000000000000e+02 1.003000000000000000e+03
7.000000000000000000e+02 1.189000000000000000e+03
6.850000000000000000e+02 1.339000000000000000e+03
6.840000000000000000e+02 1.313000000000000000e+03
5.150000000000000000e+02 1.279000000000000000e+03
7.800000000000000000e+02 1.276000000000000000e+03
5.490000000000000000e+02 9.760000000000000000e+02
4.960000000000000000e+02 9.840000000000000000e+02
4.320000000000000000e+02 8.360000000000000000e+02
7.280000000000000000e+02 1.009000000000000000e+03
6.740000000000000000e+02 1.024000000000000000e+03
6.070000000000000000e+02 1.515000000000000000e+03
4.300000000000000000e+02 1.446000000000000000e+03
7.130000000000000000e+02 1.365000000000000000e+03
7.450000000000000000e+02 1.379000000000000000e+03
6.700000000000000000e+02 1.537000000000000000e+03
6.790000000000000000e+02 1.537000000000000000e+03
4.730000000000000000e+02 9.560000000000000000e+02
6.820000000000000000e+02 1.352000000000000000e+03
6.250000000000000000e+02 9.820000000000000000e+02
6.140000000000000000e+02 9.510000000000000000e+02
5.860000000000000000e+02 7.580000000000000000e+02
4.610000000000000000e+02 8.930000000000000000e+02
6.110000000000000000e+02 8.490000000000000000e+02
4.390000000000000000e+02 9.800000000000000000e+02
4.230000000000000000e+02 9.410000000000000000e+02
7.710000000000000000e+02 1.517000000000000000e+03
7.350000000000000000e+02 1.519000000000000000e+03
7.090000000000000000e+02 1.524000000000000000e+03
7.210000000000000000e+02 1.371000000000000000e+03
6.750000000000000000e+02 1.537000000000000000e+03
6.910000000000000000e+02 1.546000000000000000e+03
6.830000000000000000e+02 1.537000000000000000e+03
7.350000000000000000e+02 1.363000000000000000e+03
7.230000000000000000e+02 1.536000000000000000e+03
7.480000000000000000e+02 1.537000000000000000e+03
7.790000000000000000e+02 1.541000000000000000e+03
7.620000000000000000e+02 1.650000000000000000e+03
7.710000000000000000e+02 1.607000000000000000e+03
7.730000000000000000e+02 1.584000000000000000e+03
7.760000000000000000e+02 1.561000000000000000e+03
7.790000000000000000e+02 1.542000000000000000e+03
7.240000000000000000e+02 1.536000000000000000e+03
7.160000000000000000e+02 1.546000000000000000e+03
7.090000000000000000e+02 1.557000000000000000e+03
7.020000000000000000e+02 1.570000000000000000e+03
6.490000000000000000e+02 1.453000000000000000e+03
3.840000000000000000e+02 1.236000000000000000e+03
8.170000000000000000e+02 1.399000000000000000e+03
7.050000000000000000e+02 1.536000000000000000e+03
6.980000000000000000e+02 1.541000000000000000e+03
7.600000000000000000e+02 1.396000000000000000e+03
6.950000000000000000e+02 1.373000000000000000e+03
7.530000000000000000e+02 1.388000000000000000e+03
6.620000000000000000e+02 1.210000000000000000e+03
6.020000000000000000e+02 1.236000000000000000e+03
6.760000000000000000e+02 1.326000000000000000e+03
4.910000000000000000e+02 7.870000000000000000e+02
5.210000000000000000e+02 8.600000000000000000e+02
5.320000000000000000e+02 9.430000000000000000e+02
6.690000000000000000e+02 1.592000000000000000e+03
7.110000000000000000e+02 9.610000000000000000e+02
7.050000000000000000e+02 8.480000000000000000e+02
6.880000000000000000e+02 7.440000000000000000e+02
5.540000000000000000e+02 1.097000000000000000e+03
4.590000000000000000e+02 1.135000000000000000e+03
7.110000000000000000e+02 1.084000000000000000e+03
4.890000000000000000e+02 1.041000000000000000e+03
7.270000000000000000e+02 1.166000000000000000e+03
7.110000000000000000e+02 1.334000000000000000e+03
4.180000000000000000e+02 1.162000000000000000e+03
4.870000000000000000e+02 1.167000000000000000e+03
5.370000000000000000e+02 1.187000000000000000e+03
6.120000000000000000e+02 1.181000000000000000e+03
6.660000000000000000e+02 1.163000000000000000e+03
7.040000000000000000e+02 1.147000000000000000e+03
7.770000000000000000e+02 1.122000000000000000e+03
4.280000000000000000e+02 1.249000000000000000e+03
4.550000000000000000e+02 1.035000000000000000e+03
7.960000000000000000e+02 1.393000000000000000e+03
7.010000000000000000e+02 1.237000000000000000e+03
3.710000000000000000e+02 1.055000000000000000e+03
7.320000000000000000e+02 1.129000000000000000e+03
6.740000000000000000e+02 1.323000000000000000e+03
5.170000000000000000e+02 1.061000000000000000e+03
7.100000000000000000e+02 1.301000000000000000e+03
4.010000000000000000e+02 1.337000000000000000e+03
7.090000000000000000e+02 1.070000000000000000e+03
7.450000000000000000e+02 1.285000000000000000e+03
5.120000000000000000e+02 1.576000000000000000e+03
5.130000000000000000e+02 1.615000000000000000e+03
3.910000000000000000e+02 1.246000000000000000e+03
4.690000000000000000e+02 1.510000000000000000e+03
4.020000000000000000e+02 9.990000000000000000e+02
6.630000000000000000e+02 1.746000000000000000e+03
7.980000000000000000e+02 1.397000000000000000e+03
6.670000000000000000e+02 1.264000000000000000e+03
4.210000000000000000e+02 1.082000000000000000e+03
5.890000000000000000e+02 1.079000000000000000e+03
6.220000000000000000e+02 1.080000000000000000e+03
6.840000000000000000e+02 1.552000000000000000e+03
4.380000000000000000e+02 1.332000000000000000e+03
7.330000000000000000e+02 1.807000000000000000e+03
6.150000000000000000e+02 1.734000000000000000e+03
5.670000000000000000e+02 1.685000000000000000e+03
8.100000000000000000e+02 8.510000000000000000e+02
8.170000000000000000e+02 1.816000000000000000e+03
6.540000000000000000e+02 1.077000000000000000e+03
6.830000000000000000e+02 1.072000000000000000e+03
7.010000000000000000e+02 1.071000000000000000e+03
4.280000000000000000e+02 1.021000000000000000e+03
6.720000000000000000e+02 1.043000000000000000e+03
6.370000000000000000e+02 1.033000000000000000e+03
6.020000000000000000e+02 1.034000000000000000e+03
5.700000000000000000e+02 1.041000000000000000e+03
5.520000000000000000e+02 1.049000000000000000e+03
3.780000000000000000e+02 9.660000000000000000e+02
5.670000000000000000e+02 1.075000000000000000e+03
8.150000000000000000e+02 1.430000000000000000e+03
6.850000000000000000e+02 1.434000000000000000e+03
7.140000000000000000e+02 1.361000000000000000e+03
7.580000000000000000e+02 1.430000000000000000e+03
8.120000000000000000e+02 1.061000000000000000e+03
5.600000000000000000e+02 1.641000000000000000e+03
6.080000000000000000e+02 1.694000000000000000e+03
7.330000000000000000e+02 1.781000000000000000e+03
4.700000000000000000e+02 1.540000000000000000e+03
6.970000000000000000e+02 1.059000000000000000e+03
7.520000000000000000e+02 1.191000000000000000e+03
8.180000000000000000e+02 1.791000000000000000e+03
6.680000000000000000e+02 1.778000000000000000e+03
4.070000000000000000e+02 1.337000000000000000e+03
7.490000000000000000e+02 1.538000000000000000e+03
7.420000000000000000e+02 1.553000000000000000e+03
7.360000000000000000e+02 1.571000000000000000e+03
7.320000000000000000e+02 1.592000000000000000e+03
7.090000000000000000e+02 1.626000000000000000e+03
6.980000000000000000e+02 1.534000000000000000e+03
6.900000000000000000e+02 1.530000000000000000e+03
6.830000000000000000e+02 1.527000000000000000e+03
6.210000000000000000e+02 1.481000000000000000e+03
4.880000000000000000e+02 1.364000000000000000e+03
7.520000000000000000e+02 1.141000000000000000e+03
7.350000000000000000e+02 1.051000000000000000e+03
7.110000000000000000e+02 1.050000000000000000e+03
7.050000000000000000e+02 1.536000000000000000e+03
4.830000000000000000e+02 1.459000000000000000e+03
7.660000000000000000e+02 1.059000000000000000e+03
6.900000000000000000e+02 1.661000000000000000e+03
8.150000000000000000e+02 1.219000000000000000e+03
7.790000000000000000e+02 1.174000000000000000e+03
8.140000000000000000e+02 1.168000000000000000e+03
7.240000000000000000e+02 1.257000000000000000e+03
8.170000000000000000e+02 1.748000000000000000e+03
8.160000000000000000e+02 1.696000000000000000e+03
7.520000000000000000e+02 1.690000000000000000e+03
6.010000000000000000e+02 1.570000000000000000e+03
6.440000000000000000e+02 1.353000000000000000e+03
6.420000000000000000e+02 1.620000000000000000e+03
5.660000000000000000e+02 1.341000000000000000e+03
6.130000000000000000e+02 1.393000000000000000e+03
5.350000000000000000e+02 1.403000000000000000e+03
7.390000000000000000e+02 1.739000000000000000e+03
6.990000000000000000e+02 1.274000000000000000e+03
5.710000000000000000e+02 1.598000000000000000e+03
6.200000000000000000e+02 1.654000000000000000e+03
5.720000000000000000e+02 1.515000000000000000e+03
4.490000000000000000e+02 1.402000000000000000e+03
5.280000000000000000e+02 1.514000000000000000e+03
4.300000000000000000e+02 1.424000000000000000e+03
5.850000000000000000e+02 1.443000000000000000e+03
7.270000000000000000e+02 1.213000000000000000e+03
7.240000000000000000e+02 1.356000000000000000e+03
6.970000000000000000e+02 1.356000000000000000e+03
7.430000000000000000e+02 1.334000000000000000e+03
7.000000000000000000e+02 1.022000000000000000e+03
6.310000000000000000e+02 1.003000000000000000e+03
5.730000000000000000e+02 1.000000000000000000e+03
5.270000000000000000e+02 1.006000000000000000e+03
4.990000000000000000e+02 1.019000000000000000e+03
4.890000000000000000e+02 1.071000000000000000e+03
3.810000000000000000e+02 1.159000000000000000e+03
5.240000000000000000e+02 1.127000000000000000e+03
5.640000000000000000e+02 1.140000000000000000e+03
6.170000000000000000e+02 1.139000000000000000e+03
6.650000000000000000e+02 1.128000000000000000e+03
7.010000000000000000e+02 1.117000000000000000e+03
7.250000000000000000e+02 1.107000000000000000e+03
3.750000000000000000e+02 1.144000000000000000e+03
6.960000000000000000e+02 1.362000000000000000e+03
7.520000000000000000e+02 1.237000000000000000e+03
7.530000000000000000e+02 1.366000000000000000e+03
7.720000000000000000e+02 1.383000000000000000e+03
7.520000000000000000e+02 1.369000000000000000e+03
7.070000000000000000e+02 1.372000000000000000e+03
7.820000000000000000e+02 1.389000000000000000e+03
7.840000000000000000e+02 1.393000000000000000e+03
7.220000000000000000e+02 1.074000000000000000e+03
7.430000000000000000e+02 1.089000000000000000e+03
7.530000000000000000e+02 1.102000000000000000e+03
5.420000000000000000e+02 1.055000000000000000e+03
5.130000000000000000e+02 1.043000000000000000e+03
8.480000000000000000e+02 1.223000000000000000e+03
1.066000000000000000e+03 1.078000000000000000e+03
8.600000000000000000e+02 1.385000000000000000e+03
1.195000000000000000e+03 8.970000000000000000e+02
9.610000000000000000e+02 1.110000000000000000e+03
9.980000000000000000e+02 1.114000000000000000e+03
1.035000000000000000e+03 1.113000000000000000e+03
1.081000000000000000e+03 1.091000000000000000e+03
9.300000000000000000e+02 1.102000000000000000e+03
1.027000000000000000e+03 1.020000000000000000e+03
9.830000000000000000e+02 1.022000000000000000e+03
1.065000000000000000e+03 1.027000000000000000e+03
1.086000000000000000e+03 1.039000000000000000e+03
1.113000000000000000e+03 1.115000000000000000e+03
9.590000000000000000e+02 1.700000000000000000e+03
1.080000000000000000e+03 1.069000000000000000e+03
1.219000000000000000e+03 1.074000000000000000e+03
1.155000000000000000e+03 1.088000000000000000e+03
1.002000000000000000e+03 1.294000000000000000e+03
8.590000000000000000e+02 1.498000000000000000e+03
8.540000000000000000e+02 1.532000000000000000e+03
8.990000000000000000e+02 1.507000000000000000e+03
9.250000000000000000e+02 1.516000000000000000e+03
8.870000000000000000e+02 1.530000000000000000e+03
9.110000000000000000e+02 1.530000000000000000e+03
9.880000000000000000e+02 1.553000000000000000e+03
8.510000000000000000e+02 1.376000000000000000e+03
8.560000000000000000e+02 1.335000000000000000e+03
1.144000000000000000e+03 1.017000000000000000e+03
9.240000000000000000e+02 1.188000000000000000e+03
9.450000000000000000e+02 1.338000000000000000e+03
9.450000000000000000e+02 1.311000000000000000e+03
1.106000000000000000e+03 1.276000000000000000e+03
8.520000000000000000e+02 1.276000000000000000e+03
1.061000000000000000e+03 9.930000000000000000e+02
1.112000000000000000e+03 9.990000000000000000e+02
1.164000000000000000e+03 8.360000000000000000e+02
8.890000000000000000e+02 1.025000000000000000e+03
9.430000000000000000e+02 1.034000000000000000e+03
1.015000000000000000e+03 1.511000000000000000e+03
1.187000000000000000e+03 1.444000000000000000e+03
9.180000000000000000e+02 1.364000000000000000e+03
8.860000000000000000e+02 1.378000000000000000e+03
9.580000000000000000e+02 1.532000000000000000e+03
9.490000000000000000e+02 1.532000000000000000e+03
1.132000000000000000e+03 9.730000000000000000e+02
9.470000000000000000e+02 1.351000000000000000e+03
9.870000000000000000e+02 9.990000000000000000e+02
9.960000000000000000e+02 9.680000000000000000e+02
1.025000000000000000e+03 7.590000000000000000e+02
1.142000000000000000e+03 8.940000000000000000e+02
1.003000000000000000e+03 8.510000000000000000e+02
1.163000000000000000e+03 9.950000000000000000e+02
1.177000000000000000e+03 9.410000000000000000e+02
8.580000000000000000e+02 1.517000000000000000e+03
8.930000000000000000e+02 1.519000000000000000e+03
9.190000000000000000e+02 1.523000000000000000e+03
9.090000000000000000e+02 1.370000000000000000e+03
9.530000000000000000e+02 1.532000000000000000e+03
9.390000000000000000e+02 1.542000000000000000e+03
9.440000000000000000e+02 1.532000000000000000e+03
8.970000000000000000e+02 1.362000000000000000e+03
9.050000000000000000e+02 1.535000000000000000e+03
8.810000000000000000e+02 1.537000000000000000e+03
8.510000000000000000e+02 1.541000000000000000e+03
8.680000000000000000e+02 1.649000000000000000e+03
8.640000000000000000e+02 1.607000000000000000e+03
8.610000000000000000e+02 1.583000000000000000e+03
8.560000000000000000e+02 1.560000000000000000e+03
8.510000000000000000e+02 1.542000000000000000e+03
9.050000000000000000e+02 1.534000000000000000e+03
9.140000000000000000e+02 1.543000000000000000e+03
9.220000000000000000e+02 1.554000000000000000e+03
9.290000000000000000e+02 1.567000000000000000e+03
9.760000000000000000e+02 1.450000000000000000e+03
1.221000000000000000e+03 1.235000000000000000e+03
9.230000000000000000e+02 1.533000000000000000e+03
9.310000000000000000e+02 1.537000000000000000e+03
8.710000000000000000e+02 1.395000000000000000e+03
9.330000000000000000e+02 1.372000000000000000e+03
8.790000000000000000e+02 1.387000000000000000e+03
9.610000000000000000e+02 1.209000000000000000e+03
1.021000000000000000e+03 1.235000000000000000e+03
9.520000000000000000e+02 1.325000000000000000e+03
1.112000000000000000e+03 7.890000000000000000e+02
1.087000000000000000e+03 8.620000000000000000e+02
1.075000000000000000e+03 9.610000000000000000e+02
9.570000000000000000e+02 1.589000000000000000e+03
9.040000000000000000e+02 9.770000000000000000e+02
9.130000000000000000e+02 8.490000000000000000e+02
9.280000000000000000e+02 7.450000000000000000e+02
1.064000000000000000e+03 1.106000000000000000e+03
1.153000000000000000e+03 1.139000000000000000e+03
9.100000000000000000e+02 1.094000000000000000e+03
1.122000000000000000e+03 1.051000000000000000e+03
8.980000000000000000e+02 1.166000000000000000e+03
9.200000000000000000e+02 1.333000000000000000e+03
1.193000000000000000e+03 1.161000000000000000e+03
1.129000000000000000e+03 1.170000000000000000e+03
1.083000000000000000e+03 1.188000000000000000e+03
1.012000000000000000e+03 1.183000000000000000e+03
9.590000000000000000e+02 1.167000000000000000e+03
9.210000000000000000e+02 1.151000000000000000e+03
8.500000000000000000e+02 1.122000000000000000e+03
1.188000000000000000e+03 1.247000000000000000e+03
1.152000000000000000e+03 1.046000000000000000e+03
8.390000000000000000e+02 1.393000000000000000e+03
9.250000000000000000e+02 1.236000000000000000e+03
1.224000000000000000e+03 1.054000000000000000e+03
8.930000000000000000e+02 1.133000000000000000e+03
9.530000000000000000e+02 1.322000000000000000e+03
1.096000000000000000e+03 1.071000000000000000e+03
9.200000000000000000e+02 1.300000000000000000e+03
1.211000000000000000e+03 1.335000000000000000e+03
9.100000000000000000e+02 1.080000000000000000e+03
8.860000000000000000e+02 1.284000000000000000e+03
1.113000000000000000e+03 1.572000000000000000e+03
1.111000000000000000e+03 1.611000000000000000e+03
1.220000000000000000e+03 1.244000000000000000e+03
1.154000000000000000e+03 1.506000000000000000e+03
1.198000000000000000e+03 9.990000000000000000e+02
9.690000000000000000e+02 1.743000000000000000e+03
8.350000000000000000e+02 1.397000000000000000e+03
9.580000000000000000e+02 1.262000000000000000e+03
1.183000000000000000e+03 1.091000000000000000e+03
1.030000000000000000e+03 1.091000000000000000e+03
9.990000000000000000e+02 1.092000000000000000e+03
9.460000000000000000e+02 1.548000000000000000e+03
1.182000000000000000e+03 1.329000000000000000e+03
9.010000000000000000e+02 1.805000000000000000e+03
1.014000000000000000e+03 1.729000000000000000e+03
1.060000000000000000e+03 1.679000000000000000e+03
9.670000000000000000e+02 1.089000000000000000e+03
9.370000000000000000e+02 1.083000000000000000e+03
9.180000000000000000e+02 1.082000000000000000e+03
1.174000000000000000e+03 1.033000000000000000e+03
9.450000000000000000e+02 1.053000000000000000e+03
9.790000000000000000e+02 1.044000000000000000e+03
1.013000000000000000e+03 1.044000000000000000e+03
1.044000000000000000e+03 1.050000000000000000e+03
1.062000000000000000e+03 1.058000000000000000e+03
1.214000000000000000e+03 9.650000000000000000e+02
1.051000000000000000e+03 1.085000000000000000e+03
9.420000000000000000e+02 1.432000000000000000e+03
9.170000000000000000e+02 1.360000000000000000e+03
8.720000000000000000e+02 1.429000000000000000e+03
1.067000000000000000e+03 1.637000000000000000e+03
1.021000000000000000e+03 1.691000000000000000e+03
9.010000000000000000e+02 1.779000000000000000e+03
1.151000000000000000e+03 1.536000000000000000e+03
9.210000000000000000e+02 1.069000000000000000e+03
8.760000000000000000e+02 1.191000000000000000e+03
9.630000000000000000e+02 1.774000000000000000e+03
1.208000000000000000e+03 1.335000000000000000e+03
8.810000000000000000e+02 1.537000000000000000e+03
8.900000000000000000e+02 1.552000000000000000e+03
8.970000000000000000e+02 1.569000000000000000e+03
9.020000000000000000e+02 1.591000000000000000e+03
9.180000000000000000e+02 1.623000000000000000e+03
9.310000000000000000e+02 1.531000000000000000e+03
9.380000000000000000e+02 1.528000000000000000e+03
9.440000000000000000e+02 1.524000000000000000e+03
1.002000000000000000e+03 1.477000000000000000e+03
1.135000000000000000e+03 1.360000000000000000e+03
8.730000000000000000e+02 1.141000000000000000e+03
8.860000000000000000e+02 1.061000000000000000e+03
9.080000000000000000e+02 1.060000000000000000e+03
9.230000000000000000e+02 1.533000000000000000e+03
1.139000000000000000e+03 1.455000000000000000e+03
8.570000000000000000e+02 1.067000000000000000e+03
9.390000000000000000e+02 1.658000000000000000e+03
8.500000000000000000e+02 1.174000000000000000e+03
9.040000000000000000e+02 1.257000000000000000e+03
8.800000000000000000e+02 1.689000000000000000e+03
1.023000000000000000e+03 1.566000000000000000e+03
9.820000000000000000e+02 1.351000000000000000e+03
9.850000000000000000e+02 1.616000000000000000e+03
1.058000000000000000e+03 1.339000000000000000e+03
1.012000000000000000e+03 1.391000000000000000e+03
1.088000000000000000e+03 1.400000000000000000e+03
8.940000000000000000e+02 1.738000000000000000e+03
9.280000000000000000e+02 1.273000000000000000e+03
1.055000000000000000e+03 1.594000000000000000e+03
1.008000000000000000e+03 1.650000000000000000e+03
1.051000000000000000e+03 1.511000000000000000e+03
1.172000000000000000e+03 1.398000000000000000e+03
1.096000000000000000e+03 1.510000000000000000e+03
1.189000000000000000e+03 1.421000000000000000e+03
1.039000000000000000e+03 1.440000000000000000e+03
9.000000000000000000e+02 1.213000000000000000e+03
9.090000000000000000e+02 1.355000000000000000e+03
9.340000000000000000e+02 1.355000000000000000e+03
8.900000000000000000e+02 1.334000000000000000e+03
9.170000000000000000e+02 1.035000000000000000e+03
9.830000000000000000e+02 1.016000000000000000e+03
1.040000000000000000e+03 1.012000000000000000e+03
1.084000000000000000e+03 1.017000000000000000e+03
1.111000000000000000e+03 1.030000000000000000e+03
1.122000000000000000e+03 1.080000000000000000e+03
1.224000000000000000e+03 1.157000000000000000e+03
1.093000000000000000e+03 1.133000000000000000e+03
1.056000000000000000e+03 1.145000000000000000e+03
1.006000000000000000e+03 1.145000000000000000e+03
9.580000000000000000e+02 1.136000000000000000e+03
9.230000000000000000e+02 1.125000000000000000e+03
8.980000000000000000e+02 1.114000000000000000e+03
1.224000000000000000e+03 1.142000000000000000e+03
9.330000000000000000e+02 1.361000000000000000e+03
8.770000000000000000e+02 1.237000000000000000e+03
8.810000000000000000e+02 1.365000000000000000e+03
8.610000000000000000e+02 1.382000000000000000e+03
8.820000000000000000e+02 1.368000000000000000e+03
9.230000000000000000e+02 1.371000000000000000e+03
8.530000000000000000e+02 1.389000000000000000e+03
8.490000000000000000e+02 1.393000000000000000e+03
8.980000000000000000e+02 1.084000000000000000e+03
8.800000000000000000e+02 1.096000000000000000e+03
8.710000000000000000e+02 1.107000000000000000e+03
1.073000000000000000e+03 1.064000000000000000e+03
1.099000000000000000e+03 1.052000000000000000e+03
6.180000000000000000e+02 1.055000000000000000e+03
6.610000000000000000e+02 1.054000000000000000e+03
6.170000000000000000e+02 1.019000000000000000e+03
5.750000000000000000e+02 1.056000000000000000e+03
6.190000000000000000e+02 1.091000000000000000e+03
9.980000000000000000e+02 1.063000000000000000e+03
1.040000000000000000e+03 1.063000000000000000e+03
9.980000000000000000e+02 1.026000000000000000e+03
9.560000000000000000e+02 1.061000000000000000e+03
9.990000000000000000e+02 1.099000000000000000e+03
0.000000000000000000e+00 0.000000000000000000e+00
1.749000000000000000e+03 0.000000000000000000e+00
1.749000000000000000e+03 2.187000000000000000e+03
0.000000000000000000e+00 2.187000000000000000e+03
8.700000000000000000e+01 0.000000000000000000e+00
8.700000000000000000e+01 2.187000000000000000e+03
0.000000000000000000e+00 1.090000000000000000e+02
1.749000000000000000e+03 1.090000000000000000e+02
1.750000000000000000e+02 0.000000000000000000e+00
1.750000000000000000e+02 2.187000000000000000e+03
0.000000000000000000e+00 2.180000000000000000e+02
1.749000000000000000e+03 2.180000000000000000e+02
2.620000000000000000e+02 0.000000000000000000e+00
2.620000000000000000e+02 2.187000000000000000e+03
0.000000000000000000e+00 3.280000000000000000e+02
1.749000000000000000e+03 3.280000000000000000e+02
3.500000000000000000e+02 0.000000000000000000e+00
3.500000000000000000e+02 2.187000000000000000e+03
0.000000000000000000e+00 4.370000000000000000e+02
1.749000000000000000e+03 4.370000000000000000e+02
4.370000000000000000e+02 0.000000000000000000e+00
4.370000000000000000e+02 2.187000000000000000e+03
0.000000000000000000e+00 5.470000000000000000e+02
1.749000000000000000e+03 5.470000000000000000e+02
5.250000000000000000e+02 0.000000000000000000e+00
5.250000000000000000e+02 2.187000000000000000e+03
0.000000000000000000e+00 6.560000000000000000e+02
1.749000000000000000e+03 6.560000000000000000e+02
6.120000000000000000e+02 0.000000000000000000e+00
6.120000000000000000e+02 2.187000000000000000e+03
0.000000000000000000e+00 7.650000000000000000e+02
1.749000000000000000e+03 7.650000000000000000e+02
7.000000000000000000e+02 0.000000000000000000e+00
7.000000000000000000e+02 2.187000000000000000e+03
0.000000000000000000e+00 8.750000000000000000e+02
1.749000000000000000e+03 8.750000000000000000e+02
7.870000000000000000e+02 0.000000000000000000e+00
7.870000000000000000e+02 2.187000000000000000e+03
0.000000000000000000e+00 9.840000000000000000e+02
1.749000000000000000e+03 9.840000000000000000e+02
8.750000000000000000e+02 0.000000000000000000e+00
8.750000000000000000e+02 2.187000000000000000e+03
0.000000000000000000e+00 1.094000000000000000e+03
1.749000000000000000e+03 1.094000000000000000e+03
9.620000000000000000e+02 0.000000000000000000e+00
9.620000000000000000e+02 2.187000000000000000e+03
0.000000000000000000e+00 1.203000000000000000e+03
1.749000000000000000e+03 1.203000000000000000e+03
1.050000000000000000e+03 0.000000000000000000e+00
1.050000000000000000e+03 2.187000000000000000e+03
0.000000000000000000e+00 1.312000000000000000e+03
1.749000000000000000e+03 1.312000000000000000e+03
1.137000000000000000e+03 0.000000000000000000e+00
1.137000000000000000e+03 2.187000000000000000e+03
0.000000000000000000e+00 1.422000000000000000e+03
1.749000000000000000e+03 1.422000000000000000e+03
1.225000000000000000e+03 0.000000000000000000e+00
1.225000000000000000e+03 2.187000000000000000e+03
0.000000000000000000e+00 1.531000000000000000e+03
1.749000000000000000e+03 1.531000000000000000e+03
1.312000000000000000e+03 0.000000000000000000e+00
1.312000000000000000e+03 2.187000000000000000e+03
0.000000000000000000e+00 1.641000000000000000e+03
1.749000000000000000e+03 1.641000000000000000e+03
1.400000000000000000e+03 0.000000000000000000e+00
1.400000000000000000e+03 2.187000000000000000e+03
0.000000000000000000e+00 1.750000000000000000e+03
1.749000000000000000e+03 1.750000000000000000e+03
1.487000000000000000e+03 0.000000000000000000e+00
1.487000000000000000e+03 2.187000000000000000e+03
0.000000000000000000e+00 1.859000000000000000e+03
1.749000000000000000e+03 1.859000000000000000e+03
1.575000000000000000e+03 0.000000000000000000e+00
1.575000000000000000e+03 2.187000000000000000e+03
0.000000000000000000e+00 1.969000000000000000e+03
1.749000000000000000e+03 1.969000000000000000e+03
1.662000000000000000e+03 0.000000000000000000e+00
1.662000000000000000e+03 2.187000000000000000e+03
0.000000000000000000e+00 2.078000000000000000e+03
1.749000000000000000e+03 2.078000000000000000e+03
