8.430000000000000000e+02 1.687000000000000000e+03
8.640000000000000000e+02 1.432000000000000000e+03
8.620000000000000000e+02 1.495000000000000000e+03
8.170000000000000000e+02 1.250000000000000000e+03
8.630000000000000000e+02 1.373000000000000000e+03
8.610000000000000000e+02 1.300000000000000000e+03
8.560000000000000000e+02 1.126000000000000000e+03
5.000000000000000000e+02 1.113000000000000000e+03
8.540000000000000000e+02 9.930000000000000000e+02
8.530000000000000000e+02 9.200000000000000000e+02
8.520000000000000000e+02 6.590000000000000000e+02
8.440000000000000000e+02 1.713000000000000000e+03
8.460000000000000000e+02 1.737000000000000000e+03
8.490000000000000000e+02 1.753000000000000000e+03
8.510000000000000000e+02 1.753000000000000000e+03
8.520000000000000000e+02 1.781000000000000000e+03
8.530000000000000000e+02 1.815000000000000000e+03
8.560000000000000000e+02 1.849000000000000000e+03
8.660000000000000000e+02 1.885000000000000000e+03
8.640000000000000000e+02 1.464000000000000000e+03
8.180000000000000000e+02 1.466000000000000000e+03
2.930000000000000000e+02 9.380000000000000000e+02
6.350000000000000000e+02 1.159000000000000000e+03
5.820000000000000000e+02 1.166000000000000000e+03
5.330000000000000000e+02 1.165000000000000000e+03
4.770000000000000000e+02 1.137000000000000000e+03
6.810000000000000000e+02 1.143000000000000000e+03
5.660000000000000000e+02 1.003000000000000000e+03
6.250000000000000000e+02 1.006000000000000000e+03
5.130000000000000000e+02 1.016000000000000000e+03
4.780000000000000000e+02 1.040000000000000000e+03
4.280000000000000000e+02 1.179000000000000000e+03
6.710000000000000000e+02 1.972000000000000000e+03
4.840000000000000000e+02 1.100000000000000000e+03
2.620000000000000000e+02 1.179000000000000000e+03
3.720000000000000000e+02 1.146000000000000000e+03
6.080000000000000000e+02 1.408000000000000000e+03
7.830000000000000000e+02 1.672000000000000000e+03
7.930000000000000000e+02 1.734000000000000000e+03
7.300000000000000000e+02 1.692000000000000000e+03
6.930000000000000000e+02 1.714000000000000000e+03
7.490000000000000000e+02 1.736000000000000000e+03
7.140000000000000000e+02 1.740000000000000000e+03
6.360000000000000000e+02 1.785000000000000000e+03
8.220000000000000000e+02 1.432000000000000000e+03
8.140000000000000000e+02 1.376000000000000000e+03
4.120000000000000000e+02 1.003000000000000000e+03
7.090000000000000000e+02 1.260000000000000000e+03
7.050000000000000000e+02 1.429000000000000000e+03
7.000000000000000000e+02 1.400000000000000000e+03
4.520000000000000000e+02 1.410000000000000000e+03
8.150000000000000000e+02 1.308000000000000000e+03
5.310000000000000000e+02 9.250000000000000000e+02
4.610000000000000000e+02 9.550000000000000000e+02
3.500000000000000000e+02 8.310000000000000000e+02
7.510000000000000000e+02 9.560000000000000000e+02
6.760000000000000000e+02 1.026000000000000000e+03
5.990000000000000000e+02 1.730000000000000000e+03
3.170000000000000000e+02 1.733000000000000000e+03
7.450000000000000000e+02 1.460000000000000000e+03
7.850000000000000000e+02 1.475000000000000000e+03
6.480000000000000000e+02 1.749000000000000000e+03
6.590000000000000000e+02 1.749000000000000000e+03
4.370000000000000000e+02 9.240000000000000000e+02
7.030000000000000000e+02 1.457000000000000000e+03
6.250000000000000000e+02 9.190000000000000000e+02
6.170000000000000000e+02 8.750000000000000000e+02
5.640000000000000000e+02 6.900000000000000000e+02
3.900000000000000000e+02 8.790000000000000000e+02
5.950000000000000000e+02 7.880000000000000000e+02
3.840000000000000000e+02 9.830000000000000000e+02
3.320000000000000000e+02 9.650000000000000000e+02
7.870000000000000000e+02 1.707000000000000000e+03
7.390000000000000000e+02 1.716000000000000000e+03
7.030000000000000000e+02 1.728000000000000000e+03
7.570000000000000000e+02 1.471000000000000000e+03
6.540000000000000000e+02 1.750000000000000000e+03
6.760000000000000000e+02 1.764000000000000000e+03
6.660000000000000000e+02 1.750000000000000000e+03
7.690000000000000000e+02 1.436000000000000000e+03
7.230000000000000000e+02 1.749000000000000000e+03
7.580000000000000000e+02 1.749000000000000000e+03
8.000000000000000000e+02 1.750000000000000000e+03
7.970000000000000000e+02 1.883000000000000000e+03
7.930000000000000000e+02 1.844000000000000000e+03
7.930000000000000000e+02 1.809000000000000000e+03
7.960000000000000000e+02 1.777000000000000000e+03
8.010000000000000000e+02 1.751000000000000000e+03
7.230000000000000000e+02 1.750000000000000000e+03
7.140000000000000000e+02 1.762000000000000000e+03
7.030000000000000000e+02 1.778000000000000000e+03
6.960000000000000000e+02 1.797000000000000000e+03
6.530000000000000000e+02 1.618000000000000000e+03
2.530000000000000000e+02 1.445000000000000000e+03
8.630000000000000000e+02 1.479000000000000000e+03
6.960000000000000000e+02 1.750000000000000000e+03
6.860000000000000000e+02 1.756000000000000000e+03
7.990000000000000000e+02 1.497000000000000000e+03
7.210000000000000000e+02 1.493000000000000000e+03
7.920000000000000000e+02 1.486000000000000000e+03
6.550000000000000000e+02 1.296000000000000000e+03
5.720000000000000000e+02 1.338000000000000000e+03
6.920000000000000000e+02 1.428000000000000000e+03
4.360000000000000000e+02 7.460000000000000000e+02
4.730000000000000000e+02 8.170000000000000000e+02
5.150000000000000000e+02 8.840000000000000000e+02
6.760000000000000000e+02 1.823000000000000000e+03
7.370000000000000000e+02 8.790000000000000000e+02
7.170000000000000000e+02 7.840000000000000000e+02
6.980000000000000000e+02 6.640000000000000000e+02
4.960000000000000000e+02 1.156000000000000000e+03
3.680000000000000000e+02 1.224000000000000000e+03
7.130000000000000000e+02 1.126000000000000000e+03
4.290000000000000000e+02 1.071000000000000000e+03
7.450000000000000000e+02 1.220000000000000000e+03
7.360000000000000000e+02 1.403000000000000000e+03
3.110000000000000000e+02 1.278000000000000000e+03
3.980000000000000000e+02 1.261000000000000000e+03
4.610000000000000000e+02 1.278000000000000000e+03
5.590000000000000000e+02 1.265000000000000000e+03
6.340000000000000000e+02 1.238000000000000000e+03
6.910000000000000000e+02 1.208000000000000000e+03
8.090000000000000000e+02 1.140000000000000000e+03
3.210000000000000000e+02 1.399000000000000000e+03
3.880000000000000000e+02 1.068000000000000000e+03
8.380000000000000000e+02 1.462000000000000000e+03
7.140000000000000000e+02 1.315000000000000000e+03
2.420000000000000000e+02 1.188000000000000000e+03
7.340000000000000000e+02 1.175000000000000000e+03
6.870000000000000000e+02 1.435000000000000000e+03
4.600000000000000000e+02 1.105000000000000000e+03
7.320000000000000000e+02 1.368000000000000000e+03
2.740000000000000000e+02 1.586000000000000000e+03
7.160000000000000000e+02 1.106000000000000000e+03
7.730000000000000000e+02 1.331000000000000000e+03
4.420000000000000000e+02 1.853000000000000000e+03
4.400000000000000000e+02 1.927000000000000000e+03
2.620000000000000000e+02 1.423000000000000000e+03
3.750000000000000000e+02 1.779000000000000000e+03
2.950000000000000000e+02 1.064000000000000000e+03
6.570000000000000000e+02 2.033000000000000000e+03
8.440000000000000000e+02 1.477000000000000000e+03
6.690000000000000000e+02 1.361000000000000000e+03
3.280000000000000000e+02 1.161000000000000000e+03
5.430000000000000000e+02 1.128000000000000000e+03
5.840000000000000000e+02 1.132000000000000000e+03
6.680000000000000000e+02 1.773000000000000000e+03
3.350000000000000000e+02 1.517000000000000000e+03
7.540000000000000000e+02 2.116000000000000000e+03
5.910000000000000000e+02 2.045000000000000000e+03
5.210000000000000000e+02 1.997000000000000000e+03
8.520000000000000000e+02 7.870000000000000000e+02
8.680000000000000000e+02 2.125000000000000000e+03
6.280000000000000000e+02 1.127000000000000000e+03
6.710000000000000000e+02 1.117000000000000000e+03
7.010000000000000000e+02 1.111000000000000000e+03
3.520000000000000000e+02 1.062000000000000000e+03
6.670000000000000000e+02 1.075000000000000000e+03
6.200000000000000000e+02 1.066000000000000000e+03
5.770000000000000000e+02 1.065000000000000000e+03
5.350000000000000000e+02 1.074000000000000000e+03
5.090000000000000000e+02 1.085000000000000000e+03
2.590000000000000000e+02 1.050000000000000000e+03
5.170000000000000000e+02 1.121000000000000000e+03
8.630000000000000000e+02 1.545000000000000000e+03
7.010000000000000000e+02 1.579000000000000000e+03
7.450000000000000000e+02 1.449000000000000000e+03
7.950000000000000000e+02 1.551000000000000000e+03
8.550000000000000000e+02 1.061000000000000000e+03
5.130000000000000000e+02 1.925000000000000000e+03
5.820000000000000000e+02 1.980000000000000000e+03
7.520000000000000000e+02 2.071000000000000000e+03
3.760000000000000000e+02 1.847000000000000000e+03
7.010000000000000000e+02 1.093000000000000000e+03
7.790000000000000000e+02 1.230000000000000000e+03
8.670000000000000000e+02 2.079000000000000000e+03
6.660000000000000000e+02 2.087000000000000000e+03
2.820000000000000000e+02 1.553000000000000000e+03
7.580000000000000000e+02 1.750000000000000000e+03
7.490000000000000000e+02 1.769000000000000000e+03
7.430000000000000000e+02 1.794000000000000000e+03
7.390000000000000000e+02 1.824000000000000000e+03
7.290000000000000000e+02 1.858000000000000000e+03
6.850000000000000000e+02 1.745000000000000000e+03
6.740000000000000000e+02 1.739000000000000000e+03
6.650000000000000000e+02 1.732000000000000000e+03
6.180000000000000000e+02 1.670000000000000000e+03
4.120000000000000000e+02 1.541000000000000000e+03
7.780000000000000000e+02 1.176000000000000000e+03
7.520000000000000000e+02 1.058000000000000000e+03
7.220000000000000000e+02 1.068000000000000000e+03
6.960000000000000000e+02 1.749000000000000000e+03
4.050000000000000000e+02 1.688000000000000000e+03
7.910000000000000000e+02 1.053000000000000000e+03
6.980000000000000000e+02 1.913000000000000000e+03
8.600000000000000000e+02 1.240000000000000000e+03
8.130000000000000000e+02 1.197000000000000000e+03
8.580000000000000000e+02 1.184000000000000000e+03
7.450000000000000000e+02 1.321000000000000000e+03
8.670000000000000000e+02 2.017000000000000000e+03
8.660000000000000000e+02 1.946000000000000000e+03
7.790000000000000000e+02 1.942000000000000000e+03
5.820000000000000000e+02 1.809000000000000000e+03
6.450000000000000000e+02 1.484000000000000000e+03
6.340000000000000000e+02 1.870000000000000000e+03
5.290000000000000000e+02 1.480000000000000000e+03
6.000000000000000000e+02 1.546000000000000000e+03
4.870000000000000000e+02 1.579000000000000000e+03
7.610000000000000000e+02 2.011000000000000000e+03
7.150000000000000000e+02 1.358000000000000000e+03
5.340000000000000000e+02 1.856000000000000000e+03
6.010000000000000000e+02 1.918000000000000000e+03
5.430000000000000000e+02 1.737000000000000000e+03
3.510000000000000000e+02 1.619000000000000000e+03
4.740000000000000000e+02 1.748000000000000000e+03
3.150000000000000000e+02 1.673000000000000000e+03
5.620000000000000000e+02 1.627000000000000000e+03
7.480000000000000000e+02 1.271000000000000000e+03
7.530000000000000000e+02 1.427000000000000000e+03
7.220000000000000000e+02 1.446000000000000000e+03
7.720000000000000000e+02 1.386000000000000000e+03
7.120000000000000000e+02 1.006000000000000000e+03
6.260000000000000000e+02 9.750000000000000000e+02
5.520000000000000000e+02 9.740000000000000000e+02
4.910000000000000000e+02 9.910000000000000000e+02
4.500000000000000000e+02 1.022000000000000000e+03
4.220000000000000000e+02 1.125000000000000000e+03
2.530000000000000000e+02 1.299000000000000000e+03
4.530000000000000000e+02 1.200000000000000000e+03
5.010000000000000000e+02 1.215000000000000000e+03
5.690000000000000000e+02 1.212000000000000000e+03
6.360000000000000000e+02 1.196000000000000000e+03
6.900000000000000000e+02 1.174000000000000000e+03
7.270000000000000000e+02 1.154000000000000000e+03
2.450000000000000000e+02 1.316000000000000000e+03
7.230000000000000000e+02 1.464000000000000000e+03
7.790000000000000000e+02 1.279000000000000000e+03
7.870000000000000000e+02 1.426000000000000000e+03
8.140000000000000000e+02 1.455000000000000000e+03
7.880000000000000000e+02 1.437000000000000000e+03
7.370000000000000000e+02 1.482000000000000000e+03
8.230000000000000000e+02 1.459000000000000000e+03
8.280000000000000000e+02 1.474000000000000000e+03
7.330000000000000000e+02 1.107000000000000000e+03
7.570000000000000000e+02 1.120000000000000000e+03
7.680000000000000000e+02 1.128000000000000000e+03
4.950000000000000000e+02 1.093000000000000000e+03
4.580000000000000000e+02 1.068000000000000000e+03
9.010000000000000000e+02 1.249000000000000000e+03
1.203000000000000000e+03 1.120000000000000000e+03
9.080000000000000000e+02 1.465000000000000000e+03
1.399000000000000000e+03 9.330000000000000000e+02
1.074000000000000000e+03 1.168000000000000000e+03
1.123000000000000000e+03 1.172000000000000000e+03
1.169000000000000000e+03 1.170000000000000000e+03
1.227000000000000000e+03 1.144000000000000000e+03
1.030000000000000000e+03 1.155000000000000000e+03
1.127000000000000000e+03 1.003000000000000000e+03
1.072000000000000000e+03 1.011000000000000000e+03
1.179000000000000000e+03 1.013000000000000000e+03
1.215000000000000000e+03 1.038000000000000000e+03
1.276000000000000000e+03 1.183000000000000000e+03
1.057000000000000000e+03 1.968000000000000000e+03
1.218000000000000000e+03 1.107000000000000000e+03
1.437000000000000000e+03 1.175000000000000000e+03
1.330000000000000000e+03 1.151000000000000000e+03
1.108000000000000000e+03 1.404000000000000000e+03
9.050000000000000000e+02 1.671000000000000000e+03
9.030000000000000000e+02 1.733000000000000000e+03
9.680000000000000000e+02 1.690000000000000000e+03
1.014000000000000000e+03 1.711000000000000000e+03
9.540000000000000000e+02 1.734000000000000000e+03
9.960000000000000000e+02 1.738000000000000000e+03
1.089000000000000000e+03 1.779000000000000000e+03
9.050000000000000000e+02 1.431000000000000000e+03
9.110000000000000000e+02 1.375000000000000000e+03
1.279000000000000000e+03 9.980000000000000000e+02
1.004000000000000000e+03 1.258000000000000000e+03
1.016000000000000000e+03 1.425000000000000000e+03
1.020000000000000000e+03 1.396000000000000000e+03
1.261000000000000000e+03 1.404000000000000000e+03
9.060000000000000000e+02 1.307000000000000000e+03
1.154000000000000000e+03 9.240000000000000000e+02
1.225000000000000000e+03 9.490000000000000000e+02
1.342000000000000000e+03 8.280000000000000000e+02
9.440000000000000000e+02 9.800000000000000000e+02
1.026000000000000000e+03 1.036000000000000000e+03
1.125000000000000000e+03 1.722000000000000000e+03
1.401000000000000000e+03 1.725000000000000000e+03
9.780000000000000000e+02 1.457000000000000000e+03
9.400000000000000000e+02 1.474000000000000000e+03
1.075000000000000000e+03 1.745000000000000000e+03
1.064000000000000000e+03 1.746000000000000000e+03
1.249000000000000000e+03 9.160000000000000000e+02
1.019000000000000000e+03 1.453000000000000000e+03
1.062000000000000000e+03 9.310000000000000000e+02
1.066000000000000000e+03 8.840000000000000000e+02
1.136000000000000000e+03 6.890000000000000000e+02
1.303000000000000000e+03 8.780000000000000000e+02
1.104000000000000000e+03 7.900000000000000000e+02
1.308000000000000000e+03 9.790000000000000000e+02
1.362000000000000000e+03 9.620000000000000000e+02
9.050000000000000000e+02 1.705000000000000000e+03
9.610000000000000000e+02 1.714000000000000000e+03
1.005000000000000000e+03 1.725000000000000000e+03
9.660000000000000000e+02 1.468000000000000000e+03
1.069000000000000000e+03 1.746000000000000000e+03
1.045000000000000000e+03 1.761000000000000000e+03
1.057000000000000000e+03 1.747000000000000000e+03
9.560000000000000000e+02 1.434000000000000000e+03
9.900000000000000000e+02 1.747000000000000000e+03
9.490000000000000000e+02 1.747000000000000000e+03
9.010000000000000000e+02 1.749000000000000000e+03
9.330000000000000000e+02 1.881000000000000000e+03
9.210000000000000000e+02 1.845000000000000000e+03
9.160000000000000000e+02 1.809000000000000000e+03
9.100000000000000000e+02 1.776000000000000000e+03
9.040000000000000000e+02 1.750000000000000000e+03
9.930000000000000000e+02 1.749000000000000000e+03
1.004000000000000000e+03 1.761000000000000000e+03
1.016000000000000000e+03 1.777000000000000000e+03
1.026000000000000000e+03 1.797000000000000000e+03
1.069000000000000000e+03 1.613000000000000000e+03
1.452000000000000000e+03 1.440000000000000000e+03
1.024000000000000000e+03 1.748000000000000000e+03
1.034000000000000000e+03 1.754000000000000000e+03
9.260000000000000000e+02 1.496000000000000000e+03
1.001000000000000000e+03 1.489000000000000000e+03
9.320000000000000000e+02 1.485000000000000000e+03
1.057000000000000000e+03 1.293000000000000000e+03
1.141000000000000000e+03 1.333000000000000000e+03
1.029000000000000000e+03 1.424000000000000000e+03
1.259000000000000000e+03 7.440000000000000000e+02
1.221000000000000000e+03 8.180000000000000000e+02
1.168000000000000000e+03 8.810000000000000000e+02
1.051000000000000000e+03 1.819000000000000000e+03
9.540000000000000000e+02 9.020000000000000000e+02
9.860000000000000000e+02 7.840000000000000000e+02
1.006000000000000000e+03 6.640000000000000000e+02
1.206000000000000000e+03 1.162000000000000000e+03
1.336000000000000000e+03 1.227000000000000000e+03
1.000000000000000000e+03 1.140000000000000000e+03
1.268000000000000000e+03 1.070000000000000000e+03
9.680000000000000000e+02 1.218000000000000000e+03
9.860000000000000000e+02 1.400000000000000000e+03
1.394000000000000000e+03 1.273000000000000000e+03
1.303000000000000000e+03 1.261000000000000000e+03
1.239000000000000000e+03 1.277000000000000000e+03
1.142000000000000000e+03 1.267000000000000000e+03
1.070000000000000000e+03 1.244000000000000000e+03
1.014000000000000000e+03 1.216000000000000000e+03
9.030000000000000000e+02 1.140000000000000000e+03
1.389000000000000000e+03 1.393000000000000000e+03
1.308000000000000000e+03 1.069000000000000000e+03
8.880000000000000000e+02 1.462000000000000000e+03
1.002000000000000000e+03 1.312000000000000000e+03
1.453000000000000000e+03 1.182000000000000000e+03
9.720000000000000000e+02 1.183000000000000000e+03
1.033000000000000000e+03 1.431000000000000000e+03
1.242000000000000000e+03 1.111000000000000000e+03
9.880000000000000000e+02 1.365000000000000000e+03
1.438000000000000000e+03 1.580000000000000000e+03
9.960000000000000000e+02 1.121000000000000000e+03
9.480000000000000000e+02 1.329000000000000000e+03
1.282000000000000000e+03 1.846000000000000000e+03
1.284000000000000000e+03 1.918000000000000000e+03
1.446000000000000000e+03 1.418000000000000000e+03
1.347000000000000000e+03 1.772000000000000000e+03
1.401000000000000000e+03 1.060000000000000000e+03
1.072000000000000000e+03 2.029000000000000000e+03
8.830000000000000000e+02 1.477000000000000000e+03
1.047000000000000000e+03 1.357000000000000000e+03
1.379000000000000000e+03 1.169000000000000000e+03
1.160000000000000000e+03 1.134000000000000000e+03
1.120000000000000000e+03 1.138000000000000000e+03
1.055000000000000000e+03 1.770000000000000000e+03
1.381000000000000000e+03 1.511000000000000000e+03
9.800000000000000000e+02 2.114000000000000000e+03
1.138000000000000000e+03 2.038000000000000000e+03
1.206000000000000000e+03 1.989000000000000000e+03
1.079000000000000000e+03 1.136000000000000000e+03
1.040000000000000000e+03 1.130000000000000000e+03
1.012000000000000000e+03 1.126000000000000000e+03
1.345000000000000000e+03 1.065000000000000000e+03
1.040000000000000000e+03 1.084000000000000000e+03
1.080000000000000000e+03 1.069000000000000000e+03
1.120000000000000000e+03 1.065000000000000000e+03
1.162000000000000000e+03 1.073000000000000000e+03
1.189000000000000000e+03 1.086000000000000000e+03
1.434000000000000000e+03 1.045000000000000000e+03
1.185000000000000000e+03 1.127000000000000000e+03
1.023000000000000000e+03 1.575000000000000000e+03
9.780000000000000000e+02 1.446000000000000000e+03
9.310000000000000000e+02 1.550000000000000000e+03
1.213000000000000000e+03 1.919000000000000000e+03
1.146000000000000000e+03 1.975000000000000000e+03
9.800000000000000000e+02 2.069000000000000000e+03
1.346000000000000000e+03 1.838000000000000000e+03
1.010000000000000000e+03 1.105000000000000000e+03
9.360000000000000000e+02 1.228000000000000000e+03
1.065000000000000000e+03 2.082000000000000000e+03
1.432000000000000000e+03 1.548000000000000000e+03
9.510000000000000000e+02 1.749000000000000000e+03
9.630000000000000000e+02 1.769000000000000000e+03
9.720000000000000000e+02 1.795000000000000000e+03
9.800000000000000000e+02 1.826000000000000000e+03
9.990000000000000000e+02 1.854000000000000000e+03
1.032000000000000000e+03 1.742000000000000000e+03
1.041000000000000000e+03 1.735000000000000000e+03
1.049000000000000000e+03 1.728000000000000000e+03
1.105000000000000000e+03 1.663000000000000000e+03
1.306000000000000000e+03 1.534000000000000000e+03
9.340000000000000000e+02 1.175000000000000000e+03
9.560000000000000000e+02 1.073000000000000000e+03
9.870000000000000000e+02 1.082000000000000000e+03
1.022000000000000000e+03 1.748000000000000000e+03
1.315000000000000000e+03 1.680000000000000000e+03
9.120000000000000000e+02 1.069000000000000000e+03
1.029000000000000000e+03 1.909000000000000000e+03
9.030000000000000000e+02 1.196000000000000000e+03
9.720000000000000000e+02 1.319000000000000000e+03
9.500000000000000000e+02 1.941000000000000000e+03
1.142000000000000000e+03 1.803000000000000000e+03
1.074000000000000000e+03 1.480000000000000000e+03
1.092000000000000000e+03 1.864000000000000000e+03
1.189000000000000000e+03 1.475000000000000000e+03
1.120000000000000000e+03 1.540000000000000000e+03
1.232000000000000000e+03 1.573000000000000000e+03
9.690000000000000000e+02 2.009000000000000000e+03
1.003000000000000000e+03 1.354000000000000000e+03
1.191000000000000000e+03 1.849000000000000000e+03
1.126000000000000000e+03 1.913000000000000000e+03
1.180000000000000000e+03 1.730000000000000000e+03
1.368000000000000000e+03 1.612000000000000000e+03
1.248000000000000000e+03 1.741000000000000000e+03
1.404000000000000000e+03 1.666000000000000000e+03
1.159000000000000000e+03 1.620000000000000000e+03
9.670000000000000000e+02 1.269000000000000000e+03
9.710000000000000000e+02 1.424000000000000000e+03
1.000000000000000000e+03 1.443000000000000000e+03
9.510000000000000000e+02 1.384000000000000000e+03
9.900000000000000000e+02 1.021000000000000000e+03
1.067000000000000000e+03 9.810000000000000000e+02
1.137000000000000000e+03 9.730000000000000000e+02
1.198000000000000000e+03 9.870000000000000000e+02
1.242000000000000000e+03 1.019000000000000000e+03
1.281000000000000000e+03 1.131000000000000000e+03
1.449000000000000000e+03 1.295000000000000000e+03
1.249000000000000000e+03 1.204000000000000000e+03
1.200000000000000000e+03 1.217000000000000000e+03
1.134000000000000000e+03 1.217000000000000000e+03
1.071000000000000000e+03 1.204000000000000000e+03
1.019000000000000000e+03 1.185000000000000000e+03
9.830000000000000000e+02 1.165000000000000000e+03
1.455000000000000000e+03 1.311000000000000000e+03
9.990000000000000000e+02 1.460000000000000000e+03
9.380000000000000000e+02 1.277000000000000000e+03
9.390000000000000000e+02 1.425000000000000000e+03
9.120000000000000000e+02 1.455000000000000000e+03
9.370000000000000000e+02 1.436000000000000000e+03
9.860000000000000000e+02 1.478000000000000000e+03
9.030000000000000000e+02 1.459000000000000000e+03
8.980000000000000000e+02 1.473000000000000000e+03
9.790000000000000000e+02 1.121000000000000000e+03
9.540000000000000000e+02 1.132000000000000000e+03
9.380000000000000000e+02 1.138000000000000000e+03
1.205000000000000000e+03 1.097000000000000000e+03
1.240000000000000000e+03 1.070000000000000000e+03
5.840000000000000000e+02 1.085000000000000000e+03
6.370000000000000000e+02 1.084000000000000000e+03
5.830000000000000000e+02 1.037000000000000000e+03
5.300000000000000000e+02 1.087000000000000000e+03
5.830000000000000000e+02 1.134000000000000000e+03
1.117000000000000000e+03 1.096000000000000000e+03
1.168000000000000000e+03 1.095000000000000000e+03
1.116000000000000000e+03 1.046000000000000000e+03
1.067000000000000000e+03 1.097000000000000000e+03
1.119000000000000000e+03 1.147000000000000000e+03
0.000000000000000000e+00 0.000000000000000000e+00
1.749000000000000000e+03 0.000000000000000000e+00
1.749000000000000000e+03 2.187000000000000000e+03
0.000000000000000000e+00 2.187000000000000000e+03
8.700000000000000000e+01 0.000000000000000000e+00
8.700000000000000000e+01 2.187000000000000000e+03
0.000000000000000000e+00 1.090000000000000000e+02
1.749000000000000000e+03 1.090000000000000000e+02
1.750000000000000000e+02 0.000000000000000000e+00
1.750000000000000000e+02 2.187000000000000000e+03
0.000000000000000000e+00 2.180000000000000000e+02
1.749000000000000000e+03 2.180000000000000000e+02
2.620000000000000000e+02 0.000000000000000000e+00
2.620000000000000000e+02 2.187000000000000000e+03
0.000000000000000000e+00 3.280000000000000000e+02
1.749000000000000000e+03 3.280000000000000000e+02
3.500000000000000000e+02 0.000000000000000000e+00
3.500000000000000000e+02 2.187000000000000000e+03
0.000000000000000000e+00 4.370000000000000000e+02
1.749000000000000000e+03 4.370000000000000000e+02
4.370000000000000000e+02 0.000000000000000000e+00
4.370000000000000000e+02 2.187000000000000000e+03
0.000000000000000000e+00 5.470000000000000000e+02
1.749000000000000000e+03 5.470000000000000000e+02
5.250000000000000000e+02 0.000000000000000000e+00
5.250000000000000000e+02 2.187000000000000000e+03
0.000000000000000000e+00 6.560000000000000000e+02
1.749000000000000000e+03 6.560000000000000000e+02
6.120000000000000000e+02 0.000000000000000000e+00
6.120000000000000000e+02 2.187000000000000000e+03
0.000000000000000000e+00 7.650000000000000000e+02
1.749000000000000000e+03 7.650000000000000000e+02
7.000000000000000000e+02 0.000000000000000000e+00
7.000000000000000000e+02 2.187000000000000000e+03
0.000000000000000000e+00 8.750000000000000000e+02
1.749000000000000000e+03 8.750000000000000000e+02
7.870000000000000000e+02 0.000000000000000000e+00
7.870000000000000000e+02 2.187000000000000000e+03
0.000000000000000000e+00 9.840000000000000000e+02
1.749000000000000000e+03 9.840000000000000000e+02
8.750000000000000000e+02 0.000000000000000000e+00
8.750000000000000000e+02 2.187000000000000000e+03
0.000000000000000000e+00 1.094000000000000000e+03
1.749000000000000000e+03 1.094000000000000000e+03
9.620000000000000000e+02 0.000000000000000000e+00
9.620000000000000000e+02 2.187000000000000000e+03
0.000000000000000000e+00 1.203000000000000000e+03
1.749000000000000000e+03 1.203000000000000000e+03
1.050000000000000000e+03 0.000000000000000000e+00
1.050000000000000000e+03 2.187000000000000000e+03
0.000000000000000000e+00 1.312000000000000000e+03
1.749000000000000000e+03 1.312000000000000000e+03
1.137000000000000000e+03 0.000000000000000000e+00
1.137000000000000000e+03 2.187000000000000000e+03
0.000000000000000000e+00 1.422000000000000000e+03
1.749000000000000000e+03 1.422000000000000000e+03
1.225000000000000000e+03 0.000000000000000000e+00
1.225000000000000000e+03 2.187000000000000000e+03
0.000000000000000000e+00 1.531000000000000000e+03
1.749000000000000000e+03 1.531000000000000000e+03
1.312000000000000000e+03 0.000000000000000000e+00
1.312000000000000000e+03 2.187000000000000000e+03
0.000000000000000000e+00 1.641000000000000000e+03
1.749000000000000000e+03 1.641000000000000000e+03
1.400000000000000000e+03 0.000000000000000000e+00
1.400000000000000000e+03 2.187000000000000000e+03
0.000000000000000000e+00 1.750000000000000000e+03
1.749000000000000000e+03 1.750000000000000000e+03
1.487000000000000000e+03 0.000000000000000000e+00
1.487000000000000000e+03 2.187000000000000000e+03
0.000000000000000000e+00 1.859000000000000000e+03
1.749000000000000000e+03 1.859000000000000000e+03
1.575000000000000000e+03 0.000000000000000000e+00
1.575000000000000000e+03 2.187000000000000000e+03
0.000000000000000000e+00 1.969000000000000000e+03
1.749000000000000000e+03 1.969000000000000000e+03
1.662000000000000000e+03 0.000000000000000000e+00
1.662000000000000000e+03 2.187000000000000000e+03
0.000000000000000000e+00 2.078000000000000000e+03
1.749000000000000000e+03 2.078000000000000000e+03
