8.140000000000000000e+02 1.511000000000000000e+03
8.100000000000000000e+02 1.381000000000000000e+03
8.090000000000000000e+02 1.414000000000000000e+03
7.730000000000000000e+02 1.232000000000000000e+03
8.090000000000000000e+02 1.337000000000000000e+03
8.070000000000000000e+02 1.277000000000000000e+03
8.040000000000000000e+02 1.129000000000000000e+03
5.340000000000000000e+02 1.086000000000000000e+03
8.010000000000000000e+02 1.018000000000000000e+03
8.000000000000000000e+02 9.630000000000000000e+02
7.950000000000000000e+02 7.460000000000000000e+02
8.130000000000000000e+02 1.529000000000000000e+03
8.120000000000000000e+02 1.546000000000000000e+03
8.110000000000000000e+02 1.558000000000000000e+03
8.100000000000000000e+02 1.557000000000000000e+03
8.110000000000000000e+02 1.579000000000000000e+03
8.110000000000000000e+02 1.606000000000000000e+03
8.110000000000000000e+02 1.634000000000000000e+03
8.100000000000000000e+02 1.661000000000000000e+03
8.100000000000000000e+02 1.400000000000000000e+03
7.720000000000000000e+02 1.397000000000000000e+03
3.780000000000000000e+02 9.200000000000000000e+02
6.560000000000000000e+02 1.127000000000000000e+03
6.130000000000000000e+02 1.131000000000000000e+03
5.720000000000000000e+02 1.130000000000000000e+03
5.200000000000000000e+02 1.101000000000000000e+03
6.910000000000000000e+02 1.118000000000000000e+03
5.770000000000000000e+02 1.004000000000000000e+03
6.290000000000000000e+02 1.008000000000000000e+03
5.340000000000000000e+02 1.014000000000000000e+03
5.100000000000000000e+02 1.033000000000000000e+03
4.860000000000000000e+02 1.131000000000000000e+03
6.690000000000000000e+02 1.725000000000000000e+03
5.190000000000000000e+02 1.072000000000000000e+03
3.550000000000000000e+02 1.109000000000000000e+03
4.390000000000000000e+02 1.097000000000000000e+03
6.150000000000000000e+02 1.325000000000000000e+03
7.630000000000000000e+02 1.499000000000000000e+03
7.680000000000000000e+02 1.542000000000000000e+03
7.130000000000000000e+02 1.511000000000000000e+03
6.790000000000000000e+02 1.525000000000000000e+03
7.280000000000000000e+02 1.541000000000000000e+03
6.960000000000000000e+02 1.543000000000000000e+03
6.360000000000000000e+02 1.590000000000000000e+03
7.780000000000000000e+02 1.380000000000000000e+03
7.720000000000000000e+02 1.338000000000000000e+03
4.470000000000000000e+02 1.004000000000000000e+03
6.920000000000000000e+02 1.215000000000000000e+03
6.920000000000000000e+02 1.359000000000000000e+03
6.880000000000000000e+02 1.334000000000000000e+03
4.970000000000000000e+02 1.317000000000000000e+03
7.720000000000000000e+02 1.281000000000000000e+03
5.300000000000000000e+02 9.630000000000000000e+02
4.790000000000000000e+02 9.770000000000000000e+02
4.200000000000000000e+02 8.510000000000000000e+02
7.130000000000000000e+02 9.970000000000000000e+02
6.740000000000000000e+02 1.026000000000000000e+03
6.050000000000000000e+02 1.551000000000000000e+03
4.000000000000000000e+02 1.506000000000000000e+03
7.210000000000000000e+02 1.384000000000000000e+03
7.490000000000000000e+02 1.396000000000000000e+03
6.360000000000000000e+02 1.549000000000000000e+03
6.460000000000000000e+02 1.549000000000000000e+03
4.570000000000000000e+02 9.510000000000000000e+02
6.900000000000000000e+02 1.375000000000000000e+03
6.050000000000000000e+02 9.650000000000000000e+02
5.940000000000000000e+02 9.340000000000000000e+02
5.760000000000000000e+02 7.650000000000000000e+02
4.500000000000000000e+02 9.020000000000000000e+02
6.020000000000000000e+02 8.520000000000000000e+02
4.250000000000000000e+02 9.830000000000000000e+02
4.070000000000000000e+02 9.560000000000000000e+02
7.650000000000000000e+02 1.523000000000000000e+03
7.200000000000000000e+02 1.527000000000000000e+03
6.870000000000000000e+02 1.534000000000000000e+03
7.290000000000000000e+02 1.391000000000000000e+03
6.410000000000000000e+02 1.549000000000000000e+03
6.610000000000000000e+02 1.560000000000000000e+03
6.510000000000000000e+02 1.549000000000000000e+03
7.370000000000000000e+02 1.375000000000000000e+03
7.020000000000000000e+02 1.549000000000000000e+03
7.330000000000000000e+02 1.550000000000000000e+03
7.700000000000000000e+02 1.554000000000000000e+03
7.600000000000000000e+02 1.659000000000000000e+03
7.600000000000000000e+02 1.629000000000000000e+03
7.630000000000000000e+02 1.601000000000000000e+03
7.660000000000000000e+02 1.574000000000000000e+03
7.700000000000000000e+02 1.554000000000000000e+03
7.010000000000000000e+02 1.549000000000000000e+03
6.940000000000000000e+02 1.559000000000000000e+03
6.850000000000000000e+02 1.572000000000000000e+03
6.770000000000000000e+02 1.587000000000000000e+03
6.480000000000000000e+02 1.482000000000000000e+03
3.510000000000000000e+02 1.286000000000000000e+03
8.100000000000000000e+02 1.407000000000000000e+03
6.780000000000000000e+02 1.549000000000000000e+03
6.700000000000000000e+02 1.554000000000000000e+03
7.610000000000000000e+02 1.412000000000000000e+03
7.020000000000000000e+02 1.398000000000000000e+03
7.550000000000000000e+02 1.404000000000000000e+03
6.530000000000000000e+02 1.239000000000000000e+03
5.890000000000000000e+02 1.268000000000000000e+03
6.820000000000000000e+02 1.351000000000000000e+03
4.830000000000000000e+02 7.980000000000000000e+02
5.120000000000000000e+02 8.660000000000000000e+02
5.130000000000000000e+02 9.320000000000000000e+02
6.680000000000000000e+02 1.618000000000000000e+03
6.930000000000000000e+02 9.450000000000000000e+02
6.930000000000000000e+02 8.520000000000000000e+02
6.770000000000000000e+02 7.500000000000000000e+02
5.390000000000000000e+02 1.120000000000000000e+03
4.440000000000000000e+02 1.161000000000000000e+03
7.130000000000000000e+02 1.108000000000000000e+03
4.740000000000000000e+02 1.051000000000000000e+03
7.180000000000000000e+02 1.189000000000000000e+03
7.130000000000000000e+02 1.348000000000000000e+03
3.920000000000000000e+02 1.199000000000000000e+03
4.710000000000000000e+02 1.198000000000000000e+03
5.230000000000000000e+02 1.220000000000000000e+03
6.020000000000000000e+02 1.212000000000000000e+03
6.600000000000000000e+02 1.193000000000000000e+03
7.000000000000000000e+02 1.174000000000000000e+03
7.670000000000000000e+02 1.138000000000000000e+03
4.000000000000000000e+02 1.293000000000000000e+03
4.400000000000000000e+02 1.045000000000000000e+03
7.900000000000000000e+02 1.399000000000000000e+03
6.970000000000000000e+02 1.261000000000000000e+03
3.430000000000000000e+02 1.094000000000000000e+03
7.290000000000000000e+02 1.155000000000000000e+03
6.780000000000000000e+02 1.352000000000000000e+03
5.030000000000000000e+02 1.074000000000000000e+03
7.110000000000000000e+02 1.317000000000000000e+03
3.680000000000000000e+02 1.394000000000000000e+03
7.120000000000000000e+02 1.092000000000000000e+03
7.400000000000000000e+02 1.294000000000000000e+03
4.930000000000000000e+02 1.626000000000000000e+03
4.940000000000000000e+02 1.669000000000000000e+03
3.560000000000000000e+02 1.293000000000000000e+03
4.410000000000000000e+02 1.565000000000000000e+03
3.790000000000000000e+02 1.025000000000000000e+03
6.600000000000000000e+02 1.767000000000000000e+03
7.940000000000000000e+02 1.406000000000000000e+03
6.630000000000000000e+02 1.291000000000000000e+03
4.070000000000000000e+02 1.100000000000000000e+03
5.740000000000000000e+02 1.104000000000000000e+03
6.110000000000000000e+02 1.107000000000000000e+03
6.530000000000000000e+02 1.567000000000000000e+03
4.100000000000000000e+02 1.379000000000000000e+03
7.330000000000000000e+02 1.824000000000000000e+03
6.130000000000000000e+02 1.766000000000000000e+03
5.580000000000000000e+02 1.727000000000000000e+03
7.970000000000000000e+02 8.530000000000000000e+02
8.150000000000000000e+02 1.831000000000000000e+03
6.470000000000000000e+02 1.104000000000000000e+03
6.810000000000000000e+02 1.097000000000000000e+03
7.030000000000000000e+02 1.094000000000000000e+03
4.130000000000000000e+02 1.032000000000000000e+03
6.730000000000000000e+02 1.054000000000000000e+03
6.330000000000000000e+02 1.039000000000000000e+03
5.930000000000000000e+02 1.038000000000000000e+03
5.570000000000000000e+02 1.046000000000000000e+03
5.370000000000000000e+02 1.058000000000000000e+03
3.530000000000000000e+02 9.970000000000000000e+02
5.500000000000000000e+02 1.096000000000000000e+03
8.090000000000000000e+02 1.446000000000000000e+03
6.860000000000000000e+02 1.460000000000000000e+03
7.210000000000000000e+02 1.379000000000000000e+03
7.570000000000000000e+02 1.449000000000000000e+03
8.020000000000000000e+02 1.071000000000000000e+03
5.490000000000000000e+02 1.682000000000000000e+03
6.030000000000000000e+02 1.724000000000000000e+03
7.300000000000000000e+02 1.796000000000000000e+03
4.440000000000000000e+02 1.599000000000000000e+03
7.000000000000000000e+02 1.077000000000000000e+03
7.440000000000000000e+02 1.207000000000000000e+03
8.130000000000000000e+02 1.803000000000000000e+03
6.690000000000000000e+02 1.800000000000000000e+03
3.710000000000000000e+02 1.389000000000000000e+03
7.330000000000000000e+02 1.550000000000000000e+03
7.260000000000000000e+02 1.567000000000000000e+03
7.190000000000000000e+02 1.587000000000000000e+03
7.140000000000000000e+02 1.612000000000000000e+03
7.090000000000000000e+02 1.643000000000000000e+03
6.690000000000000000e+02 1.545000000000000000e+03
6.610000000000000000e+02 1.542000000000000000e+03
6.530000000000000000e+02 1.537000000000000000e+03
6.200000000000000000e+02 1.514000000000000000e+03
4.660000000000000000e+02 1.408000000000000000e+03
7.430000000000000000e+02 1.160000000000000000e+03
7.330000000000000000e+02 1.063000000000000000e+03
7.130000000000000000e+02 1.064000000000000000e+03
6.780000000000000000e+02 1.549000000000000000e+03
4.620000000000000000e+02 1.508000000000000000e+03
7.600000000000000000e+02 1.069000000000000000e+03
6.870000000000000000e+02 1.683000000000000000e+03
8.060000000000000000e+02 1.226000000000000000e+03
7.700000000000000000e+02 1.187000000000000000e+03
8.050000000000000000e+02 1.179000000000000000e+03
7.200000000000000000e+02 1.276000000000000000e+03
8.120000000000000000e+02 1.761000000000000000e+03
8.110000000000000000e+02 1.708000000000000000e+03
7.480000000000000000e+02 1.705000000000000000e+03
5.970000000000000000e+02 1.607000000000000000e+03
6.440000000000000000e+02 1.384000000000000000e+03
6.380000000000000000e+02 1.651000000000000000e+03
5.530000000000000000e+02 1.376000000000000000e+03
6.070000000000000000e+02 1.426000000000000000e+03
5.200000000000000000e+02 1.444000000000000000e+03
7.350000000000000000e+02 1.755000000000000000e+03
6.990000000000000000e+02 1.298000000000000000e+03
5.630000000000000000e+02 1.637000000000000000e+03
6.150000000000000000e+02 1.684000000000000000e+03
5.640000000000000000e+02 1.555000000000000000e+03
4.220000000000000000e+02 1.452000000000000000e+03
5.130000000000000000e+02 1.559000000000000000e+03
3.960000000000000000e+02 1.479000000000000000e+03
5.770000000000000000e+02 1.481000000000000000e+03
7.210000000000000000e+02 1.233000000000000000e+03
7.260000000000000000e+02 1.368000000000000000e+03
7.040000000000000000e+02 1.374000000000000000e+03
7.400000000000000000e+02 1.342000000000000000e+03
6.950000000000000000e+02 1.021000000000000000e+03
6.200000000000000000e+02 9.950000000000000000e+02
5.570000000000000000e+02 9.930000000000000000e+02
5.100000000000000000e+02 1.003000000000000000e+03
4.830000000000000000e+02 1.022000000000000000e+03
4.760000000000000000e+02 1.086000000000000000e+03
3.500000000000000000e+02 1.200000000000000000e+03
5.090000000000000000e+02 1.152000000000000000e+03
5.500000000000000000e+02 1.169000000000000000e+03
6.060000000000000000e+02 1.168000000000000000e+03
6.590000000000000000e+02 1.156000000000000000e+03
6.980000000000000000e+02 1.143000000000000000e+03
7.240000000000000000e+02 1.132000000000000000e+03
3.460000000000000000e+02 1.188000000000000000e+03
7.050000000000000000e+02 1.384000000000000000e+03
7.450000000000000000e+02 1.250000000000000000e+03
7.500000000000000000e+02 1.373000000000000000e+03
7.690000000000000000e+02 1.392000000000000000e+03
7.500000000000000000e+02 1.379000000000000000e+03
7.150000000000000000e+02 1.394000000000000000e+03
7.770000000000000000e+02 1.396000000000000000e+03
7.810000000000000000e+02 1.403000000000000000e+03
7.250000000000000000e+02 1.095000000000000000e+03
7.430000000000000000e+02 1.110000000000000000e+03
7.500000000000000000e+02 1.123000000000000000e+03
5.260000000000000000e+02 1.066000000000000000e+03
4.970000000000000000e+02 1.051000000000000000e+03
8.390000000000000000e+02 1.231000000000000000e+03
1.081000000000000000e+03 1.085000000000000000e+03
8.480000000000000000e+02 1.396000000000000000e+03
1.215000000000000000e+03 9.080000000000000000e+02
9.670000000000000000e+02 1.126000000000000000e+03
1.006000000000000000e+03 1.129000000000000000e+03
1.044000000000000000e+03 1.128000000000000000e+03
1.095000000000000000e+03 1.098000000000000000e+03
9.350000000000000000e+02 1.118000000000000000e+03
1.027000000000000000e+03 9.990000000000000000e+02
9.790000000000000000e+02 1.005000000000000000e+03
1.070000000000000000e+03 1.006000000000000000e+03
1.097000000000000000e+03 1.024000000000000000e+03
1.125000000000000000e+03 1.126000000000000000e+03
9.570000000000000000e+02 1.720000000000000000e+03
1.096000000000000000e+03 1.070000000000000000e+03
1.254000000000000000e+03 1.095000000000000000e+03
1.168000000000000000e+03 1.090000000000000000e+03
1.002000000000000000e+03 1.320000000000000000e+03
8.620000000000000000e+02 1.501000000000000000e+03
8.540000000000000000e+02 1.545000000000000000e+03
9.070000000000000000e+02 1.515000000000000000e+03
9.350000000000000000e+02 1.531000000000000000e+03
8.900000000000000000e+02 1.546000000000000000e+03
9.160000000000000000e+02 1.549000000000000000e+03
9.780000000000000000e+02 1.585000000000000000e+03
8.410000000000000000e+02 1.379000000000000000e+03
8.450000000000000000e+02 1.336000000000000000e+03
1.144000000000000000e+03 9.930000000000000000e+02
9.200000000000000000e+02 1.211000000000000000e+03
9.270000000000000000e+02 1.356000000000000000e+03
9.300000000000000000e+02 1.331000000000000000e+03
1.121000000000000000e+03 1.309000000000000000e+03
8.420000000000000000e+02 1.280000000000000000e+03
1.054000000000000000e+03 9.560000000000000000e+02
1.107000000000000000e+03 9.670000000000000000e+02
1.168000000000000000e+03 8.420000000000000000e+02
8.840000000000000000e+02 9.970000000000000000e+02
9.390000000000000000e+02 1.027000000000000000e+03
1.007000000000000000e+03 1.546000000000000000e+03
1.238000000000000000e+03 1.494000000000000000e+03
8.990000000000000000e+02 1.381000000000000000e+03
8.700000000000000000e+02 1.394000000000000000e+03
9.660000000000000000e+02 1.560000000000000000e+03
9.560000000000000000e+02 1.559000000000000000e+03
1.126000000000000000e+03 9.400000000000000000e+02
9.280000000000000000e+02 1.372000000000000000e+03
9.820000000000000000e+02 9.620000000000000000e+02
9.880000000000000000e+02 9.300000000000000000e+02
1.014000000000000000e+03 7.610000000000000000e+02
1.141000000000000000e+03 8.930000000000000000e+02
9.910000000000000000e+02 8.480000000000000000e+02
1.166000000000000000e+03 9.720000000000000000e+02
1.189000000000000000e+03 9.450000000000000000e+02
8.600000000000000000e+02 1.525000000000000000e+03
8.990000000000000000e+02 1.532000000000000000e+03
9.260000000000000000e+02 1.541000000000000000e+03
8.900000000000000000e+02 1.388000000000000000e+03
9.610000000000000000e+02 1.560000000000000000e+03
9.450000000000000000e+02 1.569000000000000000e+03
9.510000000000000000e+02 1.559000000000000000e+03
8.820000000000000000e+02 1.373000000000000000e+03
9.080000000000000000e+02 1.555000000000000000e+03
8.820000000000000000e+02 1.554000000000000000e+03
8.490000000000000000e+02 1.556000000000000000e+03
8.590000000000000000e+02 1.658000000000000000e+03
8.600000000000000000e+02 1.631000000000000000e+03
8.570000000000000000e+02 1.603000000000000000e+03
8.530000000000000000e+02 1.576000000000000000e+03
8.480000000000000000e+02 1.556000000000000000e+03
9.070000000000000000e+02 1.555000000000000000e+03
9.160000000000000000e+02 1.566000000000000000e+03
9.260000000000000000e+02 1.579000000000000000e+03
9.330000000000000000e+02 1.594000000000000000e+03
9.660000000000000000e+02 1.478000000000000000e+03
1.274000000000000000e+03 1.273000000000000000e+03
9.270000000000000000e+02 1.556000000000000000e+03
9.360000000000000000e+02 1.562000000000000000e+03
8.580000000000000000e+02 1.410000000000000000e+03
9.160000000000000000e+02 1.395000000000000000e+03
8.640000000000000000e+02 1.403000000000000000e+03
9.600000000000000000e+02 1.234000000000000000e+03
1.026000000000000000e+03 1.262000000000000000e+03
9.360000000000000000e+02 1.348000000000000000e+03
1.105000000000000000e+03 7.910000000000000000e+02
1.078000000000000000e+03 8.590000000000000000e+02
1.066000000000000000e+03 9.240000000000000000e+02
9.480000000000000000e+02 1.614000000000000000e+03
8.950000000000000000e+02 9.430000000000000000e+02
9.010000000000000000e+02 8.490000000000000000e+02
9.140000000000000000e+02 7.480000000000000000e+02
1.077000000000000000e+03 1.118000000000000000e+03
1.165000000000000000e+03 1.155000000000000000e+03
9.140000000000000000e+02 1.110000000000000000e+03
1.132000000000000000e+03 1.042000000000000000e+03
8.930000000000000000e+02 1.186000000000000000e+03
9.050000000000000000e+02 1.345000000000000000e+03
1.224000000000000000e+03 1.187000000000000000e+03
1.139000000000000000e+03 1.191000000000000000e+03
1.089000000000000000e+03 1.211000000000000000e+03
1.013000000000000000e+03 1.205000000000000000e+03
9.590000000000000000e+02 1.188000000000000000e+03
9.200000000000000000e+02 1.172000000000000000e+03
8.400000000000000000e+02 1.136000000000000000e+03
1.222000000000000000e+03 1.281000000000000000e+03
1.160000000000000000e+03 1.036000000000000000e+03
8.300000000000000000e+02 1.398000000000000000e+03
9.180000000000000000e+02 1.258000000000000000e+03
1.266000000000000000e+03 1.080000000000000000e+03
8.900000000000000000e+02 1.154000000000000000e+03
9.400000000000000000e+02 1.348000000000000000e+03
1.111000000000000000e+03 1.070000000000000000e+03
9.070000000000000000e+02 1.314000000000000000e+03
1.265000000000000000e+03 1.381000000000000000e+03
9.140000000000000000e+02 1.095000000000000000e+03
8.750000000000000000e+02 1.292000000000000000e+03
1.139000000000000000e+03 1.616000000000000000e+03
1.144000000000000000e+03 1.658000000000000000e+03
1.270000000000000000e+03 1.279000000000000000e+03
1.194000000000000000e+03 1.554000000000000000e+03
1.224000000000000000e+03 1.013000000000000000e+03
9.690000000000000000e+02 1.762000000000000000e+03
8.260000000000000000e+02 1.405000000000000000e+03
9.530000000000000000e+02 1.287000000000000000e+03
1.200000000000000000e+03 1.093000000000000000e+03
1.042000000000000000e+03 1.103000000000000000e+03
1.008000000000000000e+03 1.106000000000000000e+03
9.530000000000000000e+02 1.576000000000000000e+03
1.218000000000000000e+03 1.368000000000000000e+03
8.980000000000000000e+02 1.821000000000000000e+03
1.021000000000000000e+03 1.758000000000000000e+03
1.078000000000000000e+03 1.718000000000000000e+03
9.750000000000000000e+02 1.103000000000000000e+03
9.440000000000000000e+02 1.098000000000000000e+03
9.240000000000000000e+02 1.097000000000000000e+03
1.186000000000000000e+03 1.023000000000000000e+03
9.480000000000000000e+02 1.056000000000000000e+03
9.820000000000000000e+02 1.038000000000000000e+03
1.019000000000000000e+03 1.035000000000000000e+03
1.055000000000000000e+03 1.042000000000000000e+03
1.075000000000000000e+03 1.053000000000000000e+03
1.247000000000000000e+03 9.840000000000000000e+02
1.065000000000000000e+03 1.096000000000000000e+03
9.300000000000000000e+02 1.456000000000000000e+03
8.990000000000000000e+02 1.376000000000000000e+03
8.600000000000000000e+02 1.447000000000000000e+03
1.081000000000000000e+03 1.673000000000000000e+03
1.027000000000000000e+03 1.718000000000000000e+03
8.970000000000000000e+02 1.794000000000000000e+03
1.195000000000000000e+03 1.588000000000000000e+03
9.240000000000000000e+02 1.080000000000000000e+03
8.670000000000000000e+02 1.205000000000000000e+03
9.640000000000000000e+02 1.795000000000000000e+03
1.261000000000000000e+03 1.377000000000000000e+03
8.810000000000000000e+02 1.554000000000000000e+03
8.890000000000000000e+02 1.571000000000000000e+03
8.960000000000000000e+02 1.592000000000000000e+03
9.020000000000000000e+02 1.616000000000000000e+03
9.080000000000000000e+02 1.640000000000000000e+03
9.370000000000000000e+02 1.554000000000000000e+03
9.460000000000000000e+02 1.550000000000000000e+03
9.540000000000000000e+02 1.546000000000000000e+03
9.920000000000000000e+02 1.509000000000000000e+03
1.158000000000000000e+03 1.398000000000000000e+03
8.660000000000000000e+02 1.158000000000000000e+03
8.850000000000000000e+02 1.066000000000000000e+03
9.080000000000000000e+02 1.067000000000000000e+03
9.270000000000000000e+02 1.556000000000000000e+03
1.166000000000000000e+03 1.498000000000000000e+03
8.490000000000000000e+02 1.071000000000000000e+03
9.350000000000000000e+02 1.679000000000000000e+03
8.400000000000000000e+02 1.186000000000000000e+03
8.950000000000000000e+02 1.273000000000000000e+03
8.740000000000000000e+02 1.703000000000000000e+03
1.022000000000000000e+03 1.601000000000000000e+03
9.740000000000000000e+02 1.379000000000000000e+03
9.830000000000000000e+02 1.645000000000000000e+03
1.065000000000000000e+03 1.369000000000000000e+03
1.009000000000000000e+03 1.421000000000000000e+03
1.100000000000000000e+03 1.436000000000000000e+03
8.890000000000000000e+02 1.753000000000000000e+03
9.180000000000000000e+02 1.294000000000000000e+03
1.062000000000000000e+03 1.630000000000000000e+03
1.011000000000000000e+03 1.678000000000000000e+03
1.054000000000000000e+03 1.549000000000000000e+03
1.207000000000000000e+03 1.441000000000000000e+03
1.111000000000000000e+03 1.551000000000000000e+03
1.239000000000000000e+03 1.468000000000000000e+03
1.038000000000000000e+03 1.475000000000000000e+03
8.920000000000000000e+02 1.231000000000000000e+03
8.930000000000000000e+02 1.366000000000000000e+03
9.150000000000000000e+02 1.371000000000000000e+03
8.780000000000000000e+02 1.339000000000000000e+03
9.150000000000000000e+02 1.023000000000000000e+03
9.790000000000000000e+02 9.930000000000000000e+02
1.038000000000000000e+03 9.870000000000000000e+02
1.085000000000000000e+03 9.940000000000000000e+02
1.116000000000000000e+03 1.012000000000000000e+03
1.135000000000000000e+03 1.081000000000000000e+03
1.268000000000000000e+03 1.186000000000000000e+03
1.104000000000000000e+03 1.147000000000000000e+03
1.064000000000000000e+03 1.163000000000000000e+03
1.011000000000000000e+03 1.163000000000000000e+03
9.620000000000000000e+02 1.154000000000000000e+03
9.260000000000000000e+02 1.143000000000000000e+03
9.000000000000000000e+02 1.133000000000000000e+03
1.271000000000000000e+03 1.175000000000000000e+03
9.140000000000000000e+02 1.380000000000000000e+03
8.680000000000000000e+02 1.248000000000000000e+03
8.680000000000000000e+02 1.372000000000000000e+03
8.500000000000000000e+02 1.390000000000000000e+03
8.690000000000000000e+02 1.377000000000000000e+03
9.050000000000000000e+02 1.391000000000000000e+03
8.430000000000000000e+02 1.395000000000000000e+03
8.390000000000000000e+02 1.402000000000000000e+03
9.000000000000000000e+02 1.098000000000000000e+03
8.800000000000000000e+02 1.112000000000000000e+03
8.670000000000000000e+02 1.124000000000000000e+03
1.087000000000000000e+03 1.062000000000000000e+03
1.112000000000000000e+03 1.044000000000000000e+03
6.140000000000000000e+02 1.063000000000000000e+03
6.570000000000000000e+02 1.061000000000000000e+03
6.130000000000000000e+02 1.024000000000000000e+03
5.710000000000000000e+02 1.066000000000000000e+03
6.160000000000000000e+02 1.103000000000000000e+03
1.004000000000000000e+03 1.064000000000000000e+03
1.046000000000000000e+03 1.063000000000000000e+03
1.003000000000000000e+03 1.026000000000000000e+03
9.620000000000000000e+02 1.065000000000000000e+03
1.006000000000000000e+03 1.102000000000000000e+03
0.000000000000000000e+00 0.000000000000000000e+00
1.749000000000000000e+03 0.000000000000000000e+00
1.749000000000000000e+03 2.187000000000000000e+03
0.000000000000000000e+00 2.187000000000000000e+03
8.700000000000000000e+01 0.000000000000000000e+00
8.700000000000000000e+01 2.187000000000000000e+03
0.000000000000000000e+00 1.090000000000000000e+02
1.749000000000000000e+03 1.090000000000000000e+02
1.750000000000000000e+02 0.000000000000000000e+00
1.750000000000000000e+02 2.187000000000000000e+03
0.000000000000000000e+00 2.180000000000000000e+02
1.749000000000000000e+03 2.180000000000000000e+02
2.620000000000000000e+02 0.000000000000000000e+00
2.620000000000000000e+02 2.187000000000000000e+03
0.000000000000000000e+00 3.280000000000000000e+02
1.749000000000000000e+03 3.280000000000000000e+02
3.500000000000000000e+02 0.000000000000000000e+00
3.500000000000000000e+02 2.187000000000000000e+03
0.000000000000000000e+00 4.370000000000000000e+02
1.749000000000000000e+03 4.370000000000000000e+02
4.370000000000000000e+02 0.000000000000000000e+00
4.370000000000000000e+02 2.187000000000000000e+03
0.000000000000000000e+00 5.470000000000000000e+02
1.749000000000000000e+03 5.470000000000000000e+02
5.250000000000000000e+02 0.000000000000000000e+00
5.250000000000000000e+02 2.187000000000000000e+03
0.000000000000000000e+00 6.560000000000000000e+02
1.749000000000000000e+03 6.560000000000000000e+02
6.120000000000000000e+02 0.000000000000000000e+00
6.120000000000000000e+02 2.187000000000000000e+03
0.000000000000000000e+00 7.650000000000000000e+02
1.749000000000000000e+03 7.650000000000000000e+02
7.000000000000000000e+02 0.000000000000000000e+00
7.000000000000000000e+02 2.187000000000000000e+03
0.000000000000000000e+00 8.750000000000000000e+02
1.749000000000000000e+03 8.750000000000000000e+02
7.870000000000000000e+02 0.000000000000000000e+00
7.870000000000000000e+02 2.187000000000000000e+03
0.000000000000000000e+00 9.840000000000000000e+02
1.749000000000000000e+03 9.840000000000000000e+02
8.750000000000000000e+02 0.000000000000000000e+00
8.750000000000000000e+02 2.187000000000000000e+03
0.000000000000000000e+00 1.094000000000000000e+03
1.749000000000000000e+03 1.094000000000000000e+03
9.620000000000000000e+02 0.000000000000000000e+00
9.620000000000000000e+02 2.187000000000000000e+03
0.000000000000000000e+00 1.203000000000000000e+03
1.749000000000000000e+03 1.203000000000000000e+03
1.050000000000000000e+03 0.000000000000000000e+00
1.050000000000000000e+03 2.187000000000000000e+03
0.000000000000000000e+00 1.312000000000000000e+03
1.749000000000000000e+03 1.312000000000000000e+03
1.137000000000000000e+03 0.000000000000000000e+00
1.137000000000000000e+03 2.187000000000000000e+03
0.000000000000000000e+00 1.422000000000000000e+03
1.749000000000000000e+03 1.422000000000000000e+03
1.225000000000000000e+03 0.000000000000000000e+00
1.225000000000000000e+03 2.187000000000000000e+03
0.000000000000000000e+00 1.531000000000000000e+03
1.749000000000000000e+03 1.531000000000000000e+03
1.312000000000000000e+03 0.000000000000000000e+00
1.312000000000000000e+03 2.187000000000000000e+03
0.000000000000000000e+00 1.641000000000000000e+03
1.749000000000000000e+03 1.641000000000000000e+03
1.400000000000000000e+03 0.000000000000000000e+00
1.400000000000000000e+03 2.187000000000000000e+03
0.000000000000000000e+00 1.750000000000000000e+03
1.749000000000000000e+03 1.750000000000000000e+03
1.487000000000000000e+03 0.000000000000000000e+00
1.487000000000000000e+03 2.187000000000000000e+03
0.000000000000000000e+00 1.859000000000000000e+03
1.749000000000000000e+03 1.859000000000000000e+03
1.575000000000000000e+03 0.000000000000000000e+00
1.575000000000000000e+03 2.187000000000000000e+03
0.000000000000000000e+00 1.969000000000000000e+03
1.749000000000000000e+03 1.969000000000000000e+03
1.662000000000000000e+03 0.000000000000000000e+00
1.662000000000000000e+03 2.187000000000000000e+03
0.000000000000000000e+00 2.078000000000000000e+03
1.749000000000000000e+03 2.078000000000000000e+03
