8.580000000000000000e+02 1.439000000000000000e+03
8.470000000000000000e+02 1.307000000000000000e+03
8.480000000000000000e+02 1.336000000000000000e+03
8.130000000000000000e+02 1.164000000000000000e+03
8.470000000000000000e+02 1.266000000000000000e+03
8.460000000000000000e+02 1.208000000000000000e+03
8.450000000000000000e+02 1.065000000000000000e+03
5.820000000000000000e+02 1.041000000000000000e+03
8.440000000000000000e+02 9.830000000000000000e+02
8.430000000000000000e+02 9.330000000000000000e+02
8.440000000000000000e+02 7.090000000000000000e+02
8.580000000000000000e+02 1.450000000000000000e+03
8.580000000000000000e+02 1.460000000000000000e+03
8.580000000000000000e+02 1.466000000000000000e+03
8.570000000000000000e+02 1.480000000000000000e+03
8.580000000000000000e+02 1.495000000000000000e+03
8.590000000000000000e+02 1.514000000000000000e+03
8.590000000000000000e+02 1.534000000000000000e+03
8.520000000000000000e+02 1.586000000000000000e+03
8.480000000000000000e+02 1.325000000000000000e+03
8.080000000000000000e+02 1.319000000000000000e+03
4.500000000000000000e+02 8.830000000000000000e+02
6.880000000000000000e+02 1.069000000000000000e+03
6.530000000000000000e+02 1.074000000000000000e+03
6.180000000000000000e+02 1.075000000000000000e+03
5.690000000000000000e+02 1.054000000000000000e+03
7.170000000000000000e+02 1.060000000000000000e+03
6.270000000000000000e+02 9.730000000000000000e+02
6.700000000000000000e+02 9.760000000000000000e+02
5.890000000000000000e+02 9.810000000000000000e+02
5.650000000000000000e+02 9.950000000000000000e+02
5.420000000000000000e+02 1.078000000000000000e+03
7.150000000000000000e+02 1.640000000000000000e+03
5.670000000000000000e+02 1.030000000000000000e+03
4.400000000000000000e+02 1.055000000000000000e+03
5.000000000000000000e+02 1.052000000000000000e+03
6.630000000000000000e+02 1.247000000000000000e+03
8.100000000000000000e+02 1.431000000000000000e+03
8.150000000000000000e+02 1.458000000000000000e+03
7.650000000000000000e+02 1.441000000000000000e+03
7.330000000000000000e+02 1.451000000000000000e+03
7.770000000000000000e+02 1.458000000000000000e+03
7.480000000000000000e+02 1.461000000000000000e+03
6.790000000000000000e+02 1.497000000000000000e+03
8.150000000000000000e+02 1.305000000000000000e+03
8.090000000000000000e+02 1.265000000000000000e+03
5.180000000000000000e+02 9.730000000000000000e+02
7.370000000000000000e+02 1.146000000000000000e+03
7.230000000000000000e+02 1.279000000000000000e+03
7.220000000000000000e+02 1.255000000000000000e+03
5.580000000000000000e+02 1.237000000000000000e+03
8.110000000000000000e+02 1.211000000000000000e+03
6.040000000000000000e+02 9.410000000000000000e+02
5.520000000000000000e+02 9.510000000000000000e+02
4.820000000000000000e+02 8.170000000000000000e+02
7.650000000000000000e+02 9.730000000000000000e+02
7.070000000000000000e+02 9.900000000000000000e+02
6.490000000000000000e+02 1.456000000000000000e+03
4.870000000000000000e+02 1.425000000000000000e+03
7.500000000000000000e+02 1.303000000000000000e+03
7.810000000000000000e+02 1.316000000000000000e+03
6.930000000000000000e+02 1.467000000000000000e+03
7.020000000000000000e+02 1.467000000000000000e+03
5.340000000000000000e+02 9.280000000000000000e+02
7.200000000000000000e+02 1.293000000000000000e+03
6.740000000000000000e+02 9.460000000000000000e+02
6.670000000000000000e+02 9.180000000000000000e+02
6.290000000000000000e+02 7.290000000000000000e+02
5.090000000000000000e+02 8.690000000000000000e+02
6.540000000000000000e+02 8.170000000000000000e+02
4.970000000000000000e+02 9.550000000000000000e+02
4.740000000000000000e+02 9.200000000000000000e+02
8.120000000000000000e+02 1.446000000000000000e+03
7.710000000000000000e+02 1.450000000000000000e+03
7.400000000000000000e+02 1.456000000000000000e+03
7.580000000000000000e+02 1.309000000000000000e+03
6.970000000000000000e+02 1.467000000000000000e+03
7.160000000000000000e+02 1.477000000000000000e+03
7.070000000000000000e+02 1.468000000000000000e+03
7.710000000000000000e+02 1.296000000000000000e+03
7.540000000000000000e+02 1.465000000000000000e+03
7.830000000000000000e+02 1.463000000000000000e+03
8.180000000000000000e+02 1.464000000000000000e+03
8.010000000000000000e+02 1.582000000000000000e+03
8.090000000000000000e+02 1.531000000000000000e+03
8.110000000000000000e+02 1.511000000000000000e+03
8.140000000000000000e+02 1.492000000000000000e+03
8.180000000000000000e+02 1.478000000000000000e+03
7.540000000000000000e+02 1.472000000000000000e+03
7.470000000000000000e+02 1.479000000000000000e+03
7.390000000000000000e+02 1.488000000000000000e+03
7.320000000000000000e+02 1.500000000000000000e+03
6.890000000000000000e+02 1.395000000000000000e+03
4.440000000000000000e+02 1.224000000000000000e+03
8.480000000000000000e+02 1.331000000000000000e+03
7.320000000000000000e+02 1.470000000000000000e+03
7.240000000000000000e+02 1.473000000000000000e+03
7.950000000000000000e+02 1.332000000000000000e+03
7.340000000000000000e+02 1.315000000000000000e+03
7.880000000000000000e+02 1.324000000000000000e+03
7.000000000000000000e+02 1.167000000000000000e+03
6.420000000000000000e+02 1.193000000000000000e+03
7.150000000000000000e+02 1.270000000000000000e+03
5.390000000000000000e+02 7.640000000000000000e+02
5.670000000000000000e+02 8.330000000000000000e+02
5.910000000000000000e+02 9.130000000000000000e+02
7.110000000000000000e+02 1.529000000000000000e+03
7.530000000000000000e+02 9.270000000000000000e+02
7.430000000000000000e+02 8.130000000000000000e+02
7.280000000000000000e+02 7.120000000000000000e+02
5.870000000000000000e+02 1.068000000000000000e+03
5.070000000000000000e+02 1.104000000000000000e+03
7.360000000000000000e+02 1.051000000000000000e+03
5.330000000000000000e+02 1.011000000000000000e+03
7.620000000000000000e+02 1.122000000000000000e+03
7.470000000000000000e+02 1.270000000000000000e+03
4.710000000000000000e+02 1.134000000000000000e+03
5.330000000000000000e+02 1.133000000000000000e+03
5.800000000000000000e+02 1.149000000000000000e+03
6.480000000000000000e+02 1.142000000000000000e+03
6.980000000000000000e+02 1.125000000000000000e+03
7.330000000000000000e+02 1.108000000000000000e+03
8.090000000000000000e+02 1.074000000000000000e+03
4.780000000000000000e+02 1.217000000000000000e+03
5.060000000000000000e+02 1.008000000000000000e+03
8.270000000000000000e+02 1.323000000000000000e+03
7.380000000000000000e+02 1.188000000000000000e+03
4.310000000000000000e+02 1.046000000000000000e+03
7.600000000000000000e+02 1.090000000000000000e+03
7.130000000000000000e+02 1.269000000000000000e+03
5.530000000000000000e+02 1.032000000000000000e+03
7.460000000000000000e+02 1.241000000000000000e+03
4.600000000000000000e+02 1.322000000000000000e+03
7.340000000000000000e+02 1.038000000000000000e+03
7.780000000000000000e+02 1.222000000000000000e+03
5.620000000000000000e+02 1.531000000000000000e+03
5.660000000000000000e+02 1.575000000000000000e+03
4.490000000000000000e+02 1.223000000000000000e+03
5.190000000000000000e+02 1.473000000000000000e+03
4.560000000000000000e+02 9.800000000000000000e+02
7.080000000000000000e+02 1.682000000000000000e+03
8.310000000000000000e+02 1.329000000000000000e+03
7.050000000000000000e+02 1.216000000000000000e+03
4.720000000000000000e+02 1.056000000000000000e+03
6.190000000000000000e+02 1.053000000000000000e+03
6.510000000000000000e+02 1.053000000000000000e+03
7.090000000000000000e+02 1.483000000000000000e+03
4.870000000000000000e+02 1.298000000000000000e+03
7.760000000000000000e+02 1.740000000000000000e+03
6.640000000000000000e+02 1.678000000000000000e+03
6.180000000000000000e+02 1.635000000000000000e+03
8.430000000000000000e+02 8.150000000000000000e+02
8.550000000000000000e+02 1.748000000000000000e+03
6.800000000000000000e+02 1.048000000000000000e+03
7.080000000000000000e+02 1.042000000000000000e+03
7.260000000000000000e+02 1.040000000000000000e+03
4.820000000000000000e+02 9.970000000000000000e+02
7.010000000000000000e+02 1.011000000000000000e+03
6.690000000000000000e+02 1.000000000000000000e+03
6.360000000000000000e+02 9.990000000000000000e+02
6.040000000000000000e+02 1.006000000000000000e+03
5.850000000000000000e+02 1.016000000000000000e+03
4.350000000000000000e+02 9.550000000000000000e+02
5.980000000000000000e+02 1.048000000000000000e+03
8.480000000000000000e+02 1.367000000000000000e+03
7.240000000000000000e+02 1.375000000000000000e+03
7.500000000000000000e+02 1.298000000000000000e+03
7.940000000000000000e+02 1.368000000000000000e+03
8.440000000000000000e+02 1.020000000000000000e+03
6.090000000000000000e+02 1.590000000000000000e+03
6.560000000000000000e+02 1.637000000000000000e+03
7.740000000000000000e+02 1.713000000000000000e+03
5.250000000000000000e+02 1.510000000000000000e+03
7.240000000000000000e+02 1.027000000000000000e+03
7.860000000000000000e+02 1.139000000000000000e+03
8.550000000000000000e+02 1.721000000000000000e+03
7.150000000000000000e+02 1.715000000000000000e+03
4.630000000000000000e+02 1.312000000000000000e+03
7.830000000000000000e+02 1.474000000000000000e+03
7.760000000000000000e+02 1.486000000000000000e+03
7.710000000000000000e+02 1.501000000000000000e+03
7.670000000000000000e+02 1.519000000000000000e+03
7.500000000000000000e+02 1.560000000000000000e+03
7.240000000000000000e+02 1.464000000000000000e+03
7.160000000000000000e+02 1.462000000000000000e+03
7.100000000000000000e+02 1.459000000000000000e+03
6.620000000000000000e+02 1.422000000000000000e+03
5.320000000000000000e+02 1.323000000000000000e+03
7.860000000000000000e+02 1.095000000000000000e+03
7.630000000000000000e+02 1.017000000000000000e+03
7.390000000000000000e+02 1.017000000000000000e+03
7.310000000000000000e+02 1.467000000000000000e+03
5.300000000000000000e+02 1.418000000000000000e+03
7.950000000000000000e+02 1.022000000000000000e+03
7.320000000000000000e+02 1.597000000000000000e+03
8.450000000000000000e+02 1.159000000000000000e+03
8.110000000000000000e+02 1.121000000000000000e+03
8.450000000000000000e+02 1.113000000000000000e+03
7.590000000000000000e+02 1.203000000000000000e+03
8.540000000000000000e+02 1.679000000000000000e+03
8.530000000000000000e+02 1.629000000000000000e+03
7.900000000000000000e+02 1.624000000000000000e+03
6.460000000000000000e+02 1.513000000000000000e+03
6.840000000000000000e+02 1.301000000000000000e+03
6.860000000000000000e+02 1.560000000000000000e+03
6.070000000000000000e+02 1.293000000000000000e+03
6.530000000000000000e+02 1.341000000000000000e+03
5.770000000000000000e+02 1.356000000000000000e+03
7.790000000000000000e+02 1.672000000000000000e+03
7.360000000000000000e+02 1.222000000000000000e+03
6.180000000000000000e+02 1.544000000000000000e+03
6.660000000000000000e+02 1.595000000000000000e+03
6.160000000000000000e+02 1.461000000000000000e+03
4.980000000000000000e+02 1.367000000000000000e+03
5.740000000000000000e+02 1.465000000000000000e+03
4.840000000000000000e+02 1.395000000000000000e+03
6.260000000000000000e+02 1.390000000000000000e+03
7.630000000000000000e+02 1.163000000000000000e+03
7.590000000000000000e+02 1.289000000000000000e+03
7.340000000000000000e+02 1.294000000000000000e+03
7.760000000000000000e+02 1.267000000000000000e+03
7.330000000000000000e+02 9.880000000000000000e+02
6.720000000000000000e+02 9.680000000000000000e+02
6.180000000000000000e+02 9.640000000000000000e+02
5.750000000000000000e+02 9.700000000000000000e+02
5.450000000000000000e+02 9.860000000000000000e+02
5.310000000000000000e+02 1.043000000000000000e+03
4.390000000000000000e+02 1.138000000000000000e+03
5.630000000000000000e+02 1.095000000000000000e+03
6.010000000000000000e+02 1.107000000000000000e+03
6.490000000000000000e+02 1.105000000000000000e+03
6.940000000000000000e+02 1.094000000000000000e+03
7.270000000000000000e+02 1.082000000000000000e+03
7.500000000000000000e+02 1.072000000000000000e+03
4.360000000000000000e+02 1.134000000000000000e+03
7.340000000000000000e+02 1.302000000000000000e+03
7.850000000000000000e+02 1.180000000000000000e+03
7.870000000000000000e+02 1.297000000000000000e+03
8.060000000000000000e+02 1.314000000000000000e+03
7.860000000000000000e+02 1.301000000000000000e+03
7.440000000000000000e+02 1.312000000000000000e+03
8.150000000000000000e+02 1.320000000000000000e+03
8.180000000000000000e+02 1.326000000000000000e+03
7.470000000000000000e+02 1.041000000000000000e+03
7.680000000000000000e+02 1.053000000000000000e+03
7.810000000000000000e+02 1.063000000000000000e+03
5.750000000000000000e+02 1.024000000000000000e+03
5.510000000000000000e+02 1.011000000000000000e+03
8.770000000000000000e+02 1.164000000000000000e+03
1.106000000000000000e+03 1.047000000000000000e+03
8.870000000000000000e+02 1.318000000000000000e+03
1.244000000000000000e+03 8.810000000000000000e+02
1.003000000000000000e+03 1.078000000000000000e+03
1.038000000000000000e+03 1.081000000000000000e+03
1.073000000000000000e+03 1.080000000000000000e+03
1.120000000000000000e+03 1.060000000000000000e+03
9.740000000000000000e+02 1.071000000000000000e+03
1.063000000000000000e+03 9.790000000000000000e+02
1.020000000000000000e+03 9.830000000000000000e+02
1.101000000000000000e+03 9.860000000000000000e+02
1.125000000000000000e+03 1.000000000000000000e+03
1.148000000000000000e+03 1.082000000000000000e+03
9.910000000000000000e+02 1.640000000000000000e+03
1.120000000000000000e+03 1.036000000000000000e+03
1.257000000000000000e+03 1.054000000000000000e+03
1.191000000000000000e+03 1.057000000000000000e+03
1.032000000000000000e+03 1.246000000000000000e+03
9.050000000000000000e+02 1.430000000000000000e+03
9.000000000000000000e+02 1.456000000000000000e+03
9.490000000000000000e+02 1.438000000000000000e+03
9.780000000000000000e+02 1.446000000000000000e+03
9.360000000000000000e+02 1.456000000000000000e+03
9.640000000000000000e+02 1.457000000000000000e+03
1.024000000000000000e+03 1.494000000000000000e+03
8.800000000000000000e+02 1.305000000000000000e+03
8.830000000000000000e+02 1.265000000000000000e+03
1.174000000000000000e+03 9.800000000000000000e+02
9.550000000000000000e+02 1.144000000000000000e+03
9.710000000000000000e+02 1.278000000000000000e+03
9.720000000000000000e+02 1.254000000000000000e+03
1.138000000000000000e+03 1.235000000000000000e+03
8.800000000000000000e+02 1.211000000000000000e+03
1.090000000000000000e+03 9.450000000000000000e+02
1.141000000000000000e+03 9.560000000000000000e+02
1.210000000000000000e+03 8.150000000000000000e+02
9.260000000000000000e+02 9.750000000000000000e+02
9.830000000000000000e+02 9.990000000000000000e+02
1.052000000000000000e+03 1.453000000000000000e+03
1.219000000000000000e+03 1.424000000000000000e+03
9.440000000000000000e+02 1.302000000000000000e+03
9.140000000000000000e+02 1.315000000000000000e+03
1.017000000000000000e+03 1.461000000000000000e+03
1.007000000000000000e+03 1.461000000000000000e+03
1.161000000000000000e+03 9.340000000000000000e+02
9.740000000000000000e+02 1.292000000000000000e+03
1.020000000000000000e+03 9.490000000000000000e+02
1.027000000000000000e+03 9.210000000000000000e+02
1.061000000000000000e+03 7.280000000000000000e+02
1.181000000000000000e+03 8.690000000000000000e+02
1.034000000000000000e+03 8.180000000000000000e+02
1.196000000000000000e+03 9.630000000000000000e+02
1.219000000000000000e+03 9.200000000000000000e+02
9.040000000000000000e+02 1.445000000000000000e+03
9.430000000000000000e+02 1.448000000000000000e+03
9.720000000000000000e+02 1.452000000000000000e+03
9.360000000000000000e+02 1.308000000000000000e+03
1.012000000000000000e+03 1.461000000000000000e+03
9.940000000000000000e+02 1.472000000000000000e+03
1.003000000000000000e+03 1.462000000000000000e+03
9.240000000000000000e+02 1.296000000000000000e+03
9.570000000000000000e+02 1.461000000000000000e+03
9.300000000000000000e+02 1.461000000000000000e+03
8.970000000000000000e+02 1.463000000000000000e+03
9.040000000000000000e+02 1.582000000000000000e+03
9.070000000000000000e+02 1.530000000000000000e+03
9.050000000000000000e+02 1.509000000000000000e+03
9.010000000000000000e+02 1.490000000000000000e+03
8.960000000000000000e+02 1.476000000000000000e+03
9.570000000000000000e+02 1.468000000000000000e+03
9.650000000000000000e+02 1.474000000000000000e+03
9.730000000000000000e+02 1.484000000000000000e+03
9.800000000000000000e+02 1.495000000000000000e+03
1.009000000000000000e+03 1.392000000000000000e+03
1.258000000000000000e+03 1.223000000000000000e+03
9.770000000000000000e+02 1.465000000000000000e+03
9.860000000000000000e+02 1.468000000000000000e+03
9.010000000000000000e+02 1.331000000000000000e+03
9.610000000000000000e+02 1.314000000000000000e+03
9.070000000000000000e+02 1.323000000000000000e+03
9.930000000000000000e+02 1.166000000000000000e+03
1.053000000000000000e+03 1.192000000000000000e+03
9.800000000000000000e+02 1.269000000000000000e+03
1.152000000000000000e+03 7.630000000000000000e+02
1.122000000000000000e+03 8.340000000000000000e+02
1.103000000000000000e+03 9.180000000000000000e+02
9.920000000000000000e+02 1.528000000000000000e+03
9.390000000000000000e+02 9.300000000000000000e+02
9.450000000000000000e+02 8.130000000000000000e+02
9.620000000000000000e+02 7.110000000000000000e+02
1.102000000000000000e+03 1.073000000000000000e+03
1.186000000000000000e+03 1.107000000000000000e+03
9.550000000000000000e+02 1.064000000000000000e+03
1.158000000000000000e+03 1.017000000000000000e+03
9.290000000000000000e+02 1.121000000000000000e+03
9.460000000000000000e+02 1.269000000000000000e+03
1.225000000000000000e+03 1.132000000000000000e+03
1.159000000000000000e+03 1.133000000000000000e+03
1.112000000000000000e+03 1.148000000000000000e+03
1.042000000000000000e+03 1.143000000000000000e+03
9.910000000000000000e+02 1.128000000000000000e+03
9.550000000000000000e+02 1.113000000000000000e+03
8.800000000000000000e+02 1.074000000000000000e+03
1.219000000000000000e+03 1.215000000000000000e+03
1.185000000000000000e+03 1.014000000000000000e+03
8.680000000000000000e+02 1.323000000000000000e+03
9.550000000000000000e+02 1.187000000000000000e+03
1.268000000000000000e+03 1.043000000000000000e+03
9.270000000000000000e+02 1.095000000000000000e+03
9.820000000000000000e+02 1.268000000000000000e+03
1.135000000000000000e+03 1.039000000000000000e+03
9.470000000000000000e+02 1.240000000000000000e+03
1.244000000000000000e+03 1.320000000000000000e+03
9.560000000000000000e+02 1.051000000000000000e+03
9.130000000000000000e+02 1.222000000000000000e+03
1.144000000000000000e+03 1.531000000000000000e+03
1.141000000000000000e+03 1.573000000000000000e+03
1.251000000000000000e+03 1.222000000000000000e+03
1.186000000000000000e+03 1.472000000000000000e+03
1.239000000000000000e+03 9.800000000000000000e+02
1.000000000000000000e+03 1.683000000000000000e+03
8.640000000000000000e+02 1.329000000000000000e+03
9.890000000000000000e+02 1.214000000000000000e+03
1.222000000000000000e+03 1.062000000000000000e+03
1.071000000000000000e+03 1.059000000000000000e+03
1.041000000000000000e+03 1.061000000000000000e+03
1.001000000000000000e+03 1.477000000000000000e+03
1.213000000000000000e+03 1.296000000000000000e+03
9.340000000000000000e+02 1.740000000000000000e+03
1.044000000000000000e+03 1.677000000000000000e+03
1.090000000000000000e+03 1.634000000000000000e+03
1.011000000000000000e+03 1.059000000000000000e+03
9.840000000000000000e+02 1.055000000000000000e+03
9.650000000000000000e+02 1.054000000000000000e+03
1.211000000000000000e+03 1.005000000000000000e+03
9.900000000000000000e+02 1.021000000000000000e+03
1.021000000000000000e+03 1.008000000000000000e+03
1.054000000000000000e+03 1.005000000000000000e+03
1.085000000000000000e+03 1.011000000000000000e+03
1.103000000000000000e+03 1.022000000000000000e+03
1.261000000000000000e+03 9.520000000000000000e+02
1.092000000000000000e+03 1.054000000000000000e+03
9.740000000000000000e+02 1.373000000000000000e+03
9.440000000000000000e+02 1.297000000000000000e+03
9.030000000000000000e+02 1.367000000000000000e+03
1.098000000000000000e+03 1.590000000000000000e+03
1.051000000000000000e+03 1.637000000000000000e+03
9.350000000000000000e+02 1.713000000000000000e+03
1.183000000000000000e+03 1.508000000000000000e+03
9.670000000000000000e+02 1.040000000000000000e+03
9.050000000000000000e+02 1.139000000000000000e+03
9.940000000000000000e+02 1.715000000000000000e+03
1.239000000000000000e+03 1.311000000000000000e+03
9.290000000000000000e+02 1.471000000000000000e+03
9.370000000000000000e+02 1.482000000000000000e+03
9.430000000000000000e+02 1.497000000000000000e+03
9.480000000000000000e+02 1.515000000000000000e+03
9.540000000000000000e+02 1.559000000000000000e+03
9.870000000000000000e+02 1.459000000000000000e+03
9.940000000000000000e+02 1.457000000000000000e+03
1.000000000000000000e+03 1.454000000000000000e+03
1.038000000000000000e+03 1.419000000000000000e+03
1.167000000000000000e+03 1.320000000000000000e+03
9.040000000000000000e+02 1.095000000000000000e+03
9.280000000000000000e+02 1.026000000000000000e+03
9.520000000000000000e+02 1.029000000000000000e+03
9.790000000000000000e+02 1.462000000000000000e+03
1.173000000000000000e+03 1.416000000000000000e+03
8.920000000000000000e+02 1.027000000000000000e+03
9.730000000000000000e+02 1.597000000000000000e+03
8.790000000000000000e+02 1.120000000000000000e+03
9.330000000000000000e+02 1.202000000000000000e+03
9.150000000000000000e+02 1.624000000000000000e+03
1.056000000000000000e+03 1.511000000000000000e+03
1.011000000000000000e+03 1.299000000000000000e+03
1.018000000000000000e+03 1.559000000000000000e+03
1.090000000000000000e+03 1.291000000000000000e+03
1.043000000000000000e+03 1.339000000000000000e+03
1.122000000000000000e+03 1.354000000000000000e+03
9.280000000000000000e+02 1.673000000000000000e+03
9.570000000000000000e+02 1.220000000000000000e+03
1.087000000000000000e+03 1.543000000000000000e+03
1.040000000000000000e+03 1.595000000000000000e+03
1.085000000000000000e+03 1.458000000000000000e+03
1.204000000000000000e+03 1.365000000000000000e+03
1.129000000000000000e+03 1.463000000000000000e+03
1.220000000000000000e+03 1.394000000000000000e+03
1.073000000000000000e+03 1.387000000000000000e+03
9.290000000000000000e+02 1.162000000000000000e+03
9.350000000000000000e+02 1.289000000000000000e+03
9.600000000000000000e+02 1.293000000000000000e+03
9.170000000000000000e+02 1.266000000000000000e+03
9.570000000000000000e+02 9.950000000000000000e+02
1.019000000000000000e+03 9.720000000000000000e+02
1.073000000000000000e+03 9.680000000000000000e+02
1.117000000000000000e+03 9.760000000000000000e+02
1.145000000000000000e+03 9.920000000000000000e+02
1.159000000000000000e+03 1.049000000000000000e+03
1.259000000000000000e+03 1.137000000000000000e+03
1.127000000000000000e+03 1.098000000000000000e+03
1.089000000000000000e+03 1.110000000000000000e+03
1.041000000000000000e+03 1.109000000000000000e+03
9.960000000000000000e+02 1.101000000000000000e+03
9.620000000000000000e+02 1.091000000000000000e+03
9.390000000000000000e+02 1.080000000000000000e+03
1.265000000000000000e+03 1.132000000000000000e+03
9.600000000000000000e+02 1.301000000000000000e+03
9.060000000000000000e+02 1.179000000000000000e+03
9.070000000000000000e+02 1.296000000000000000e+03
8.880000000000000000e+02 1.314000000000000000e+03
9.080000000000000000e+02 1.301000000000000000e+03
9.500000000000000000e+02 1.311000000000000000e+03
8.800000000000000000e+02 1.319000000000000000e+03
8.770000000000000000e+02 1.325000000000000000e+03
9.430000000000000000e+02 1.053000000000000000e+03
9.210000000000000000e+02 1.062000000000000000e+03
9.070000000000000000e+02 1.069000000000000000e+03
1.112000000000000000e+03 1.029000000000000000e+03
1.138000000000000000e+03 1.017000000000000000e+03
6.440000000000000000e+02 1.023000000000000000e+03
6.840000000000000000e+02 1.021000000000000000e+03
6.430000000000000000e+02 9.890000000000000000e+02
6.030000000000000000e+02 1.024000000000000000e+03
6.440000000000000000e+02 1.057000000000000000e+03
1.042000000000000000e+03 1.032000000000000000e+03
1.081000000000000000e+03 1.032000000000000000e+03
1.042000000000000000e+03 1.000000000000000000e+03
1.002000000000000000e+03 1.032000000000000000e+03
1.042000000000000000e+03 1.064000000000000000e+03
0.000000000000000000e+00 0.000000000000000000e+00
1.749000000000000000e+03 0.000000000000000000e+00
1.749000000000000000e+03 2.187000000000000000e+03
0.000000000000000000e+00 2.187000000000000000e+03
8.700000000000000000e+01 0.000000000000000000e+00
8.700000000000000000e+01 2.187000000000000000e+03
0.000000000000000000e+00 1.090000000000000000e+02
1.749000000000000000e+03 1.090000000000000000e+02
1.750000000000000000e+02 0.000000000000000000e+00
1.750000000000000000e+02 2.187000000000000000e+03
0.000000000000000000e+00 2.180000000000000000e+02
1.749000000000000000e+03 2.180000000000000000e+02
2.620000000000000000e+02 0.000000000000000000e+00
2.620000000000000000e+02 2.187000000000000000e+03
0.000000000000000000e+00 3.280000000000000000e+02
1.749000000000000000e+03 3.280000000000000000e+02
3.500000000000000000e+02 0.000000000000000000e+00
3.500000000000000000e+02 2.187000000000000000e+03
0.000000000000000000e+00 4.370000000000000000e+02
1.749000000000000000e+03 4.370000000000000000e+02
4.370000000000000000e+02 0.000000000000000000e+00
4.370000000000000000e+02 2.187000000000000000e+03
0.000000000000000000e+00 5.470000000000000000e+02
1.749000000000000000e+03 5.470000000000000000e+02
5.250000000000000000e+02 0.000000000000000000e+00
5.250000000000000000e+02 2.187000000000000000e+03
0.000000000000000000e+00 6.560000000000000000e+02
1.749000000000000000e+03 6.560000000000000000e+02
6.120000000000000000e+02 0.000000000000000000e+00
6.120000000000000000e+02 2.187000000000000000e+03
0.000000000000000000e+00 7.650000000000000000e+02
1.749000000000000000e+03 7.650000000000000000e+02
7.000000000000000000e+02 0.000000000000000000e+00
7.000000000000000000e+02 2.187000000000000000e+03
0.000000000000000000e+00 8.750000000000000000e+02
1.749000000000000000e+03 8.750000000000000000e+02
7.870000000000000000e+02 0.000000000000000000e+00
7.870000000000000000e+02 2.187000000000000000e+03
0.000000000000000000e+00 9.840000000000000000e+02
1.749000000000000000e+03 9.840000000000000000e+02
8.750000000000000000e+02 0.000000000000000000e+00
8.750000000000000000e+02 2.187000000000000000e+03
0.000000000000000000e+00 1.094000000000000000e+03
1.749000000000000000e+03 1.094000000000000000e+03
9.620000000000000000e+02 0.000000000000000000e+00
9.620000000000000000e+02 2.187000000000000000e+03
0.000000000000000000e+00 1.203000000000000000e+03
1.749000000000000000e+03 1.203000000000000000e+03
1.050000000000000000e+03 0.000000000000000000e+00
1.050000000000000000e+03 2.187000000000000000e+03
0.000000000000000000e+00 1.312000000000000000e+03
1.749000000000000000e+03 1.312000000000000000e+03
1.137000000000000000e+03 0.000000000000000000e+00
1.137000000000000000e+03 2.187000000000000000e+03
0.000000000000000000e+00 1.422000000000000000e+03
1.749000000000000000e+03 1.422000000000000000e+03
1.225000000000000000e+03 0.000000000000000000e+00
1.225000000000000000e+03 2.187000000000000000e+03
0.000000000000000000e+00 1.531000000000000000e+03
1.749000000000000000e+03 1.531000000000000000e+03
1.312000000000000000e+03 0.000000000000000000e+00
1.312000000000000000e+03 2.187000000000000000e+03
0.000000000000000000e+00 1.641000000000000000e+03
1.749000000000000000e+03 1.641000000000000000e+03
1.400000000000000000e+03 0.000000000000000000e+00
1.400000000000000000e+03 2.187000000000000000e+03
0.000000000000000000e+00 1.750000000000000000e+03
1.749000000000000000e+03 1.750000000000000000e+03
1.487000000000000000e+03 0.000000000000000000e+00
1.487000000000000000e+03 2.187000000000000000e+03
0.000000000000000000e+00 1.859000000000000000e+03
1.749000000000000000e+03 1.859000000000000000e+03
1.575000000000000000e+03 0.000000000000000000e+00
1.575000000000000000e+03 2.187000000000000000e+03
0.000000000000000000e+00 1.969000000000000000e+03
1.749000000000000000e+03 1.969000000000000000e+03
1.662000000000000000e+03 0.000000000000000000e+00
1.662000000000000000e+03 2.187000000000000000e+03
0.000000000000000000e+00 2.078000000000000000e+03
1.749000000000000000e+03 2.078000000000000000e+03
